2 0.145281 0.630789 0.115687 0.142797
0 0.829398 0.332273 0.032047 0.118078
0 0.899070 0.530859 0.067766 0.126094
0 0.691227 0.640625 0.091016 0.054375
0 0.743297 0.613195 0.043375 0.063203
1 0.704367 0.569766 0.054453 0.085438
1 0.628516 0.586180 0.084062 0.071422
0 0.442688 0.435547 0.038750 0.039531
0 0.416750 0.432586 0.059094 0.063422
1 0.117961 0.600187 0.059109 0.080094
0 0.227984 0.742703 0.079844 0.121781
1 0.180164 0.646563 0.068141 0.084719
0 0.981953 0.525766 0.036094 0.089406
1 0.932625 0.445516 0.042687 0.066531
0 0.875172 0.438750 0.061313 0.119500
1 0.938719 0.354125 0.044063 0.061094
1 0.900344 0.293922 0.042094 0.061438
1 0.885422 0.248211 0.033969 0.060047
0 0.948742 0.522047 0.027984 0.075844
1 0.411148 0.373734 0.049859 0.056875
0 0.631031 0.226680 0.034687 0.035484
0 0.657438 0.236437 0.018125 0.041562
1 0.649836 0.208797 0.022672 0.025625
2 0.640242 0.226500 0.053141 0.061687
2 0.857961 0.304867 0.089078 0.173453
2 0.877258 0.320445 0.088266 0.114484
2 0.882836 0.394906 0.156141 0.142687
2 0.981711 0.526125 0.036578 0.089531
2 0.914102 0.488992 0.097828 0.153422
2 0.704813 0.596813 0.119469 0.141656
2 0.610437 0.637562 0.121094 0.174500
2 0.400586 0.404594 0.073703 0.118688
2 0.203211 0.703297 0.130234 0.199437
