1 0.348984 0.268711 0.038906 0.062266
0 0.200641 0.475391 0.070594 0.109219
0 0.344289 0.399469 0.027172 0.138062
1 0.289109 0.248383 0.033031 0.053172
0 0.290570 0.311781 0.042359 0.056312
0 0.466688 0.247969 0.047875 0.052875
0 0.451359 0.246297 0.017531 0.060344
1 0.463312 0.194531 0.020156 0.037500
0 0.655805 0.311078 0.048047 0.077562
1 0.583461 0.346828 0.027672 0.035937
0 0.541438 0.417594 0.057187 0.062625
0 0.569852 0.701625 0.100547 0.078094
0 0.559234 0.647656 0.072500 0.036406
1 0.504227 0.606641 0.079078 0.077187
1 0.862484 0.579734 0.063063 0.080344
0 0.831430 0.680516 0.133547 0.087094
0 0.048164 0.339820 0.031641 0.104109
2 0.032313 0.323219 0.064625 0.140094
2 0.021875 0.396086 0.043750 0.164391
1 0.190023 0.342852 0.051203 0.066484
1 0.650891 0.240602 0.031188 0.044328
2 0.843289 0.631469 0.111172 0.185187
2 0.501125 0.681195 0.129656 0.225641
2 0.572813 0.388789 0.049562 0.120641
2 0.652133 0.298891 0.055578 0.160969
2 0.466742 0.237023 0.048609 0.122203
2 0.339602 0.347797 0.057078 0.220594
2 0.288719 0.308742 0.049437 0.174359
2 0.197742 0.416258 0.076141 0.213734
