0 0.710820 0.259398 0.022109 0.076297
1 0.043609 0.157984 0.012531 0.049000
2 0.802742 0.377570 0.103516 0.206047
2 0.638453 0.316820 0.048094 0.183547
0 0.568367 0.180047 0.010672 0.044906
2 0.174977 0.636937 0.081703 0.203375
2 0.279188 0.669469 0.113687 0.231562
0 0.321609 0.700734 0.028531 0.069500
2 0.823313 0.311008 0.087188 0.155484
1 0.840789 0.260813 0.034328 0.053750
0 0.788234 0.320125 0.017188 0.041219
0 0.856734 0.354531 0.019906 0.068187
1 0.824234 0.300672 0.036688 0.052625
0 0.841078 0.410328 0.027781 0.098562
0 0.763836 0.394141 0.026328 0.093531
2 0.690188 0.298945 0.062906 0.150797
1 0.636016 0.253320 0.041500 0.056609
0 0.182508 0.720422 0.073703 0.141906
2 0.548367 0.167031 0.050172 0.130938
1 0.284484 0.593953 0.061875 0.078937
1 0.175047 0.574898 0.058625 0.078578
0 0.190930 0.553297 0.050078 0.056438
1 0.551508 0.119141 0.020016 0.035000
0 0.529984 0.189555 0.013000 0.069422
0 0.076164 0.239531 0.026672 0.114812
1 0.142039 0.141328 0.030672 0.054625
2 0.144141 0.183164 0.034625 0.138484
2 0.062859 0.215336 0.051187 0.164453
0 0.623633 0.364094 0.044484 0.108781
1 0.689438 0.247844 0.027781 0.048469
