0 0.735367 0.495281 0.036859 0.163000
0 0.799086 0.495531 0.022016 0.132156
0 0.839969 0.352359 0.045219 0.132313
0 0.926570 0.313602 0.032234 0.079078
1 0.921242 0.284211 0.046234 0.057953
1 0.910750 0.425477 0.068750 0.064453
1 0.787867 0.372602 0.046359 0.072391
1 0.198531 0.588992 0.058937 0.080141
2 0.885805 0.501766 0.126266 0.219187
2 0.766313 0.436312 0.100094 0.202375
2 0.883719 0.337203 0.123188 0.165281
2 0.178805 0.642062 0.092328 0.186969
2 0.272875 0.652516 0.112062 0.209031
1 0.280086 0.592539 0.049234 0.087641
0 0.923648 0.575875 0.035734 0.154813
0 0.833289 0.526633 0.042484 0.134016
0 0.316172 0.700711 0.026594 0.090391
0 0.180555 0.720672 0.069766 0.143031
0 0.217125 0.618719 0.032969 0.058125
