1 0.378812 0.329656 0.035000 0.043281
0 0.408531 0.371070 0.015281 0.046578
0 0.383813 0.391633 0.050750 0.056422
0 0.563391 0.694867 0.121281 0.066141
1 0.477063 0.617523 0.070250 0.063484
1 0.866672 0.555805 0.057125 0.070703
0 0.839344 0.656187 0.124906 0.070125
2 0.508219 0.247711 0.064719 0.057703
1 0.528445 0.234453 0.023609 0.031563
0 0.497039 0.261766 0.030141 0.028437
2 0.188805 0.314391 0.086391 0.061719
2 0.385562 0.364602 0.062531 0.113078
2 0.487070 0.687609 0.124516 0.203000
2 0.840422 0.605937 0.129250 0.171750
0 0.800141 0.607938 0.048438 0.075750
0 0.178195 0.347070 0.019891 0.068891
0 0.203234 0.344727 0.030187 0.039234
1 0.158914 0.308609 0.026391 0.032281
