2 0.505398 0.208750 0.057766 0.119250
2 0.167914 0.334781 0.057391 0.109656
0 0.529477 0.319180 0.025391 0.049984
2 0.551625 0.300344 0.069687 0.101813
0 0.552102 0.325773 0.049109 0.050359
0 0.658445 0.391922 0.008453 0.040625
2 0.694688 0.377594 0.080187 0.178000
2 0.226039 0.407172 0.073109 0.137531
0 0.858289 0.475336 0.111078 0.066203
0 0.814617 0.467336 0.068859 0.093828
1 0.880461 0.401656 0.052672 0.069531
2 0.847188 0.470992 0.133875 0.208859
0 0.446523 0.742008 0.046141 0.086797
1 0.378531 0.663875 0.070125 0.079438
2 0.406859 0.714000 0.126312 0.178875
0 0.178492 0.364391 0.036109 0.049063
0 0.254680 0.442563 0.068609 0.066719
1 0.489414 0.170156 0.022047 0.040938
0 0.486281 0.233438 0.020469 0.062188
0 0.525031 0.226328 0.018906 0.067969
1 0.686820 0.313359 0.047047 0.049063
0 0.729008 0.357703 0.077922 0.070406
1 0.544687 0.272289 0.028281 0.044984
2 0.532898 0.361164 0.062703 0.103578
1 0.550344 0.331016 0.028437 0.042656
0 0.518766 0.356016 0.034031 0.072656
1 0.212094 0.363094 0.039219 0.049219
1 0.157406 0.303516 0.035625 0.047813
