0 0.375305 0.367805 0.013484 0.059922
1 0.400188 0.282781 0.039562 0.056000
0 0.353547 0.328555 0.030313 0.062922
0 0.041461 0.407680 0.041016 0.116359
2 0.036148 0.407680 0.072297 0.146172
2 0.366547 0.293789 0.021188 0.073359
2 0.410172 0.351953 0.084031 0.194531
2 0.467969 0.239359 0.050125 0.124406
2 0.876102 0.485367 0.160109 0.200828
1 0.876172 0.419852 0.053063 0.071672
0 0.813328 0.486766 0.032844 0.085687
0 0.916547 0.512266 0.078313 0.101375
2 0.445047 0.679805 0.087594 0.242891
1 0.439641 0.590930 0.074281 0.066328
0 0.463063 0.725508 0.048094 0.125984
2 0.330648 0.325031 0.078984 0.165281
1 0.367102 0.276891 0.014672 0.038969
1 0.351266 0.266539 0.037781 0.047672
2 0.651062 0.323719 0.048188 0.176656
2 0.605133 0.255445 0.048297 0.160297
1 0.461273 0.195453 0.019641 0.036437
1 0.600430 0.199281 0.027484 0.048937
1 0.647773 0.260391 0.029953 0.048375
0 0.450195 0.253570 0.013359 0.068016
0 0.469109 0.249437 0.043938 0.052844
0 0.568109 0.271430 0.040031 0.077766
0 0.608922 0.285047 0.040906 0.100375
0 0.639398 0.341805 0.025047 0.055922
2 0.565742 0.385445 0.055953 0.098641
1 0.579180 0.355859 0.028484 0.039656
0 0.541352 0.403555 0.041172 0.053516
0 0.547906 0.379750 0.021406 0.024688
0 0.434258 0.404508 0.035078 0.123453
