1 0.526820 0.599500 0.056578 0.075000
1 0.407914 0.332062 0.030766 0.053000
0 0.435273 0.378742 0.026172 0.044453
0 0.406328 0.398156 0.062344 0.038750
0 0.554609 0.282516 0.033281 0.023125
0 0.593836 0.292961 0.019891 0.094078
1 0.576633 0.216117 0.027641 0.041516
2 0.583117 0.267414 0.040672 0.144328
0 0.566977 0.640773 0.071578 0.036391
0 0.596898 0.701477 0.136453 0.069859
2 0.523133 0.662531 0.113734 0.200969
1 0.838516 0.577195 0.058031 0.070016
0 0.813492 0.671945 0.130109 0.073297
0 0.771492 0.648602 0.060391 0.111734
2 0.813750 0.625352 0.130125 0.166172
2 0.403750 0.362641 0.071125 0.113969
