2 0.843570 0.481867 0.129859 0.205641
2 0.464125 0.678625 0.103250 0.230563
2 0.235508 0.299156 0.073359 0.168563
2 0.333570 0.328461 0.086953 0.164359
2 0.421406 0.353555 0.073125 0.191516
2 0.562695 0.384781 0.056859 0.099437
2 0.590391 0.296906 0.065437 0.107438
2 0.644305 0.322242 0.042891 0.166453
1 0.854438 0.410711 0.063594 0.062641
0 0.796578 0.481711 0.036281 0.112516
1 0.450938 0.597500 0.068125 0.067969
0 0.507859 0.721203 0.084937 0.098531
1 0.218336 0.236469 0.036422 0.043750
1 0.642680 0.261422 0.032203 0.045156
1 0.600969 0.264844 0.026000 0.043281
0 0.560805 0.312992 0.047297 0.051922
0 0.613414 0.319461 0.019016 0.036422
0 0.618625 0.326516 0.063875 0.048562
1 0.578586 0.350234 0.025484 0.030313
0 0.538438 0.404305 0.034844 0.059828
0 0.544375 0.378219 0.019219 0.020156
1 0.414305 0.284516 0.034703 0.053437
1 0.353539 0.271391 0.035172 0.051250
0 0.359094 0.332594 0.036250 0.058281
0 0.260211 0.310180 0.024891 0.084953
0 0.210797 0.329195 0.024250 0.110547
2 0.035828 0.403094 0.071656 0.157063
0 0.039266 0.407656 0.048688 0.118156
