2 0.640156 0.224383 0.053594 0.061234
1 0.650219 0.208234 0.025469 0.028906
0 0.658344 0.236125 0.017031 0.038125
0 0.630484 0.226828 0.033625 0.036250
2 0.399359 0.403859 0.070000 0.118906
2 0.117234 0.631266 0.062469 0.140969
1 0.411313 0.373031 0.046406 0.056719
0 0.441867 0.433156 0.036578 0.037344
0 0.416258 0.431687 0.058578 0.062906
2 0.913922 0.489992 0.095125 0.156578
2 0.882234 0.392445 0.154688 0.135297
2 0.876938 0.320078 0.088844 0.112344
2 0.857422 0.304633 0.092156 0.170891
0 0.827875 0.333039 0.031188 0.114422
1 0.886320 0.247039 0.033922 0.054922
1 0.900758 0.294359 0.039703 0.061094
1 0.938555 0.354797 0.041109 0.059844
0 0.878937 0.437141 0.062000 0.114469
1 0.932063 0.444352 0.043938 0.063828
0 0.897914 0.530094 0.063016 0.133875
0 0.946383 0.531687 0.030578 0.088062
2 0.982195 0.525742 0.035609 0.089047
0 0.982320 0.525563 0.035359 0.088969
2 0.703961 0.598078 0.124016 0.143937
2 0.612125 0.638180 0.123719 0.173953
0 0.686312 0.629430 0.086000 0.082078
0 0.737641 0.612469 0.054188 0.062750
1 0.701469 0.568641 0.056062 0.084781
1 0.634594 0.586906 0.070219 0.071875
2 0.203867 0.705383 0.130547 0.204234
0 0.227523 0.744023 0.081609 0.125516
1 0.181219 0.646141 0.070031 0.083719
1 0.119539 0.601516 0.055859 0.080125
