0 0.837320 0.328445 0.038016 0.130516
1 0.225773 0.365133 0.050859 0.070984
0 0.266477 0.476469 0.033422 0.093906
0 0.193516 0.462430 0.026406 0.054203
1 0.439391 0.442313 0.059219 0.086000
0 0.402344 0.640672 0.043187 0.203437
0 0.463617 0.591695 0.023641 0.068172
1 0.572336 0.124063 0.021109 0.038281
0 0.547594 0.205391 0.016937 0.084531
1 0.595273 0.388211 0.033922 0.052328
0 0.565625 0.461086 0.076219 0.058453
0 0.551930 0.443078 0.055016 0.040094
1 0.838813 0.237016 0.035500 0.055344
0 0.785547 0.311945 0.038031 0.126297
2 0.599969 0.425187 0.069687 0.130562
2 0.229687 0.429195 0.098500 0.199109
2 0.812187 0.292281 0.089781 0.165750
2 0.562227 0.170391 0.046109 0.130781
2 0.425687 0.552664 0.087813 0.308422
