1 0.369313 0.131125 0.024844 0.042344
2 0.202148 0.378758 0.081578 0.123422
0 0.202281 0.407445 0.082000 0.066672
0 0.383992 0.211789 0.021422 0.095234
0 0.239914 0.381227 0.027641 0.057734
0 0.531789 0.267844 0.015016 0.071250
0 0.559648 0.267750 0.029516 0.071750
1 0.589797 0.251500 0.037281 0.053938
1 0.549672 0.191102 0.026594 0.043766
2 0.377602 0.179148 0.042359 0.137953
2 0.326414 0.417133 0.111891 0.239672
2 0.593227 0.315531 0.074922 0.182625
1 0.203281 0.343313 0.035813 0.052406
1 0.320828 0.338453 0.046219 0.080594
0 0.273195 0.480687 0.030016 0.170188
0 0.363852 0.460781 0.038547 0.131906
2 0.549477 0.236516 0.051047 0.134969
0 0.610125 0.348602 0.039875 0.092234
0 0.561813 0.343086 0.010500 0.067891
