1 0.557055 0.230953 0.031422 0.041563
2 0.860156 0.348859 0.131563 0.175812
2 0.450578 0.248352 0.054562 0.136734
2 0.725594 0.288305 0.077313 0.168984
2 0.653461 0.244617 0.065766 0.160453
2 0.489539 0.208445 0.031141 0.107891
2 0.552813 0.274391 0.058437 0.132000
0 0.635719 0.271898 0.028562 0.079359
0 0.713289 0.337398 0.025953 0.126359
0 0.822625 0.363922 0.064312 0.116531
0 0.904430 0.404953 0.037453 0.124094
1 0.897602 0.287758 0.048078 0.052078
1 0.747898 0.233266 0.032047 0.058281
1 0.671805 0.191930 0.028266 0.053953
0 0.442109 0.296461 0.037750 0.103828
0 0.497016 0.238641 0.039406 0.048438
0 0.528711 0.294680 0.032422 0.060922
1 0.455742 0.202656 0.028297 0.044531
1 0.489297 0.176859 0.026562 0.042813
