1 0.597523 0.266172 0.025797 0.041406
2 0.324000 0.325406 0.064000 0.161594
1 0.343164 0.264398 0.025672 0.039234
2 0.592438 0.299289 0.064250 0.107516
2 0.691930 0.301187 0.053203 0.162250
2 0.564828 0.386813 0.057406 0.115531
2 0.413773 0.717211 0.141141 0.178391
1 0.381867 0.663578 0.077359 0.071125
0 0.439906 0.678969 0.049625 0.061281
0 0.452570 0.718812 0.064203 0.135781
2 0.879797 0.479344 0.160719 0.204094
1 0.888758 0.410562 0.050797 0.067187
0 0.818609 0.510781 0.039313 0.140000
0 0.917914 0.498508 0.084484 0.079891
1 0.697781 0.246258 0.030094 0.054203
0 0.557445 0.315859 0.041922 0.044500
0 0.608938 0.326195 0.030563 0.055078
0 0.667422 0.326641 0.018063 0.032187
0 0.690039 0.312906 0.047797 0.058031
0 0.539016 0.415461 0.059031 0.057828
1 0.579211 0.352523 0.028891 0.046766
1 0.359484 0.273187 0.030625 0.049844
0 0.314836 0.351070 0.034641 0.080047
0 0.390914 0.344031 0.034016 0.062094
2 0.023797 0.412773 0.047594 0.137578
0 0.030727 0.404328 0.033734 0.089969
1 0.159367 0.298687 0.039859 0.043281
2 0.170148 0.333109 0.060984 0.111594
0 0.203383 0.362039 0.069859 0.052922
2 0.353453 0.339836 0.111063 0.182203
