1 0.859570 0.594422 0.062203 0.077750
1 0.170852 0.311414 0.047922 0.059297
0 0.202531 0.427586 0.054688 0.122328
0 0.277508 0.341531 0.048328 0.085406
0 0.364516 0.348148 0.020500 0.056641
1 0.315148 0.276172 0.033922 0.054688
1 0.282047 0.249344 0.035312 0.049375
1 0.318047 0.193938 0.029219 0.047188
1 0.464727 0.194078 0.025953 0.037656
0 0.469344 0.248062 0.042781 0.054281
0 0.652320 0.295602 0.033984 0.063734
1 0.580773 0.345156 0.030641 0.038281
0 0.558969 0.647359 0.066250 0.036688
0 0.567016 0.722844 0.119062 0.085094
1 0.508227 0.602219 0.069078 0.068875
2 0.632234 0.280047 0.073469 0.129688
2 0.276320 0.312836 0.038047 0.176391
2 0.184594 0.385328 0.076437 0.207750
2 0.314031 0.363375 0.121625 0.230125
2 0.324570 0.242617 0.050547 0.145078
2 0.469344 0.233383 0.043531 0.116328
1 0.615039 0.238219 0.025484 0.045625
2 0.570367 0.382648 0.051766 0.113359
0 0.545555 0.410281 0.030328 0.057563
2 0.500961 0.676023 0.127422 0.215891
2 0.840102 0.639492 0.102266 0.169141
0 0.858570 0.671539 0.061109 0.105016
