1 0.004805 0.304828 0.009609 0.041156
1 0.577727 0.352352 0.030859 0.043984
0 0.538695 0.418289 0.060016 0.061922
2 0.564273 0.387336 0.057359 0.113828
0 0.627156 0.303031 0.040563 0.064281
1 0.631437 0.235031 0.031250 0.043750
0 0.495109 0.240656 0.032875 0.051000
1 0.509273 0.191711 0.035203 0.039078
2 0.504469 0.233484 0.052594 0.122406
2 0.626625 0.284352 0.042000 0.142422
2 0.420555 0.323594 0.059516 0.210750
2 0.039023 0.382563 0.078047 0.196781
0 0.559320 0.684461 0.078891 0.096016
0 0.549883 0.646273 0.044547 0.029703
2 0.498656 0.668266 0.115625 0.248719
1 0.506055 0.581117 0.044797 0.074547
0 0.829813 0.632141 0.053469 0.058031
0 0.801078 0.619414 0.027500 0.039828
1 0.849227 0.543766 0.060297 0.069344
2 0.337062 0.328406 0.082406 0.168688
2 0.364930 0.289883 0.025797 0.083328
2 0.843867 0.600352 0.084141 0.181484
2 0.294070 0.419719 0.071266 0.220469
0 0.300844 0.474000 0.052813 0.105906
1 0.413344 0.244406 0.031813 0.052250
0 0.438156 0.368633 0.032500 0.132734
0 0.359672 0.330203 0.036344 0.059469
1 0.367859 0.271461 0.015437 0.045891
1 0.346453 0.266328 0.030750 0.045375
1 0.288312 0.340133 0.051812 0.062234
0 0.053539 0.400289 0.048078 0.097859
