1 0.207258 0.364375 0.036422 0.048906
0 0.108625 0.348391 0.031937 0.048844
1 0.065680 0.319070 0.056172 0.062172
2 0.676969 0.329750 0.080813 0.212062
2 0.169445 0.332961 0.059359 0.109766
1 0.583062 0.353250 0.029375 0.037500
2 0.211344 0.419320 0.047000 0.158547
2 0.084047 0.411148 0.094531 0.246453
2 0.308203 0.264492 0.059875 0.148922
0 0.080711 0.469180 0.067234 0.165703
2 0.738289 0.466539 0.072109 0.212547
1 0.743906 0.393656 0.052469 0.066188
2 0.509453 0.665930 0.138063 0.234047
0 0.546477 0.677648 0.065234 0.095547
0 0.540336 0.628313 0.021578 0.024687
1 0.518813 0.589086 0.069937 0.080266
1 0.676336 0.254461 0.033484 0.061922
0 0.701297 0.477406 0.025156 0.034219
0 0.742508 0.460203 0.062234 0.084594
0 0.706039 0.365953 0.022859 0.130125
0 0.632891 0.322836 0.054031 0.077391
2 0.569227 0.390250 0.057484 0.111500
1 0.655227 0.236297 0.030484 0.040625
0 0.538250 0.417227 0.059000 0.057141
0 0.555484 0.388188 0.020156 0.016875
0 0.300219 0.296836 0.044406 0.094141
0 0.323766 0.269844 0.028437 0.061719
1 0.314906 0.215578 0.030156 0.051656
2 0.653797 0.288719 0.033719 0.145188
0 0.292828 0.464320 0.045688 0.151359
0 0.169531 0.357289 0.057875 0.061109
1 0.160250 0.297703 0.040938 0.039219
1 0.248500 0.326805 0.041656 0.062922
