0 0.965289 0.586195 0.069422 0.061453
1 0.639492 0.196297 0.037516 0.046250
1 0.661531 0.183250 0.018437 0.035781
0 0.650531 0.280391 0.018625 0.090781
2 0.636344 0.230289 0.043625 0.113516
0 0.657305 0.227969 0.024547 0.016719
2 0.657898 0.200680 0.025953 0.070922
1 0.851367 0.522773 0.059641 0.097578
0 0.897453 0.640070 0.054281 0.120797
0 0.816812 0.576352 0.043594 0.111047
0 0.944961 0.566094 0.046734 0.069219
1 0.982352 0.505344 0.035297 0.058094
2 0.975320 0.544945 0.049359 0.136984
2 0.859992 0.587000 0.129016 0.228813
0 0.873930 0.411375 0.030453 0.116625
0 0.789844 0.388703 0.035312 0.117281
0 0.775594 0.324398 0.031188 0.099328
1 0.816930 0.247648 0.033609 0.054703
1 0.853102 0.286242 0.043766 0.056266
2 0.799438 0.296727 0.078719 0.153734
2 0.827367 0.355977 0.110609 0.196484
1 0.140523 0.216328 0.015391 0.056281
2 0.128484 0.271367 0.071969 0.164141
