0 0.698625 0.550906 0.034125 0.175094
0 0.981375 0.294719 0.012312 0.098813
0 0.957070 0.311250 0.048609 0.124094
1 0.973086 0.204609 0.032203 0.048500
1 0.721289 0.263602 0.040797 0.060859
2 0.727891 0.310492 0.061719 0.158578
0 0.498719 0.362977 0.031906 0.141734
2 0.957125 0.262258 0.065125 0.167047
1 0.486164 0.250188 0.035578 0.051063
2 0.661930 0.481938 0.110172 0.245500
2 0.483070 0.310477 0.050984 0.176578
1 0.667633 0.399984 0.052516 0.079687
0 0.696703 0.345945 0.019219 0.018297
0 0.706305 0.342289 0.041984 0.067516
