2 0.536203 0.436352 0.092844 0.187609
2 0.472172 0.476211 0.110906 0.208828
2 0.152898 0.479227 0.120953 0.251234
0 0.047539 0.482563 0.095078 0.165500
2 0.046211 0.438031 0.092422 0.260000
2 0.289633 0.380742 0.091734 0.211766
0 0.534820 0.234977 0.021516 0.061328
1 0.538602 0.170484 0.028766 0.041094
2 0.542242 0.212305 0.037328 0.125391
1 0.554094 0.334164 0.030563 0.043922
0 0.565227 0.479094 0.036391 0.114813
1 0.514437 0.378961 0.048188 0.069828
1 0.482219 0.400609 0.046438 0.056687
0 0.446578 0.415969 0.058531 0.099125
2 0.173703 0.333969 0.059313 0.110031
1 0.168500 0.301422 0.032656 0.045781
0 0.190133 0.362563 0.091109 0.052687
0 0.192453 0.324805 0.020594 0.036047
1 0.298211 0.305758 0.037078 0.059422
0 0.317227 0.392453 0.034547 0.068219
0 0.109273 0.531750 0.034672 0.104937
1 0.134875 0.389617 0.054594 0.072516
1 0.017234 0.341492 0.034469 0.067391
1 0.179281 0.647055 0.062562 0.095266
0 0.295758 0.685773 0.055109 0.078734
0 0.230313 0.768555 0.093344 0.114047
2 0.234961 0.711945 0.174734 0.226422
1 0.553227 0.859820 0.077109 0.104984
0 0.620992 0.931359 0.061172 0.137281
2 0.571766 0.903383 0.159625 0.193234
0 0.600320 0.862187 0.015984 0.026875
2 0.558625 0.372195 0.041469 0.119234
