0 0.791125 0.631062 0.059125 0.107062
1 0.540188 0.199000 0.024688 0.039063
2 0.504875 0.676594 0.119594 0.225031
2 0.831633 0.612656 0.115422 0.176969
2 0.387758 0.357727 0.058641 0.130172
2 0.545219 0.234242 0.047281 0.109828
2 0.197641 0.265570 0.078406 0.111047
0 0.556977 0.254734 0.021766 0.050406
1 0.387875 0.315070 0.028563 0.044828
0 0.368164 0.373102 0.019891 0.056766
1 0.852875 0.562586 0.062000 0.076297
0 0.825008 0.662102 0.127047 0.079141
1 0.512352 0.602094 0.071328 0.073625
0 0.565125 0.636023 0.065094 0.043203
0 0.563898 0.679859 0.101078 0.092719
0 0.393781 0.363070 0.039250 0.048859
0 0.184750 0.315367 0.029781 0.096141
0 0.233555 0.276461 0.038828 0.077391
1 0.171352 0.224000 0.026109 0.028594
