2 0.666992 0.240508 0.043109 0.109578
0 0.399687 0.386828 0.019062 0.049781
2 0.365297 0.359492 0.071844 0.153516
2 0.971937 0.526438 0.056125 0.144531
2 0.293750 0.239617 0.035187 0.155141
0 0.664359 0.265992 0.034344 0.046766
0 0.958687 0.567758 0.026719 0.091672
1 0.986961 0.480656 0.026078 0.052656
1 0.675133 0.206766 0.026109 0.042188
1 0.658734 0.182656 0.021094 0.035625
0 0.572547 0.280047 0.015906 0.093719
0 0.528555 0.287844 0.025453 0.105250
1 0.552930 0.188320 0.032359 0.049609
0 0.365102 0.392234 0.070922 0.087094
1 0.373672 0.316781 0.044375 0.068625
1 0.290609 0.187844 0.029375 0.051813
2 0.081734 0.201219 0.042469 0.155469
1 0.080867 0.144750 0.018984 0.041938
2 0.548359 0.243641 0.064844 0.159906
2 0.647406 0.204750 0.043719 0.080187
