0 0.201992 0.409484 0.082609 0.065250
2 0.780406 0.557805 0.113469 0.172641
2 0.583812 0.239453 0.055594 0.159844
2 0.408414 0.781078 0.233203 0.324156
2 0.207141 0.379812 0.093031 0.126656
0 0.459352 0.906133 0.132016 0.177703
0 0.733477 0.578641 0.044766 0.129906
0 0.785469 0.604766 0.102000 0.083437
1 0.804117 0.509367 0.055109 0.074922
1 0.485578 0.679273 0.078125 0.113641
1 0.572156 0.185172 0.032031 0.051719
0 0.595313 0.280813 0.031750 0.115094
0 0.235805 0.376234 0.035641 0.069375
1 0.202453 0.343758 0.035156 0.054984
2 0.152961 0.208945 0.070516 0.156547
0 0.157914 0.249898 0.025203 0.114703
1 0.133641 0.155820 0.030938 0.049609
