1 0.196484 0.585461 0.057937 0.076984
1 0.624828 0.220172 0.039375 0.040937
1 0.279500 0.585656 0.051500 0.075437
0 0.182188 0.722289 0.073156 0.147297
0 0.317570 0.706148 0.025797 0.089328
2 0.275305 0.667508 0.112016 0.240297
2 0.180078 0.642125 0.091625 0.191844
0 0.691898 0.332133 0.042234 0.122578
0 0.640703 0.303203 0.016625 0.079531
2 0.621742 0.278562 0.060828 0.158344
2 0.688508 0.288922 0.081141 0.178906
2 0.674531 0.241719 0.050344 0.145781
0 0.670687 0.249609 0.028625 0.075063
1 0.684844 0.189328 0.029844 0.040156
1 0.709344 0.227766 0.039594 0.056719
