0 0.956430 0.558141 0.051047 0.112781
1 0.500211 0.263477 0.041422 0.065984
0 0.480641 0.348789 0.063187 0.068359
0 0.524234 0.341578 0.039969 0.068688
1 0.660555 0.212266 0.027984 0.040156
0 0.637461 0.287297 0.017672 0.097906
1 0.842086 0.209258 0.027453 0.046766
1 0.874086 0.286750 0.046453 0.053531
0 0.851250 0.420852 0.051469 0.136172
2 0.651461 0.240336 0.045953 0.096891
2 0.837664 0.255406 0.064453 0.140625
2 0.489492 0.321563 0.081766 0.181875
2 0.846711 0.351508 0.102172 0.183859
0 0.970523 0.604805 0.058953 0.056391
2 0.982672 0.541922 0.034656 0.147469
1 0.659672 0.179859 0.020156 0.030938
2 0.649125 0.193688 0.041250 0.058281
