1 0.149688 0.228758 0.044500 0.069984
2 0.399820 0.400883 0.076359 0.137953
2 0.638984 0.440898 0.079219 0.111641
2 0.657945 0.573883 0.103578 0.217141
2 0.152336 0.810844 0.216703 0.253938
2 0.139383 0.314266 0.064672 0.241719
2 0.581844 0.193180 0.051406 0.126547
0 0.626750 0.587586 0.041188 0.062734
0 0.148141 0.375008 0.069656 0.152172
0 0.188273 0.854406 0.077484 0.165656
0 0.096508 0.568461 0.093453 0.036203
0 0.426148 0.433453 0.022984 0.068406
0 0.406852 0.441477 0.067547 0.095172
0 0.134172 0.632875 0.081594 0.140187
0 0.877109 0.344227 0.035750 0.106547
2 0.630594 0.229680 0.073031 0.137828
2 0.729594 0.306734 0.068031 0.164031
2 0.854789 0.303320 0.097109 0.159422
0 0.615219 0.479070 0.032313 0.087203
0 0.654875 0.462031 0.047344 0.068438
0 0.821766 0.324945 0.047219 0.116203
0 0.720430 0.261328 0.049391 0.086094
0 0.575320 0.228695 0.023328 0.088078
0 0.601930 0.242188 0.015734 0.061469
0 0.671602 0.237297 0.060734 0.044156
1 0.664195 0.493375 0.047047 0.056250
1 0.650195 0.411734 0.031891 0.053406
1 0.884094 0.252109 0.038875 0.057031
2 0.134055 0.632672 0.116859 0.165031
1 0.740844 0.248055 0.037094 0.047391
1 0.595469 0.150500 0.024063 0.040000
1 0.636633 0.178070 0.028516 0.035266
1 0.395344 0.354703 0.047188 0.045469
1 0.108031 0.610719 0.063719 0.060313
1 0.100398 0.749172 0.112609 0.131344
