0 0.185477 0.531883 0.059359 0.056234
0 0.523180 0.389961 0.040141 0.045391
2 0.029461 0.267687 0.058922 0.167938
2 0.049641 0.384219 0.092375 0.230688
2 0.198945 0.363023 0.053484 0.100016
2 0.242422 0.541484 0.100156 0.263906
2 0.835633 0.625797 0.119016 0.141719
0 0.858289 0.650492 0.072203 0.092484
0 0.805344 0.606211 0.056187 0.080703
1 0.861906 0.582578 0.063594 0.056281
2 0.539523 0.379586 0.072797 0.119266
2 0.624437 0.269750 0.051375 0.141625
1 0.623008 0.219406 0.026422 0.040312
0 0.637906 0.267469 0.023406 0.063500
1 0.543352 0.343836 0.028922 0.047547
2 0.512203 0.680852 0.145438 0.221328
1 0.540977 0.611344 0.050609 0.082313
0 0.563852 0.670531 0.042141 0.104875
1 0.012789 0.209367 0.025578 0.050984
0 0.065945 0.226844 0.061891 0.048531
1 0.047727 0.302820 0.045516 0.069672
1 0.221961 0.449555 0.058797 0.082047
1 0.194016 0.333578 0.038281 0.041875
0 0.226797 0.634992 0.036094 0.175641
0 0.452523 0.666867 0.074078 0.071891
0 0.014867 0.406891 0.020672 0.077062
