2 0.565398 0.299633 0.075859 0.101672
2 0.425844 0.350938 0.077625 0.143438
2 0.031359 0.407547 0.062719 0.176781
2 0.309195 0.286539 0.053609 0.123484
2 0.403758 0.724484 0.132984 0.175406
1 0.673789 0.264813 0.042672 0.045687
0 0.663930 0.368516 0.030047 0.115469
0 0.646328 0.334453 0.010844 0.020250
0 0.472289 0.769656 0.125484 0.085062
0 0.427945 0.681789 0.044953 0.028922
1 0.374484 0.677266 0.072406 0.081406
0 0.041430 0.434641 0.042766 0.123219
0 0.333078 0.305641 0.025313 0.031250
0 0.323750 0.316047 0.058344 0.057281
2 0.541016 0.400563 0.064219 0.165312
0 0.524484 0.404242 0.032562 0.051828
1 0.558469 0.336938 0.028750 0.038125
0 0.593992 0.321172 0.016703 0.056094
0 0.538367 0.313672 0.022828 0.058594
1 0.556852 0.272445 0.033297 0.047297
0 0.462852 0.382414 0.046734 0.081109
1 0.421562 0.305328 0.033469 0.050594
1 0.301859 0.250711 0.032000 0.052016
2 0.676094 0.327664 0.053656 0.172484
