1 0.653453 0.164766 0.023281 0.040781
0 0.558547 0.268164 0.034031 0.113922
0 0.670867 0.187508 0.070172 0.083484
0 0.442844 0.244555 0.011625 0.100578
0 0.483484 0.228289 0.008344 0.076859
0 0.858750 0.305711 0.060625 0.055734
0 0.803133 0.341805 0.031953 0.092922
0 0.624664 0.601133 0.049766 0.072109
0 0.647875 0.477039 0.059531 0.071609
0 0.605164 0.466797 0.033109 0.107312
0 0.426273 0.401977 0.018672 0.068984
0 0.413836 0.448844 0.054766 0.101688
0 0.121828 0.646922 0.096875 0.101781
0 0.107891 0.583039 0.080031 0.066109
0 0.066164 0.902578 0.105453 0.133156
1 0.406375 0.352766 0.045000 0.046875
1 0.117070 0.601172 0.052203 0.071594
1 0.855883 0.245867 0.035641 0.059828
1 0.452734 0.153641 0.026562 0.044375
1 0.630500 0.180609 0.030469 0.034531
1 0.583180 0.179391 0.031109 0.040500
1 0.644555 0.400398 0.037359 0.060672
1 0.653937 0.515461 0.056000 0.066266
2 0.462656 0.213133 0.052031 0.163766
2 0.085789 0.862937 0.171578 0.213656
2 0.136453 0.656398 0.112594 0.180328
2 0.400602 0.403719 0.069641 0.148500
2 0.653125 0.582953 0.106594 0.200656
2 0.635242 0.433781 0.085047 0.126875
2 0.659750 0.214531 0.036031 0.141250
2 0.570305 0.232062 0.056859 0.145844
2 0.634766 0.233656 0.066969 0.139875
2 0.838492 0.302266 0.102609 0.173625
