0 0.546008 0.643375 0.056891 0.035625
1 0.014039 0.301781 0.028078 0.055313
0 0.051078 0.409039 0.056594 0.128922
0 0.303430 0.456664 0.046109 0.115234
0 0.328602 0.334523 0.080984 0.078766
1 0.268914 0.333688 0.050797 0.064062
0 0.358477 0.329414 0.033953 0.067266
1 0.323070 0.263984 0.031266 0.059750
1 0.364695 0.264805 0.020422 0.045516
0 0.493359 0.248531 0.037344 0.059375
0 0.463531 0.255805 0.021750 0.063641
1 0.478469 0.197609 0.019687 0.035781
0 0.552180 0.412773 0.038953 0.124859
1 0.577773 0.342117 0.032891 0.045234
1 0.551969 0.283328 0.033344 0.059750
0 0.632281 0.326578 0.019656 0.103469
0 0.678109 0.325797 0.014063 0.105719
1 0.656992 0.237891 0.024828 0.046687
1 0.493820 0.574969 0.051453 0.066312
0 0.553891 0.692211 0.115687 0.074641
0 0.811156 0.605664 0.080594 0.099922
0 0.786984 0.518305 0.056438 0.101828
1 0.840945 0.530492 0.061266 0.066547
2 0.830531 0.590734 0.092125 0.189938
0 0.385625 0.318984 0.054375 0.040000
2 0.362242 0.299641 0.033016 0.115094
2 0.316977 0.316391 0.057922 0.164719
2 0.482242 0.241625 0.059203 0.123250
2 0.541438 0.364359 0.060094 0.222875
2 0.574945 0.378570 0.038297 0.118672
2 0.653570 0.306523 0.063172 0.184734
2 0.039992 0.379039 0.079984 0.208547
2 0.272078 0.412414 0.079469 0.220234
2 0.488367 0.662844 0.105641 0.242000
