1 0.604820 0.238266 0.034016 0.052188
1 0.099266 0.422109 0.060719 0.074281
0 0.969953 0.469117 0.060094 0.089797
2 0.599227 0.299258 0.045516 0.175234
0 0.595891 0.353500 0.036125 0.113937
0 0.626812 0.325430 0.021531 0.024609
2 0.946305 0.330711 0.098516 0.196484
0 0.918133 0.390352 0.040328 0.138797
2 0.926664 0.690312 0.146672 0.335313
0 0.872391 0.716008 0.038656 0.175234
2 0.118195 0.528258 0.141672 0.288016
0 0.074063 0.602297 0.055750 0.182906
0 0.191242 0.570680 0.074016 0.187016
1 0.958000 0.583086 0.082469 0.119203
1 0.970930 0.267023 0.048891 0.068266
2 0.988594 0.479414 0.022813 0.108859
