1 0.172000 0.551734 0.076875 0.129344
0 0.065383 0.737297 0.130766 0.201813
0 0.275000 0.705609 0.057844 0.214719
0 0.731727 0.297750 0.023859 0.057625
0 0.784070 0.298680 0.012109 0.047547
2 0.951641 0.292336 0.085406 0.168734
1 0.759711 0.224695 0.031453 0.043922
2 0.754945 0.274078 0.070484 0.142563
0 0.891328 0.323148 0.056219 0.090891
0 0.983328 0.342656 0.021781 0.115750
1 0.955219 0.233523 0.037906 0.050672
2 0.663539 0.309602 0.056422 0.191109
1 0.677094 0.242734 0.029750 0.056719
2 0.592445 0.296031 0.058547 0.171687
1 0.588383 0.231406 0.030484 0.041875
0 0.604164 0.335695 0.033047 0.112672
0 0.657141 0.363594 0.030125 0.123125
2 0.193844 0.672805 0.175500 0.375016
