2 0.670867 0.329688 0.064203 0.165000
1 0.018977 0.272641 0.037953 0.059187
2 0.039258 0.338219 0.078516 0.192219
2 0.084148 0.299430 0.074234 0.176766
2 0.246750 0.321477 0.085219 0.168297
2 0.239125 0.488750 0.112937 0.259375
2 0.322906 0.407555 0.114469 0.204891
2 0.355992 0.733805 0.128797 0.454891
2 0.494039 0.660297 0.112766 0.245094
2 0.580680 0.382273 0.038234 0.118891
1 0.665563 0.267547 0.031094 0.041250
0 0.647023 0.341000 0.016609 0.047812
1 0.249695 0.258406 0.042359 0.042188
1 0.069836 0.238977 0.034734 0.056109
1 0.325820 0.560289 0.068328 0.107547
1 0.576711 0.343203 0.029859 0.040156
0 0.602133 0.413086 0.029859 0.056328
0 0.282750 0.457742 0.033000 0.139203
0 0.368125 0.454242 0.026250 0.144797
1 0.305781 0.340828 0.046250 0.071781
0 0.278930 0.338922 0.020047 0.074031
0 0.216828 0.309430 0.024469 0.036453
2 0.842336 0.619930 0.120984 0.170391
1 0.870227 0.570281 0.062297 0.071656
0 0.807781 0.644555 0.052750 0.130922
0 0.856281 0.654102 0.090781 0.101172
1 0.505766 0.580031 0.051531 0.085406
0 0.533758 0.691586 0.031922 0.094016
0 0.333258 0.832547 0.076203 0.291438
0 0.272055 0.516180 0.045922 0.089328
1 0.213188 0.395047 0.059406 0.071781
0 0.087719 0.307641 0.062750 0.062187
0 0.009883 0.357477 0.009766 0.088203
0 0.065391 0.380156 0.028063 0.123750
