1 0.202727 0.362344 0.046422 0.049531
1 0.555336 0.179984 0.029078 0.045156
1 0.036875 0.277242 0.037031 0.051203
1 0.164305 0.298250 0.030953 0.042500
0 0.528648 0.245883 0.028547 0.063984
0 0.557672 0.250734 0.044375 0.071438
1 0.596031 0.237336 0.027125 0.049109
0 0.617477 0.306688 0.019797 0.072875
1 0.588492 0.336008 0.044328 0.059297
0 0.600789 0.452508 0.030141 0.133547
0 0.057430 0.278773 0.038578 0.066391
0 0.449195 0.498891 0.035016 0.078062
2 0.206633 0.412734 0.054641 0.149500
2 0.171320 0.337758 0.046109 0.121984
2 0.056539 0.351195 0.093609 0.199484
2 0.038281 0.257602 0.076563 0.108641
0 0.537586 0.438156 0.028609 0.019375
0 0.559008 0.381344 0.010797 0.018281
0 0.170008 0.357555 0.028891 0.048516
2 0.599836 0.277734 0.055359 0.129875
1 0.439266 0.282000 0.036750 0.060219
0 0.416219 0.415352 0.017125 0.140516
1 0.472609 0.405344 0.059813 0.061719
0 0.223898 0.626188 0.041641 0.192063
0 0.304664 0.586383 0.021297 0.076922
2 0.557453 0.221633 0.045531 0.127859
2 0.586727 0.404094 0.059859 0.194781
2 0.472484 0.478016 0.082469 0.205844
2 0.449422 0.364180 0.083469 0.223828
2 0.259813 0.539719 0.113000 0.286781
0 0.284445 0.470016 0.028391 0.028594
0 0.483516 0.360859 0.014063 0.054375
1 0.244414 0.436758 0.059016 0.079234
1 0.008586 0.228211 0.017172 0.048891
0 0.020313 0.372047 0.021000 0.066375
0 0.098594 0.365563 0.050313 0.091063
