2 0.169461 0.329867 0.049953 0.105578
2 0.423461 0.356609 0.086328 0.213031
0 0.392531 0.308766 0.022406 0.067406
0 0.455281 0.384813 0.020750 0.079531
2 0.503250 0.454469 0.094844 0.202250
2 0.605211 0.279711 0.054297 0.126422
2 0.579852 0.358078 0.031016 0.064437
2 0.598625 0.426156 0.100844 0.187375
0 0.625016 0.455109 0.047344 0.101438
0 0.559336 0.448172 0.023547 0.105594
0 0.534281 0.445016 0.030156 0.085562
0 0.547570 0.376289 0.052516 0.028453
0 0.619992 0.310305 0.023141 0.066047
1 0.613672 0.240781 0.027656 0.049219
1 0.605070 0.367102 0.035641 0.067984
1 0.582883 0.348187 0.025641 0.044531
1 0.495813 0.378398 0.047750 0.049359
1 0.417539 0.276258 0.034859 0.051016
1 0.335844 0.174758 0.024688 0.039391
0 0.325070 0.267914 0.021922 0.098109
0 0.363141 0.252039 0.016625 0.082641
0 0.235078 0.459727 0.048469 0.116766
1 0.215883 0.326719 0.046422 0.064031
1 0.162336 0.297633 0.035922 0.039891
0 0.068812 0.384563 0.060656 0.124344
0 0.021016 0.360063 0.042031 0.117500
1 0.044930 0.273906 0.042203 0.053125
1 0.018680 0.242703 0.037359 0.050313
2 0.061383 0.340281 0.075141 0.186000
2 0.020938 0.318273 0.041875 0.201641
0 0.170789 0.356469 0.027859 0.040875
2 0.339383 0.230078 0.051391 0.149594
2 0.218922 0.404016 0.072125 0.220156
0 0.266227 0.440336 0.037516 0.055422
