2 0.831695 0.616477 0.127766 0.240797
0 0.779477 0.593055 0.026234 0.089828
0 0.865992 0.674172 0.056703 0.126344
2 0.976078 0.543953 0.047844 0.139656
0 0.943258 0.568688 0.048109 0.064187
0 0.962633 0.585234 0.074734 0.056687
1 0.982609 0.505758 0.034781 0.061297
1 0.821039 0.545430 0.063859 0.097266
2 0.646953 0.215273 0.047312 0.099141
2 0.678648 0.225477 0.037266 0.102703
2 0.817336 0.348148 0.091109 0.174953
2 0.792781 0.302500 0.078719 0.155625
0 0.765078 0.336078 0.024219 0.129719
0 0.783359 0.342906 0.022406 0.045812
0 0.850500 0.388195 0.023250 0.081578
1 0.660266 0.183578 0.020469 0.035312
0 0.684359 0.259906 0.016406 0.052500
1 0.683516 0.196266 0.026250 0.043594
1 0.825750 0.287312 0.039844 0.053594
1 0.816141 0.250437 0.032188 0.051719
