1 0.892695 0.294937 0.041422 0.059844
2 0.289469 0.286586 0.059688 0.177766
2 0.855727 0.351852 0.115859 0.173609
2 0.675633 0.267594 0.057797 0.169031
0 0.601336 0.322094 0.030328 0.053344
0 0.567570 0.319375 0.038078 0.058781
1 0.586391 0.259648 0.028031 0.056891
2 0.583203 0.298672 0.068688 0.134938
0 0.652297 0.299516 0.044938 0.103375
1 0.679922 0.204781 0.036250 0.043906
1 0.766359 0.297859 0.036094 0.054844
1 0.276977 0.225641 0.034078 0.056219
0 0.741039 0.366875 0.062172 0.068125
2 0.747227 0.335719 0.074984 0.130125
0 0.304984 0.324398 0.030125 0.100578
0 0.820484 0.371297 0.044281 0.134062
0 0.875844 0.394539 0.028656 0.094797
