1 0.462039 0.195719 0.020328 0.038906
0 0.333156 0.432414 0.030375 0.086609
1 0.370148 0.325641 0.041359 0.059219
2 0.298453 0.310820 0.035688 0.043484
2 0.327977 0.322594 0.072078 0.166844
2 0.375305 0.406508 0.115766 0.218484
2 0.622922 0.293000 0.057531 0.169000
2 0.598516 0.297641 0.028781 0.101562
2 0.467281 0.240633 0.049156 0.128109
2 0.417539 0.723773 0.134078 0.193078
0 0.470961 0.783570 0.109391 0.072234
1 0.385062 0.665484 0.069781 0.075594
2 0.861508 0.479523 0.113016 0.198984
1 0.861500 0.414625 0.042375 0.069187
0 0.821227 0.530844 0.032578 0.160594
0 0.907000 0.468953 0.034500 0.063656
0 0.347109 0.329898 0.021156 0.059141
0 0.298438 0.310648 0.035594 0.043172
1 0.346703 0.264375 0.035000 0.050625
1 0.609836 0.232797 0.032047 0.049531
0 0.608977 0.284906 0.020328 0.046406
0 0.595891 0.289023 0.023594 0.071266
0 0.556508 0.412828 0.020328 0.053437
2 0.573039 0.392812 0.054859 0.095500
0 0.617914 0.340984 0.015328 0.020938
1 0.587695 0.359094 0.025016 0.028281
0 0.417469 0.441406 0.029312 0.092781
2 0.035000 0.404609 0.070000 0.152813
0 0.039062 0.407250 0.041781 0.117969
0 0.451773 0.252320 0.018078 0.054578
0 0.469578 0.251117 0.039625 0.059391
