2 0.400797 0.459875 0.100156 0.173375
2 0.392953 0.357188 0.067563 0.124063
0 0.476086 0.832125 0.035328 0.117625
0 0.356313 0.895852 0.043812 0.208297
0 0.363312 0.535773 0.025375 0.156891
0 0.438281 0.519234 0.024687 0.163219
0 0.417086 0.357641 0.018922 0.047500
0 0.391016 0.370602 0.056563 0.072234
1 0.384289 0.317656 0.035797 0.045625
0 0.559859 0.249586 0.021531 0.039266
1 0.539336 0.199797 0.023922 0.031875
0 0.799789 0.610062 0.053359 0.063000
0 0.906641 0.675000 0.058813 0.088125
1 0.880523 0.555883 0.057609 0.078859
1 0.407313 0.718773 0.079125 0.129016
1 0.398625 0.412016 0.043969 0.076281
2 0.413844 0.817508 0.161094 0.324984
2 0.861438 0.617063 0.148063 0.202125
2 0.547430 0.226484 0.046734 0.085156
