2 0.384953 0.229875 0.046531 0.101031
1 0.242648 0.342336 0.048953 0.069859
1 0.435203 0.286305 0.040500 0.045922
1 0.542797 0.333984 0.034375 0.044531
0 0.521242 0.382531 0.036109 0.046500
2 0.536336 0.373852 0.066109 0.123859
0 0.131586 0.466250 0.032203 0.080656
0 0.217227 0.437516 0.019453 0.059812
0 0.263469 0.474938 0.038406 0.121531
1 0.377984 0.317766 0.043594 0.047344
0 0.453352 0.385547 0.041172 0.078906
2 0.264953 0.409297 0.092281 0.206406
1 0.139320 0.346820 0.046984 0.071391
1 0.052008 0.359914 0.050266 0.076109
2 0.171422 0.443289 0.111719 0.265922
0 0.104367 0.477578 0.032078 0.130906
2 0.065578 0.444836 0.108438 0.244703
2 0.380227 0.361063 0.053766 0.130375
2 0.440305 0.355195 0.068797 0.183672
1 0.392617 0.195977 0.011109 0.033047
1 0.224414 0.366148 0.029828 0.045203
0 0.385937 0.241633 0.042688 0.046641
2 0.228430 0.407562 0.037109 0.128312
