2 0.620695 0.257273 0.048609 0.114141
0 0.632195 0.278734 0.036297 0.058156
1 0.620961 0.222438 0.028141 0.044063
2 0.050805 0.443688 0.101609 0.253188
2 0.470430 0.672094 0.096734 0.242250
2 0.762344 0.529211 0.095312 0.211141
0 0.697508 0.532711 0.043359 0.099797
0 0.777711 0.575359 0.067203 0.120125
1 0.750367 0.461430 0.069984 0.074516
2 0.599445 0.402953 0.078484 0.229719
1 0.592141 0.326234 0.036531 0.073781
0 0.624828 0.449641 0.026250 0.152000
2 0.328922 0.502156 0.106500 0.193062
0 0.370680 0.569680 0.032203 0.145891
0 0.490500 0.743523 0.071938 0.137953
0 0.522062 0.663516 0.052531 0.045594
1 0.470789 0.585617 0.069891 0.068609
2 0.205508 0.376594 0.067234 0.119281
1 0.204797 0.338766 0.044375 0.043438
0 0.223008 0.405086 0.051203 0.062203
1 0.317672 0.439227 0.045219 0.067797
0 0.082586 0.487953 0.039641 0.164062
1 0.024523 0.352594 0.049047 0.072375
