2 0.508805 0.662156 0.099297 0.202062
2 0.842023 0.608922 0.092953 0.170938
0 0.360641 0.388289 0.039406 0.073859
2 0.331266 0.363273 0.095531 0.168703
0 0.641781 0.245266 0.033906 0.061719
1 0.613469 0.226633 0.031969 0.043797
2 0.627383 0.262258 0.061859 0.114484
1 0.319375 0.304375 0.042844 0.049531
2 0.224336 0.666180 0.157484 0.311203
1 0.848008 0.559578 0.062203 0.071594
0 0.570477 0.643516 0.083766 0.037188
0 0.572750 0.694195 0.127875 0.077234
0 0.158227 0.692555 0.025953 0.097203
0 0.281531 0.717953 0.043156 0.159094
0 0.776281 0.599227 0.072000 0.055922
0 0.827672 0.655578 0.119875 0.077906
1 0.208070 0.549961 0.069016 0.076141
1 0.513938 0.598766 0.048281 0.073937
