0 0.492172 0.256531 0.013625 0.060625
1 0.244617 0.211477 0.032984 0.053297
0 0.275531 0.284109 0.025000 0.020313
0 0.289789 0.303398 0.071172 0.060016
0 0.220062 0.415719 0.023281 0.079625
0 0.297617 0.426180 0.029391 0.088203
0 0.085852 0.481180 0.036922 0.087328
0 0.179875 0.472828 0.043531 0.107156
0 0.030992 0.350187 0.034109 0.119937
2 0.652453 0.305984 0.047594 0.137969
2 0.480266 0.229414 0.037031 0.114953
1 0.482727 0.189906 0.029234 0.036406
0 0.663922 0.320555 0.022656 0.047484
0 0.620531 0.323766 0.033812 0.030375
1 0.647398 0.263031 0.031109 0.052813
0 0.357164 0.419000 0.029266 0.114875
0 0.449367 0.413359 0.030234 0.111406
1 0.402938 0.299859 0.036094 0.052344
1 0.256234 0.313063 0.046562 0.066094
1 0.111102 0.355047 0.051359 0.067250
2 0.491430 0.669039 0.120891 0.227297
2 0.841883 0.617664 0.115391 0.159984
0 0.800031 0.611719 0.032344 0.046562
0 0.840711 0.652844 0.118828 0.089625
1 0.858687 0.579477 0.049875 0.083266
0 0.558766 0.683188 0.074531 0.084156
0 0.549484 0.633648 0.055156 0.034172
1 0.497219 0.591406 0.075719 0.071125
2 0.134414 0.439945 0.134547 0.235422
2 0.262844 0.404609 0.107844 0.250469
2 0.254359 0.267422 0.050906 0.165156
2 0.587969 0.378211 0.063031 0.109828
1 0.570836 0.339875 0.027828 0.032500
0 0.614352 0.417172 0.010172 0.031406
2 0.403109 0.377430 0.086969 0.206359
2 0.024703 0.343477 0.049406 0.129922
