2 0.452937 0.309242 0.066469 0.185828
2 0.280234 0.665719 0.113625 0.225344
2 0.184023 0.621656 0.079172 0.200000
0 0.346469 0.930992 0.075875 0.138016
1 0.178914 0.909047 0.130953 0.159531
2 0.248531 0.914125 0.270750 0.171750
1 0.448172 0.243016 0.038594 0.054375
0 0.412211 0.331141 0.061266 0.088656
0 0.194078 0.519273 0.043000 0.030828
1 0.193398 0.558320 0.060266 0.073359
0 0.323398 0.691531 0.026109 0.070469
0 0.179961 0.710203 0.070984 0.152406
1 0.284766 0.593281 0.061688 0.080938
0 0.206016 0.453320 0.078125 0.108672
0 0.259789 0.436531 0.024266 0.111438
1 0.469500 0.214891 0.044687 0.051875
0 0.667437 0.464742 0.030219 0.163922
1 0.207633 0.358078 0.039453 0.069281
0 0.595187 0.449281 0.035250 0.120375
0 0.901063 0.561805 0.046000 0.129922
0 0.810438 0.581234 0.042750 0.189375
1 0.876195 0.423828 0.052516 0.083062
0 0.834539 0.402531 0.029984 0.121187
1 0.871266 0.301852 0.045906 0.060234
1 0.640078 0.331617 0.044844 0.074828
2 0.639883 0.405977 0.085141 0.223203
2 0.856695 0.516891 0.134422 0.268906
2 0.846859 0.355625 0.095781 0.167875
2 0.690359 0.223758 0.040656 0.096641
2 0.472461 0.268156 0.050484 0.158375
2 0.220008 0.415289 0.106172 0.184391
