2 0.027891 0.246773 0.055781 0.129578
1 0.018266 0.272125 0.036531 0.054219
1 0.187438 0.353852 0.049344 0.073547
1 0.164945 0.438719 0.062922 0.082250
0 0.240344 0.554250 0.036656 0.157625
0 0.177062 0.583531 0.107250 0.142312
1 0.489992 0.596578 0.062016 0.072125
0 0.516891 0.725375 0.073906 0.103937
0 0.558492 0.836898 0.014922 0.087328
0 0.674398 0.911367 0.046703 0.142266
1 0.654977 0.736586 0.065359 0.100891
1 0.871594 0.572414 0.055781 0.083391
0 0.846445 0.639758 0.103984 0.117984
0 0.798250 0.632688 0.054656 0.114281
2 0.835227 0.615141 0.128922 0.169063
2 0.624078 0.842789 0.145687 0.314422
2 0.475492 0.686094 0.093641 0.253563
1 0.582047 0.353406 0.028437 0.044375
0 0.548367 0.416844 0.060797 0.068125
0 0.622711 0.292211 0.046797 0.056109
0 0.608031 0.292438 0.042594 0.065594
1 0.617938 0.236672 0.026500 0.052719
2 0.616328 0.287258 0.060094 0.153266
1 0.011375 0.207172 0.022750 0.050625
0 0.068125 0.225406 0.061125 0.049594
0 0.015492 0.382922 0.030984 0.087719
0 0.075648 0.346773 0.024797 0.081766
2 0.576305 0.391203 0.041203 0.120438
2 0.190469 0.537250 0.136344 0.280781
2 0.208539 0.407781 0.091891 0.182250
2 0.044023 0.342609 0.088047 0.196406
