2 0.501672 0.145070 0.039594 0.115172
2 0.553094 0.274070 0.072906 0.148734
2 0.648141 0.239797 0.068781 0.132750
2 0.676570 0.329453 0.076141 0.166719
2 0.792867 0.314508 0.087391 0.162859
2 0.857578 0.313422 0.075875 0.175656
2 0.342570 0.176320 0.012891 0.103047
0 0.079016 0.307109 0.046000 0.060594
0 0.847172 0.353555 0.028875 0.129766
0 0.758156 0.332125 0.042219 0.087500
0 0.706734 0.357227 0.014469 0.111141
0 0.652648 0.349766 0.029047 0.110156
2 0.071492 0.246086 0.060141 0.183766
2 0.279945 0.655039 0.113484 0.199922
2 0.176969 0.635969 0.084313 0.200250
0 0.203727 0.610367 0.029078 0.042672
1 0.053516 0.181555 0.025219 0.055734
1 0.342875 0.122305 0.014687 0.031016
1 0.342406 0.142109 0.012813 0.035312
1 0.498273 0.104438 0.017984 0.033906
1 0.561953 0.224734 0.030156 0.049687
1 0.657172 0.197656 0.030469 0.046406
1 0.175758 0.573531 0.060047 0.075750
1 0.284672 0.592172 0.061500 0.074781
1 0.692719 0.271406 0.040469 0.050000
1 0.816211 0.254578 0.033766 0.041875
1 0.878867 0.255570 0.032984 0.058234
0 0.322937 0.693195 0.026719 0.065797
0 0.181023 0.719172 0.070891 0.146656
0 0.626359 0.268672 0.025313 0.101406
0 0.582219 0.317055 0.012844 0.091828
2 0.344953 0.166156 0.017625 0.118938
0 0.819234 0.356766 0.032531 0.103344
0 0.525977 0.300914 0.023516 0.086109
