2 0.403484 0.403391 0.067813 0.148219
1 0.111492 0.603828 0.068078 0.070625
1 0.391313 0.456211 0.066125 0.089516
1 0.555477 0.193172 0.029391 0.040625
1 0.615242 0.179609 0.031109 0.035000
1 0.635625 0.167836 0.023438 0.044016
1 0.694609 0.163734 0.021563 0.036094
1 0.866164 0.273258 0.039203 0.064859
1 0.657125 0.509680 0.053531 0.058766
1 0.643953 0.401977 0.037906 0.054641
2 0.686148 0.216648 0.038516 0.142266
2 0.643891 0.207938 0.046687 0.124531
2 0.613117 0.231719 0.046766 0.139063
2 0.552211 0.249453 0.075578 0.153906
2 0.648687 0.578484 0.102062 0.196063
2 0.146953 0.658687 0.139063 0.179500
0 0.404875 0.442883 0.067000 0.112047
2 0.390602 0.529469 0.114172 0.237000
2 0.633555 0.435594 0.090828 0.123969
2 0.841781 0.327625 0.089000 0.174437
1 0.404367 0.351719 0.048734 0.044813
0 0.581961 0.267750 0.013953 0.048469
0 0.520547 0.274914 0.012594 0.062672
0 0.627039 0.253086 0.017828 0.080703
0 0.872969 0.334570 0.026062 0.069859
0 0.828453 0.326656 0.062750 0.079812
0 0.654430 0.242422 0.025109 0.094219
0 0.672992 0.236094 0.013859 0.103031
0 0.350648 0.559906 0.033297 0.080094
0 0.164320 0.626062 0.103078 0.136000
0 0.089469 0.583102 0.056344 0.096109
0 0.427406 0.398594 0.018969 0.054062
0 0.647883 0.478898 0.061297 0.060453
0 0.603383 0.472414 0.031078 0.098797
0 0.617859 0.614258 0.040906 0.068484
