0 0.603086 0.277656 0.012672 0.041250
0 0.553336 0.308203 0.015984 0.097344
1 0.333719 0.685336 0.070844 0.094641
0 0.974469 0.388758 0.045344 0.086297
0 0.900055 0.387531 0.022984 0.100812
1 0.964570 0.283094 0.048516 0.058812
2 0.943023 0.348391 0.109547 0.188844
2 0.577375 0.273047 0.063844 0.168594
2 0.688977 0.240633 0.065766 0.147172
1 0.686984 0.189555 0.025375 0.044828
0 0.432055 0.786562 0.156328 0.105937
2 0.354023 0.738883 0.139828 0.202234
2 0.500289 0.241617 0.021391 0.137734
1 0.499812 0.186672 0.012500 0.028125
0 0.498539 0.275461 0.017391 0.098734
1 0.576867 0.211305 0.024984 0.045203
0 0.707336 0.266578 0.028141 0.094969
0 0.663250 0.280562 0.014000 0.090750
