0 0.574156 0.306156 0.024875 0.079875
2 0.614938 0.269445 0.081750 0.144828
1 0.678023 0.703375 0.082797 0.109906
0 0.650766 0.851828 0.069875 0.107563
0 0.570648 0.730719 0.077328 0.100781
1 0.606648 0.220094 0.034078 0.044844
1 0.220469 0.166031 0.037500 0.047813
0 0.252070 0.229734 0.030078 0.022469
0 0.648984 0.322758 0.022187 0.124484
0 0.221578 0.241766 0.054094 0.093813
0 0.425945 0.719859 0.127234 0.098156
0 0.386102 0.637047 0.060297 0.036281
1 0.187938 0.346141 0.036656 0.048281
0 0.216703 0.346914 0.062156 0.046328
0 0.198695 0.410297 0.091266 0.065156
1 0.349695 0.569109 0.062234 0.089594
2 0.221648 0.211188 0.054109 0.141594
2 0.190859 0.372664 0.076469 0.104359
2 0.356930 0.647758 0.103422 0.248641
2 0.615797 0.781156 0.210969 0.267594
