0 0.260586 0.438391 0.059109 0.065250
2 0.260023 0.438672 0.058547 0.065813
1 0.334805 0.177656 0.026328 0.043281
0 0.324016 0.261969 0.027875 0.099406
0 0.404711 0.292414 0.048172 0.082047
1 0.422617 0.279250 0.029859 0.053594
0 0.461594 0.404477 0.020250 0.130641
1 0.522453 0.380656 0.058594 0.063594
1 0.556234 0.356711 0.034125 0.063797
1 0.590430 0.349078 0.033484 0.043500
0 0.626828 0.309227 0.023438 0.070078
1 0.611781 0.236508 0.031031 0.043797
0 0.360578 0.248242 0.013813 0.088828
0 0.168398 0.343859 0.065484 0.108531
0 0.224641 0.359672 0.072219 0.123969
1 0.194430 0.344703 0.041422 0.055688
0 0.092992 0.386164 0.053516 0.124109
0 0.592039 0.449594 0.018734 0.131062
2 0.612047 0.281992 0.053125 0.134453
1 0.063094 0.232891 0.032344 0.047188
1 0.053680 0.279773 0.039734 0.048109
2 0.590703 0.348883 0.033375 0.044016
2 0.568211 0.415023 0.067797 0.181984
0 0.530789 0.461078 0.079484 0.079344
2 0.514977 0.450375 0.074953 0.204000
2 0.425742 0.360797 0.090797 0.217781
2 0.338555 0.226930 0.057672 0.142297
2 0.075734 0.352375 0.092719 0.191938
2 0.075914 0.292938 0.058516 0.167531
0 0.103102 0.347648 0.037141 0.071609
2 0.197742 0.419898 0.123609 0.206453
1 0.165805 0.302500 0.035016 0.050937
2 0.166242 0.327875 0.035672 0.103156
