2 0.297133 0.566078 0.133016 0.265375
2 0.449945 0.422906 0.101141 0.187625
2 0.628437 0.268148 0.064406 0.128734
1 0.612859 0.226055 0.032000 0.043766
0 0.643039 0.243578 0.034109 0.065875
1 0.452453 0.357305 0.042188 0.056797
0 0.410602 0.436367 0.021422 0.069078
0 0.488086 0.480664 0.024859 0.118359
2 0.841727 0.622500 0.124984 0.158688
0 0.794789 0.631656 0.075359 0.109156
0 0.841555 0.665359 0.125578 0.070531
1 0.873859 0.582758 0.052031 0.079484
0 0.240844 0.606461 0.019875 0.137578
0 0.341992 0.545359 0.044984 0.114719
1 0.276117 0.478266 0.066359 0.089406
