2 0.590719 0.255242 0.056750 0.160141
1 0.174094 0.582586 0.063281 0.072859
1 0.782477 0.680305 0.096859 0.112922
0 0.847875 0.865992 0.043125 0.096453
2 0.778547 0.769813 0.179719 0.291500
0 0.209883 0.554867 0.044922 0.061984
1 0.294898 0.601500 0.062953 0.082031
0 0.319219 0.711133 0.032687 0.068016
0 0.180438 0.720805 0.073969 0.147766
2 0.167680 0.642711 0.076391 0.193016
2 0.282062 0.665602 0.108688 0.211016
0 0.616141 0.263406 0.020812 0.100250
1 0.643094 0.191344 0.035156 0.043750
1 0.600141 0.198445 0.038594 0.045766
0 0.600562 0.286891 0.019344 0.096844
2 0.633070 0.237852 0.055266 0.136484
0 0.646289 0.264062 0.009766 0.083687
