2 0.060602 0.372953 0.041609 0.128594
2 0.678687 0.214188 0.054063 0.107250
1 0.675070 0.180328 0.025797 0.038906
0 0.700305 0.237172 0.011547 0.070938
0 0.655648 0.235195 0.016328 0.047703
2 0.959812 0.299563 0.080375 0.170937
2 0.739953 0.772023 0.136156 0.455953
2 0.697977 0.640766 0.067672 0.208625
0 0.667828 0.699750 0.093250 0.097594
0 0.703492 0.899000 0.131297 0.202000
1 0.733109 0.613023 0.095281 0.135359
1 0.705531 0.575711 0.047688 0.075984
0 0.977055 0.343148 0.045891 0.027828
0 0.948531 0.317109 0.058000 0.069437
1 0.977219 0.244219 0.045562 0.058750
