2 0.565617 0.385594 0.064672 0.103563
2 0.471031 0.233859 0.050219 0.119156
2 0.316805 0.371938 0.092047 0.236750
1 0.234375 0.203039 0.031656 0.050797
1 0.303656 0.282500 0.039625 0.056406
0 0.255906 0.287734 0.062344 0.082344
1 0.124531 0.318930 0.053156 0.061078
1 0.467609 0.193141 0.025781 0.036406
0 0.452633 0.250563 0.012828 0.055000
0 0.477805 0.249570 0.035797 0.054109
1 0.673086 0.250375 0.030484 0.041250
0 0.701859 0.314898 0.025062 0.062609
1 0.583195 0.350953 0.028953 0.034125
0 0.643445 0.343438 0.023891 0.105250
2 0.496477 0.673430 0.120047 0.218609
2 0.837141 0.642750 0.102094 0.169187
0 0.857992 0.673516 0.060234 0.106719
1 0.859906 0.599031 0.053719 0.080687
0 0.577688 0.713531 0.125250 0.068469
0 0.556781 0.648578 0.065469 0.032500
1 0.504578 0.599477 0.072156 0.072016
0 0.540414 0.412070 0.045266 0.050547
0 0.284305 0.424773 0.027391 0.155047
2 0.022477 0.358320 0.044953 0.127047
2 0.137328 0.398078 0.084563 0.219156
2 0.672898 0.312656 0.083422 0.166219
2 0.248234 0.256758 0.059906 0.158672
0 0.024609 0.360992 0.040219 0.120516
0 0.166031 0.436266 0.055438 0.115594
