2 0.172828 0.438914 0.107406 0.256453
2 0.385633 0.356328 0.040172 0.131094
0 0.288828 0.684586 0.026625 0.135703
0 0.232219 0.723102 0.136406 0.131922
1 0.228437 0.538031 0.071438 0.091750
0 0.321789 0.574898 0.095891 0.153953
1 0.268555 0.404320 0.051578 0.071984
1 0.239969 0.369562 0.039688 0.057500
0 0.142148 0.461297 0.033422 0.084281
1 0.143250 0.347680 0.047875 0.076203
2 0.535609 0.371414 0.063187 0.121859
1 0.544148 0.335383 0.030516 0.049609
0 0.522367 0.384641 0.039078 0.044781
0 0.521984 0.369516 0.019531 0.011406
2 0.255125 0.404383 0.070594 0.127672
2 0.230047 0.640430 0.142437 0.296328
1 0.422484 0.279406 0.028594 0.056188
2 0.386508 0.226672 0.048891 0.092594
0 0.437742 0.375641 0.045766 0.039656
2 0.428219 0.338992 0.066750 0.175141
0 0.403445 0.229141 0.005953 0.030313
0 0.384516 0.238984 0.045000 0.049219
1 0.392156 0.196813 0.009000 0.032313
2 0.263938 0.491563 0.089000 0.245313
