0 0.217117 0.423477 0.049734 0.028922
0 0.273414 0.329578 0.089078 0.059063
0 0.128891 0.417297 0.028312 0.094375
1 0.149297 0.378734 0.061250 0.082500
2 0.167711 0.460211 0.098016 0.248016
1 0.010164 0.368211 0.020328 0.061922
0 0.006750 0.318742 0.013500 0.072578
2 0.024984 0.422047 0.049969 0.171625
0 0.154852 0.521859 0.042359 0.094844
2 0.454414 0.291961 0.071766 0.190203
2 0.578242 0.297633 0.074297 0.190859
2 0.634742 0.357687 0.070141 0.229000
0 0.657469 0.425070 0.024438 0.095047
1 0.641469 0.275656 0.047344 0.064156
1 0.570359 0.226906 0.035312 0.049531
1 0.442883 0.228281 0.032516 0.061875
0 0.480914 0.344633 0.017828 0.111453
0 0.531797 0.305391 0.047719 0.089188
0 0.602641 0.342977 0.025906 0.130609
0 0.621227 0.419672 0.042703 0.139094
2 0.207031 0.376086 0.073750 0.123828
1 0.206492 0.342234 0.034672 0.054594
