0 0.522172 0.392766 0.041031 0.060344
2 0.543664 0.373195 0.061422 0.100484
1 0.542461 0.281422 0.031109 0.046719
0 0.588516 0.325172 0.026750 0.050438
0 0.532563 0.320578 0.022344 0.051969
2 0.561641 0.303898 0.082000 0.092953
0 0.467547 0.390766 0.038500 0.067063
1 0.423969 0.308125 0.031250 0.051094
2 0.428133 0.363883 0.068234 0.163078
0 0.323672 0.311484 0.060281 0.063906
0 0.331375 0.306984 0.028281 0.031250
1 0.302695 0.248922 0.032797 0.052375
2 0.304742 0.290047 0.045109 0.133969
0 0.029156 0.439945 0.058313 0.093734
2 0.030555 0.420250 0.061109 0.132969
0 0.620562 0.361922 0.021437 0.099594
1 0.648953 0.273172 0.031656 0.057281
2 0.649664 0.320156 0.080109 0.151562
2 0.051719 0.864664 0.103438 0.270672
1 0.011813 0.789656 0.023625 0.117938
1 0.374516 0.674625 0.073031 0.076656
0 0.474211 0.777406 0.121172 0.067063
2 0.419781 0.723352 0.164656 0.175484
1 0.558539 0.341320 0.032328 0.037078
0 0.430680 0.681203 0.041266 0.027813
