1 0.659062 0.180375 0.020313 0.031094
2 0.842883 0.303266 0.079578 0.171906
2 0.364164 0.359930 0.066766 0.154203
0 0.404789 0.394695 0.029734 0.037453
2 0.978977 0.545625 0.042047 0.133094
0 0.967594 0.599406 0.064813 0.074750
0 0.954758 0.565180 0.044359 0.122766
1 0.864125 0.243813 0.036719 0.052375
0 0.821383 0.342453 0.049672 0.119781
2 0.649492 0.241711 0.048297 0.099359
0 0.637797 0.248008 0.024906 0.058359
2 0.549445 0.202969 0.049484 0.127813
2 0.349719 0.188922 0.024625 0.074844
2 0.653203 0.194750 0.038906 0.059844
1 0.658430 0.213344 0.025328 0.042656
0 0.562078 0.202203 0.024594 0.062469
1 0.557852 0.161180 0.028297 0.043578
1 0.354906 0.175539 0.013281 0.047953
0 0.370289 0.393195 0.078859 0.087984
1 0.371734 0.316508 0.045063 0.067297
