0 0.056844 0.802727 0.113688 0.217016
1 0.915414 0.313539 0.055859 0.068641
2 0.912344 0.397406 0.102187 0.239844
2 0.736063 0.263883 0.075906 0.157453
0 0.590172 0.295859 0.022531 0.085906
0 0.636844 0.282430 0.022125 0.072609
0 0.705102 0.273469 0.015828 0.063406
0 0.763945 0.278672 0.014297 0.069937
0 0.858789 0.428703 0.034734 0.158750
0 0.937531 0.459695 0.051625 0.187859
0 0.230328 0.749328 0.063062 0.208687
1 0.143047 0.599461 0.085781 0.140016
1 0.734437 0.209438 0.033250 0.047094
1 0.611141 0.218117 0.031344 0.042703
2 0.613664 0.261477 0.069859 0.133453
2 0.163633 0.727133 0.175797 0.399734
