0 0.220203 0.402219 0.028906 0.047187
0 0.234422 0.410031 0.016719 0.029063
1 0.195961 0.336297 0.029547 0.045156
0 0.059953 0.419438 0.028156 0.124844
0 0.141812 0.388016 0.029187 0.088969
1 0.091055 0.299844 0.041422 0.053125
0 0.050000 0.324523 0.041719 0.060984
0 0.066906 0.226234 0.062125 0.050469
1 0.012687 0.209117 0.025375 0.051297
1 0.014281 0.255563 0.028563 0.049062
2 0.828445 0.612984 0.104359 0.156938
2 0.495789 0.657828 0.118578 0.241844
2 0.094484 0.380031 0.098594 0.213375
2 0.035391 0.323281 0.070781 0.184125
2 0.027234 0.243867 0.054469 0.121234
0 0.839180 0.639297 0.072891 0.104531
0 0.819219 0.629773 0.087125 0.069516
1 0.857562 0.575852 0.045125 0.083234
2 0.598227 0.376367 0.045359 0.118516
2 0.638094 0.291281 0.054594 0.155313
1 0.639141 0.238078 0.025312 0.048906
0 0.625633 0.298828 0.026109 0.059594
0 0.646375 0.295242 0.036906 0.050609
0 0.611391 0.408125 0.023656 0.065313
1 0.593031 0.341273 0.035281 0.047359
2 0.620844 0.835203 0.146031 0.329594
0 0.669531 0.909523 0.046187 0.159047
0 0.554953 0.839664 0.014969 0.072859
1 0.622523 0.721742 0.064766 0.101734
0 0.538219 0.662445 0.069125 0.074484
0 0.542414 0.614258 0.053609 0.027703
1 0.499508 0.567906 0.059109 0.062750
2 0.205055 0.379922 0.060328 0.132125
