1 0.268398 0.337758 0.048453 0.063891
2 0.068039 0.420461 0.105297 0.240641
2 0.078875 0.355602 0.083812 0.189203
2 0.164437 0.327289 0.046094 0.098766
2 0.215430 0.417992 0.055328 0.157922
0 0.225617 0.441297 0.028609 0.058906
2 0.279344 0.418969 0.093125 0.228031
2 0.302117 0.234187 0.054828 0.139313
2 0.622188 0.274625 0.055375 0.142969
2 0.554000 0.361016 0.078906 0.219563
2 0.689453 0.473203 0.098406 0.212031
1 0.679023 0.406680 0.043297 0.078516
0 0.654703 0.506969 0.028063 0.111031
0 0.718516 0.518031 0.040656 0.122625
1 0.299102 0.189406 0.029453 0.049688
0 0.337359 0.255070 0.031906 0.062109
0 0.292719 0.267641 0.036187 0.084750
2 0.479516 0.680500 0.110406 0.237375
0 0.511813 0.677875 0.068125 0.121969
1 0.469820 0.597281 0.078297 0.071438
0 0.509750 0.637711 0.034250 0.060266
1 0.615602 0.227148 0.026609 0.046797
0 0.638648 0.295289 0.022453 0.064547
1 0.536328 0.283063 0.037438 0.062750
0 0.584641 0.366336 0.017094 0.065797
0 0.533969 0.415758 0.038844 0.138984
1 0.063531 0.285469 0.051656 0.050406
1 0.045437 0.329711 0.048531 0.058984
0 0.308680 0.486602 0.041734 0.143203
0 0.104688 0.475391 0.064531 0.154906
0 0.091188 0.392945 0.055750 0.114422
0 0.155305 0.349406 0.027891 0.049750
1 0.169023 0.296898 0.033141 0.037172
1 0.210961 0.364266 0.042109 0.049719
