0 0.268523 0.332719 0.086328 0.057906
0 0.722609 0.496445 0.078719 0.144453
1 0.741211 0.350734 0.049703 0.086344
1 0.277305 0.469867 0.074484 0.100641
2 0.735289 0.435922 0.078984 0.255719
0 0.228070 0.685789 0.060516 0.209359
0 0.357828 0.586117 0.087531 0.124953
2 0.261813 0.578086 0.127469 0.317578
1 0.047570 0.352687 0.059703 0.080563
1 0.023555 0.308922 0.047109 0.074125
0 0.095641 0.502250 0.057375 0.130531
0 0.043516 0.436742 0.041781 0.070766
2 0.071453 0.439883 0.106625 0.254297
2 0.032945 0.371680 0.065891 0.198953
1 0.200352 0.339734 0.033766 0.056219
0 0.201336 0.407656 0.084641 0.070625
2 0.200352 0.377188 0.082672 0.131562
