0 0.503102 0.346414 0.028297 0.130141
0 0.238484 0.370031 0.043938 0.066719
0 0.205094 0.408437 0.085594 0.067813
2 0.589609 0.239266 0.062969 0.128531
2 0.206125 0.378789 0.088406 0.126484
2 0.452422 0.173828 0.056406 0.135469
2 0.474445 0.300523 0.085734 0.158422
1 0.203750 0.343570 0.035344 0.056703
2 0.509070 0.842234 0.140578 0.258969
0 0.428375 0.197484 0.008000 0.068500
1 0.484578 0.245789 0.036375 0.048359
1 0.511984 0.770219 0.073813 0.113750
1 0.442227 0.128516 0.022016 0.044781
1 0.597156 0.196305 0.034406 0.042391
0 0.561078 0.298719 0.069437 0.101625
0 0.472656 0.187609 0.027969 0.075406
