1 0.374234 0.675906 0.073594 0.079125
2 0.419242 0.723922 0.161297 0.177156
2 0.629750 0.295445 0.074219 0.145047
2 0.303422 0.293805 0.048406 0.142422
2 0.540172 0.371492 0.062000 0.120453
2 0.547539 0.318164 0.090391 0.065734
1 0.622812 0.244109 0.030469 0.042188
0 0.577789 0.329398 0.029203 0.025672
0 0.519813 0.333742 0.034125 0.033766
1 0.521297 0.306180 0.026187 0.041047
1 0.550484 0.331242 0.027125 0.040328
0 0.522914 0.389695 0.027328 0.059984
0 0.461805 0.389328 0.052734 0.069469
1 0.415664 0.310859 0.033703 0.048281
0 0.332648 0.306258 0.027609 0.028016
0 0.322070 0.314156 0.060766 0.059500
1 0.302969 0.250469 0.033281 0.054375
0 0.475922 0.777867 0.118906 0.066766
0 0.429531 0.680516 0.044312 0.026375
2 0.425125 0.355078 0.074313 0.136406
