0 0.438188 0.360844 0.031406 0.026125
1 0.215477 0.496758 0.063547 0.084297
1 0.306969 0.404336 0.061094 0.073828
0 0.217102 0.311203 0.036422 0.099781
1 0.191836 0.233891 0.021172 0.038781
1 0.406547 0.316859 0.028750 0.047531
2 0.035258 0.426227 0.070516 0.153297
0 0.171344 0.677422 0.042875 0.182969
0 0.294617 0.599656 0.033641 0.086938
0 0.346094 0.560883 0.052250 0.174484
2 0.315250 0.497531 0.102688 0.258563
2 0.231492 0.609328 0.161516 0.309156
1 0.282758 0.717891 0.098422 0.135781
0 0.223922 0.925055 0.060969 0.149891
0 0.396648 0.898430 0.055484 0.203141
1 0.530109 0.577328 0.062094 0.068469
1 0.801461 0.451352 0.048391 0.079797
1 0.489063 0.175703 0.022188 0.035469
0 0.501563 0.227422 0.019375 0.043594
0 0.056688 0.514672 0.016719 0.022813
0 0.555195 0.666828 0.053172 0.071031
2 0.521836 0.633563 0.121453 0.180687
2 0.308781 0.824844 0.231188 0.350312
2 0.792422 0.500258 0.098937 0.178391
0 0.767789 0.552609 0.041422 0.157406
0 0.817633 0.554805 0.048047 0.167797
2 0.215344 0.262984 0.069688 0.098406
2 0.408867 0.356797 0.071984 0.126719
0 0.429078 0.377031 0.070500 0.046250
2 0.491297 0.203750 0.040344 0.090938
