0 0.865000 0.631961 0.088781 0.116703
1 0.668516 0.755664 0.067813 0.101797
0 0.697977 0.949383 0.048734 0.101234
2 0.833273 0.602406 0.152703 0.174781
2 0.634453 0.852563 0.176406 0.294875
2 0.449836 0.682914 0.103453 0.214297
2 0.183016 0.556359 0.123469 0.248844
2 0.147711 0.370234 0.093391 0.138563
2 0.208930 0.373531 0.069734 0.119000
0 0.615633 0.273422 0.043203 0.032844
1 0.611703 0.224234 0.026594 0.042469
1 0.199109 0.336086 0.037500 0.044078
2 0.029141 0.265289 0.058281 0.161578
2 0.616469 0.255508 0.046656 0.104328
0 0.786148 0.627781 0.056984 0.113187
0 0.563766 0.859578 0.034500 0.098594
0 0.632297 0.262180 0.014531 0.032203
0 0.182125 0.622227 0.117875 0.089922
0 0.187391 0.405133 0.024281 0.069328
1 0.127969 0.338680 0.049281 0.075766
0 0.113047 0.438469 0.025281 0.132125
0 0.062234 0.225062 0.072344 0.051750
1 0.165758 0.473359 0.072578 0.083281
1 0.012672 0.208906 0.025344 0.049219
0 0.241008 0.576484 0.043422 0.123188
0 0.213898 0.405336 0.044297 0.048891
1 0.440641 0.616648 0.079563 0.081203
0 0.504773 0.652211 0.066672 0.068891
0 0.489391 0.745352 0.096219 0.086797
1 0.857750 0.550398 0.047906 0.070141
