2 0.841523 0.321055 0.101422 0.169453
2 0.564758 0.202266 0.057766 0.146719
2 0.583273 0.293242 0.067266 0.115078
2 0.101359 0.335094 0.100094 0.181406
0 0.833109 0.389734 0.046469 0.085844
2 0.882031 0.374883 0.103438 0.115234
1 0.916875 0.343172 0.034063 0.051469
0 0.883250 0.426281 0.048563 0.095562
0 0.878352 0.323437 0.022266 0.032437
0 0.808102 0.351930 0.034266 0.120828
0 0.131031 0.384797 0.040156 0.079156
0 0.547320 0.230547 0.022953 0.107031
1 0.873047 0.266406 0.038500 0.060313
0 0.569273 0.320023 0.039391 0.057453
0 0.602313 0.324375 0.029844 0.051562
1 0.587625 0.261984 0.028656 0.052281
1 0.575375 0.149188 0.023906 0.040375
1 0.079313 0.278531 0.055188 0.070438
