1 0.379875 0.266047 0.051719 0.058937
0 0.347484 0.493555 0.033906 0.087016
0 0.244773 0.529937 0.032234 0.098281
1 0.199539 0.343656 0.033922 0.054688
0 0.231500 0.372469 0.032437 0.074687
0 0.204625 0.407617 0.088281 0.067984
1 0.278773 0.398305 0.062141 0.079078
2 0.388789 0.166398 0.051516 0.124422
2 0.386969 0.345398 0.077062 0.218891
2 0.204352 0.379172 0.090422 0.126031
2 0.298438 0.472586 0.135813 0.227328
0 0.371141 0.203828 0.014844 0.055781
0 0.407055 0.207008 0.015984 0.092859
0 0.358094 0.408961 0.021563 0.085922
0 0.408523 0.408195 0.036047 0.154672
1 0.385000 0.122891 0.024375 0.037656
