0 0.620391 0.296383 0.020469 0.095984
0 0.571375 0.269375 0.015469 0.050937
0 0.501883 0.240719 0.029703 0.039844
1 0.490422 0.282656 0.036063 0.056531
0 0.462750 0.263055 0.011375 0.069547
1 0.483195 0.203000 0.021422 0.037656
1 0.483750 0.579438 0.051813 0.071406
0 0.540188 0.635313 0.058969 0.040375
0 0.540719 0.678797 0.071875 0.083156
0 0.842875 0.659445 0.082312 0.086422
1 0.851898 0.544875 0.054641 0.066625
0 0.808695 0.620172 0.032422 0.065562
2 0.845750 0.607430 0.087312 0.190766
2 0.488523 0.662789 0.105547 0.236891
2 0.557008 0.386594 0.043109 0.147125
2 0.311867 0.317266 0.055141 0.175563
2 0.361930 0.295508 0.030828 0.115297
2 0.496594 0.372789 0.083094 0.236422
1 0.596523 0.211125 0.022672 0.041719
2 0.487250 0.240852 0.059563 0.113516
2 0.597383 0.264570 0.054953 0.148766
2 0.040078 0.379891 0.080156 0.210656
2 0.272617 0.413055 0.112891 0.223547
0 0.050680 0.408266 0.057547 0.128281
1 0.016258 0.299977 0.032516 0.051516
0 0.307078 0.438500 0.043687 0.109500
0 0.228766 0.435766 0.025031 0.078875
1 0.259523 0.333078 0.049547 0.063281
0 0.351312 0.327133 0.037250 0.051172
0 0.328805 0.338297 0.085172 0.077156
1 0.315102 0.255078 0.035172 0.050938
1 0.364156 0.262453 0.019688 0.049062
0 0.531313 0.415180 0.026938 0.149641
0 0.543742 0.368094 0.022203 0.012969
1 0.564211 0.336156 0.028766 0.045781
0 0.389656 0.318688 0.045781 0.042500
