0 0.285477 0.488859 0.105297 0.084563
0 0.686234 0.676211 0.047312 0.103391
1 0.727781 0.572523 0.069437 0.118859
2 0.367305 0.496531 0.089141 0.163625
2 0.592867 0.370773 0.074828 0.171641
0 0.961898 0.304180 0.034109 0.131953
1 0.996039 0.225445 0.007922 0.059234
0 0.606187 0.411219 0.058812 0.069937
1 0.371305 0.446797 0.047609 0.063281
1 0.605633 0.321625 0.045922 0.071406
2 0.734422 0.620703 0.148719 0.219500
2 0.971594 0.282070 0.056813 0.174203
2 0.275102 0.458945 0.094641 0.249797
0 0.421789 0.528867 0.052859 0.131391
1 0.275570 0.377984 0.052828 0.085000
0 0.344805 0.542641 0.074922 0.104875
