2 0.162320 0.637086 0.089703 0.198953
1 0.569992 0.217250 0.034891 0.042313
1 0.647727 0.254797 0.030953 0.038281
0 0.579531 0.314672 0.018188 0.102219
0 0.605875 0.291578 0.027844 0.068625
1 0.294516 0.598609 0.058469 0.073313
1 0.176828 0.576164 0.058562 0.076172
0 0.179836 0.722539 0.069391 0.140234
0 0.321641 0.708672 0.029781 0.070469
1 0.599961 0.738039 0.116078 0.116047
0 0.620742 0.933375 0.051484 0.133250
2 0.592180 0.840102 0.144828 0.319797
0 0.669281 0.281367 0.039375 0.029797
2 0.626125 0.274781 0.073656 0.077531
2 0.557312 0.281148 0.062375 0.169359
2 0.282766 0.664273 0.110000 0.204547
