0 0.437148 0.218234 0.011891 0.038281
0 0.463633 0.217297 0.036109 0.047969
2 0.472305 0.486656 0.091484 0.218875
0 0.439000 0.541477 0.024375 0.109984
2 0.736570 0.457711 0.091391 0.187672
0 0.663289 0.407898 0.073141 0.065609
0 0.778000 0.521117 0.049906 0.157078
1 0.741344 0.393180 0.060531 0.058328
2 0.557430 0.372250 0.045672 0.120688
1 0.556070 0.335172 0.032672 0.046094
0 0.524742 0.365406 0.044078 0.019375
0 0.531891 0.397508 0.056406 0.055609
1 0.468836 0.407141 0.045797 0.056719
2 0.222578 0.376305 0.075031 0.208641
2 0.163133 0.331242 0.045578 0.107328
1 0.019914 0.307906 0.039828 0.059094
1 0.108789 0.348844 0.046797 0.063844
0 0.179711 0.467469 0.029609 0.102719
0 0.080055 0.472484 0.034391 0.081562
0 0.031352 0.457117 0.062703 0.142516
2 0.039133 0.389695 0.078266 0.223266
2 0.129148 0.435156 0.131484 0.235313
1 0.159313 0.300164 0.037969 0.044109
1 0.208289 0.299586 0.040078 0.055453
0 0.200523 0.436641 0.029766 0.126406
0 0.166703 0.359844 0.039719 0.050625
2 0.567688 0.903078 0.149906 0.180656
0 0.603008 0.864516 0.018516 0.026031
1 0.554672 0.865648 0.077531 0.108391
0 0.626734 0.908133 0.031438 0.075172
2 0.639711 0.966602 0.101453 0.066797
1 0.639711 0.966766 0.100141 0.066469
2 0.456781 0.214227 0.051281 0.131422
1 0.445586 0.169078 0.020953 0.041844
