2 0.434500 0.456781 0.079125 0.183312
2 0.771328 0.774703 0.318281 0.409031
1 0.325258 0.291242 0.034547 0.066359
1 0.428969 0.396172 0.034500 0.059687
1 0.557625 0.251844 0.032437 0.050000
1 0.762680 0.256156 0.038641 0.063000
0 0.740180 0.334828 0.035109 0.066562
0 0.796813 0.320797 0.015000 0.054219
0 0.856422 0.658320 0.144406 0.178703
0 0.666625 0.690633 0.111937 0.198234
0 0.593297 0.347250 0.018750 0.131906
0 0.525867 0.362234 0.022141 0.127969
0 0.432156 0.505437 0.071281 0.127656
0 0.357320 0.355094 0.054953 0.067250
0 0.307656 0.407531 0.019281 0.142375
1 0.761375 0.628852 0.084563 0.115984
2 0.770672 0.303836 0.071219 0.161578
2 0.558258 0.315547 0.086828 0.177875
2 0.335289 0.351016 0.074641 0.187812
