2 0.889945 0.407938 0.103391 0.258500
2 0.710805 0.235461 0.067859 0.121234
2 0.523672 0.631633 0.142656 0.314359
0 0.606617 0.328102 0.026391 0.121984
0 0.698781 0.248758 0.045375 0.054047
0 0.564266 0.346250 0.015250 0.089063
0 0.887687 0.483992 0.065063 0.169172
0 0.820961 0.326820 0.031734 0.027828
0 0.731414 0.247766 0.022422 0.044469
0 0.766484 0.358312 0.039531 0.127969
2 0.589477 0.289555 0.048328 0.165328
2 0.791195 0.302719 0.082141 0.174250
0 0.469961 0.701820 0.048984 0.217297
0 0.592469 0.699437 0.068531 0.180438
1 0.513742 0.524961 0.064453 0.093922
1 0.588320 0.230469 0.033766 0.045625
1 0.809156 0.247383 0.042687 0.060922
1 0.913312 0.315500 0.049531 0.069781
1 0.715148 0.198406 0.025672 0.044844
