1 0.538844 0.405961 0.030000 0.061828
1 0.343242 0.556133 0.051703 0.076797
0 0.352938 0.690031 0.056594 0.103844
0 0.365180 0.687625 0.013391 0.040156
2 0.331711 0.639641 0.099391 0.244281
0 0.566523 0.456359 0.016422 0.064000
0 0.524039 0.516031 0.055453 0.137000
0 0.644203 0.341875 0.041750 0.108406
0 0.628891 0.335594 0.016094 0.054063
0 0.564445 0.254367 0.054641 0.048828
1 0.553633 0.211031 0.025016 0.038281
1 0.647055 0.245156 0.036109 0.045625
1 0.970750 0.475000 0.058500 0.089063
0 0.917242 0.641344 0.158797 0.096375
0 0.906836 0.622609 0.046547 0.054344
2 0.954000 0.578742 0.092000 0.296672
1 0.809297 0.222281 0.031250 0.057969
0 0.811172 0.282117 0.060000 0.056703
0 0.794859 0.288906 0.034844 0.061875
2 0.807656 0.278086 0.066906 0.170484
2 0.648000 0.296266 0.053125 0.148063
2 0.565750 0.264898 0.057375 0.145797
2 0.534602 0.446242 0.079766 0.142828
