2 0.207992 0.378875 0.061828 0.126312
1 0.836523 0.524766 0.062703 0.065313
1 0.480867 0.589922 0.056266 0.069937
2 0.477125 0.689539 0.109000 0.269297
2 0.829258 0.585688 0.103172 0.187375
0 0.798289 0.613148 0.106547 0.092203
0 0.789422 0.572680 0.028594 0.028641
2 0.526211 0.362477 0.075766 0.205766
2 0.624289 0.252820 0.048547 0.109891
1 0.620977 0.221055 0.032641 0.047516
0 0.637258 0.276156 0.022484 0.062688
0 0.542508 0.425187 0.023766 0.140813
1 0.011344 0.369055 0.022687 0.061828
0 0.242148 0.403305 0.038109 0.034516
0 0.526727 0.658391 0.073828 0.038375
0 0.237242 0.410227 0.059891 0.054641
1 0.542078 0.292938 0.041594 0.066625
1 0.204078 0.338672 0.035125 0.044688
0 0.491812 0.754500 0.074563 0.136531
0 0.039703 0.462117 0.037156 0.038266
2 0.031953 0.453016 0.063906 0.229312
