0 0.785250 0.623930 0.046250 0.097766
2 0.360375 0.281109 0.032094 0.086250
2 0.313727 0.316492 0.075859 0.149641
0 0.355313 0.325398 0.044844 0.051516
2 0.431727 0.323656 0.065328 0.211125
2 0.469922 0.238531 0.046406 0.124344
2 0.584617 0.278859 0.058516 0.136656
2 0.531555 0.369156 0.067953 0.113875
2 0.326820 0.419609 0.089422 0.220781
2 0.475469 0.682023 0.116125 0.233453
2 0.825109 0.628187 0.126531 0.177062
0 0.828781 0.667555 0.118938 0.098328
1 0.841148 0.579289 0.058328 0.080109
0 0.538328 0.702953 0.117531 0.081531
0 0.525086 0.667859 0.076109 0.026469
1 0.456227 0.601281 0.077016 0.072813
1 0.461156 0.194953 0.021875 0.036719
1 0.569906 0.232141 0.028125 0.042031
0 0.453781 0.356805 0.039313 0.110453
0 0.512555 0.374344 0.029547 0.037969
1 0.546930 0.331141 0.028609 0.038125
0 0.579688 0.301281 0.042563 0.072844
0 0.530188 0.282984 0.060000 0.041219
0 0.470266 0.249242 0.042344 0.049672
1 0.432328 0.245984 0.033281 0.055844
1 0.365297 0.259938 0.018594 0.044063
1 0.334430 0.267047 0.033453 0.051094
1 0.319609 0.341875 0.051344 0.064375
0 0.351586 0.467305 0.039703 0.114453
2 0.041547 0.402305 0.083094 0.164578
0 0.054891 0.406867 0.054406 0.127516
