2 0.980945 0.538312 0.038109 0.151906
1 0.374359 0.317445 0.039969 0.065984
0 0.398523 0.385539 0.020359 0.053391
0 0.296422 0.244109 0.022781 0.057125
2 0.317398 0.229758 0.066359 0.125797
0 0.968828 0.605531 0.062344 0.064250
0 0.953313 0.566086 0.040844 0.095078
0 0.704203 0.293938 0.020594 0.061000
1 0.691492 0.243359 0.033422 0.050344
1 0.989625 0.489430 0.020750 0.053891
2 0.676773 0.304352 0.075109 0.172422
2 0.680656 0.230625 0.045094 0.100938
0 0.667117 0.252719 0.017453 0.056500
0 0.366180 0.397000 0.069891 0.080375
2 0.365922 0.366148 0.070062 0.163328
1 0.659437 0.183875 0.020938 0.036875
1 0.344039 0.190211 0.013547 0.046234
2 0.650227 0.208078 0.039234 0.085188
1 0.692555 0.199422 0.021516 0.037781
0 0.657234 0.348898 0.036594 0.107984
