0 0.917117 0.500922 0.082609 0.083781
0 0.821594 0.500758 0.046656 0.148484
2 0.878156 0.480633 0.160344 0.210922
1 0.168437 0.302945 0.041562 0.047234
2 0.173102 0.339570 0.051828 0.120547
0 0.037687 0.408477 0.043156 0.113516
2 0.035867 0.404664 0.071734 0.151297
2 0.350336 0.339195 0.118234 0.190109
0 0.454109 0.718117 0.061125 0.135984
2 0.319094 0.341852 0.054781 0.129734
2 0.550648 0.383437 0.067703 0.109031
2 0.590898 0.303070 0.067547 0.112641
2 0.671734 0.326656 0.072156 0.182094
1 0.668367 0.259203 0.041422 0.045625
1 0.596570 0.267250 0.025953 0.040781
0 0.556578 0.317578 0.041094 0.041563
0 0.442000 0.676984 0.048188 0.064938
0 0.605492 0.329281 0.038016 0.059688
0 0.698617 0.332070 0.018453 0.088578
0 0.639969 0.352922 0.042969 0.105250
0 0.523609 0.415656 0.030969 0.044312
1 0.569234 0.341898 0.029469 0.025859
1 0.352508 0.271469 0.040641 0.054062
0 0.308766 0.346133 0.035812 0.075859
0 0.388891 0.338852 0.038781 0.051141
0 0.195891 0.365305 0.068000 0.045328
2 0.414594 0.722547 0.143250 0.184594
1 0.888344 0.409922 0.052656 0.067969
1 0.383391 0.663695 0.080625 0.068172
