1 0.222344 0.510578 0.075125 0.090531
2 0.747766 0.915328 0.132844 0.169344
0 0.532664 0.371070 0.041641 0.017859
0 0.531516 0.400781 0.051063 0.055625
0 0.589555 0.263367 0.024328 0.052359
0 0.614492 0.267203 0.060266 0.059937
0 0.629578 0.960227 0.072719 0.079547
2 0.162453 0.319602 0.039219 0.087859
2 0.207430 0.401414 0.081297 0.183109
0 0.223344 0.435352 0.047281 0.066359
0 0.202781 0.649281 0.047594 0.178094
0 0.245891 0.653234 0.116656 0.147531
2 0.021641 0.361687 0.043281 0.193500
0 0.036953 0.391492 0.045781 0.152641
1 0.400859 0.319375 0.041094 0.058438
1 0.442742 0.344148 0.046422 0.063453
1 0.568195 0.336984 0.038141 0.049094
0 0.414523 0.428891 0.029797 0.120906
0 0.441578 0.407695 0.061875 0.079703
2 0.441875 0.401281 0.064844 0.179562
2 0.400477 0.372625 0.043203 0.164156
2 0.558984 0.370555 0.060625 0.118266
2 0.615508 0.243273 0.059922 0.124328
2 0.579922 0.909891 0.172656 0.180219
0 0.612945 0.908453 0.041516 0.035969
2 0.242945 0.615844 0.129547 0.303625
1 0.766586 0.915969 0.094109 0.168062
1 0.006914 0.293820 0.013828 0.058391
1 0.165000 0.299875 0.031031 0.046094
1 0.193141 0.345773 0.050625 0.069859
1 0.562680 0.875828 0.081922 0.110844
1 0.623391 0.204867 0.029062 0.045047
