0 0.079609 0.230250 0.037344 0.051750
2 0.839734 0.628359 0.123437 0.169000
2 0.617437 0.834180 0.160906 0.331641
2 0.473078 0.682312 0.091156 0.237875
2 0.203859 0.382203 0.046375 0.132031
2 0.208758 0.478539 0.104672 0.249703
0 0.526633 0.660672 0.060484 0.027813
0 0.525891 0.714195 0.101781 0.087797
0 0.848602 0.643992 0.105703 0.104516
0 0.816508 0.644023 0.076109 0.137578
0 0.672328 0.908648 0.049688 0.138516
0 0.552187 0.838422 0.032813 0.105656
2 0.036562 0.321937 0.073125 0.179187
2 0.058727 0.257234 0.079547 0.166156
1 0.868094 0.585258 0.049844 0.080641
1 0.624172 0.712797 0.064625 0.094094
1 0.467727 0.600828 0.073141 0.074688
0 0.622070 0.380766 0.022797 0.051031
1 0.569148 0.330984 0.042453 0.038062
2 0.582211 0.359305 0.069016 0.094828
0 0.239875 0.405344 0.043437 0.017656
1 0.204047 0.339578 0.045312 0.046406
0 0.232062 0.420242 0.052281 0.037234
0 0.223242 0.543789 0.076328 0.161172
0 0.073070 0.343781 0.070922 0.096437
0 0.064047 0.240992 0.066125 0.068641
1 0.036852 0.200586 0.035172 0.051016
1 0.015813 0.255406 0.031625 0.045187
1 0.188055 0.389164 0.060922 0.069797
