2 0.383039 0.230320 0.045266 0.101172
1 0.405953 0.313633 0.029375 0.041172
0 0.418758 0.375852 0.035984 0.045203
2 0.400891 0.357555 0.071594 0.128328
1 0.488664 0.606383 0.068328 0.075672
0 0.532305 0.670063 0.096109 0.089094
0 0.532984 0.630797 0.069250 0.037781
0 0.300992 0.704828 0.143141 0.158781
0 0.311383 0.717211 0.141453 0.166203
1 0.314805 0.591398 0.070453 0.109703
0 0.149836 0.812727 0.146172 0.105391
1 0.148102 0.797516 0.110609 0.140906
1 0.539703 0.351023 0.030906 0.050141
0 0.525062 0.371750 0.034063 0.020625
0 0.560391 0.437289 0.045062 0.076984
1 0.783125 0.425039 0.057625 0.074922
0 0.779102 0.500703 0.077422 0.077969
0 0.740250 0.469414 0.035000 0.079703
2 0.773891 0.482039 0.102406 0.189984
2 0.553516 0.388070 0.059781 0.124797
1 0.572328 0.882648 0.105156 0.162203
0 0.046047 0.466984 0.034344 0.120844
2 0.032164 0.447828 0.064328 0.160031
2 0.479102 0.688414 0.109516 0.237234
0 0.471211 0.941164 0.080703 0.117672
2 0.534031 0.901016 0.204969 0.197969
0 0.401352 0.229094 0.007422 0.042656
2 0.306336 0.697422 0.152578 0.321094
2 0.167664 0.864680 0.187516 0.270641
0 0.382883 0.242555 0.044984 0.049578
1 0.390937 0.195297 0.007187 0.030781
