1 0.404117 0.477805 0.058109 0.081078
0 0.352398 0.610648 0.064547 0.120766
0 0.472508 0.591672 0.054078 0.055719
2 0.833945 0.611789 0.132453 0.177047
1 0.839945 0.554508 0.053484 0.064109
0 0.789984 0.625500 0.043531 0.101187
0 0.861945 0.660000 0.077984 0.080938
2 0.852242 0.879922 0.171328 0.240156
1 0.893898 0.818883 0.088609 0.116766
2 0.633695 0.259148 0.048984 0.114141
2 0.206828 0.375320 0.057000 0.123766
2 0.398562 0.565531 0.097844 0.257375
0 0.648555 0.284008 0.018797 0.049172
1 0.628945 0.226688 0.034547 0.047656
1 0.211117 0.338531 0.047891 0.049281
0 0.233094 0.411086 0.056562 0.054391
