1 0.572414 0.232813 0.036609 0.052719
0 0.600773 0.344828 0.034672 0.137469
0 0.529062 0.308336 0.059563 0.101203
1 0.430430 0.230211 0.035797 0.061266
0 0.405992 0.329383 0.014203 0.140859
0 0.446156 0.291625 0.056625 0.084937
1 0.185305 0.331781 0.043203 0.054594
2 0.013289 0.279000 0.026578 0.115844
0 0.020297 0.283773 0.036000 0.119328
2 0.634445 0.353242 0.090766 0.224141
1 0.642523 0.272695 0.040891 0.059234
1 0.806172 0.681398 0.089219 0.120078
2 0.200344 0.373313 0.085219 0.139531
2 0.435859 0.288883 0.076125 0.178328
2 0.585555 0.293656 0.064547 0.178000
0 0.608313 0.331031 0.033688 0.095594
2 0.789594 0.715414 0.124094 0.189328
0 0.204086 0.405148 0.094641 0.074984
0 0.242445 0.376133 0.058797 0.093797
0 0.657961 0.401383 0.039391 0.149203
