0 0.494711 0.244500 0.028141 0.055781
2 0.497680 0.659195 0.115016 0.233016
2 0.361344 0.295273 0.031812 0.109453
2 0.317898 0.318336 0.065797 0.178328
2 0.251586 0.429867 0.084109 0.232141
0 0.803297 0.630844 0.024531 0.060156
2 0.837000 0.620633 0.092281 0.188922
2 0.478609 0.238328 0.061063 0.116469
2 0.595773 0.260187 0.040828 0.127125
2 0.558680 0.373344 0.054984 0.122406
2 0.488523 0.400984 0.092391 0.248344
0 0.450430 0.402664 0.016266 0.060922
0 0.387680 0.318344 0.050641 0.038906
1 0.470766 0.198969 0.021563 0.038281
1 0.599109 0.220344 0.024844 0.046781
0 0.605844 0.292727 0.019875 0.061328
1 0.844797 0.558297 0.049906 0.064906
0 0.839008 0.668828 0.084047 0.092656
1 0.508102 0.578641 0.048297 0.071250
0 0.549664 0.647922 0.039547 0.034063
0 0.558859 0.692242 0.069406 0.085828
0 0.521219 0.458773 0.027750 0.159953
0 0.548000 0.390172 0.033187 0.035625
0 0.540063 0.368141 0.025000 0.015625
1 0.560656 0.337820 0.032906 0.051391
1 0.492797 0.307953 0.040188 0.062875
0 0.465328 0.252391 0.034406 0.052187
1 0.363148 0.263273 0.023391 0.045328
1 0.316531 0.254672 0.035781 0.051562
0 0.355578 0.344539 0.039688 0.048891
0 0.322211 0.337320 0.058359 0.076359
1 0.237828 0.345844 0.048094 0.065813
0 0.277875 0.484305 0.045656 0.131703
2 0.041867 0.376945 0.083734 0.204859
0 0.055320 0.407648 0.058672 0.123609
1 0.018086 0.301391 0.036172 0.054219
