0 0.619141 0.274555 0.027719 0.055672
2 0.236430 0.504031 0.099078 0.270375
2 0.200219 0.366781 0.040906 0.106188
2 0.605664 0.264367 0.054703 0.117922
2 0.544687 0.379445 0.063313 0.119234
2 0.319984 0.423281 0.094312 0.219563
2 0.026047 0.263727 0.052094 0.159328
2 0.607539 0.856016 0.160203 0.287969
0 0.539828 0.878820 0.025219 0.072828
0 0.663016 0.959594 0.048781 0.080813
2 0.843617 0.620445 0.139266 0.180047
0 0.886555 0.648336 0.054016 0.124484
1 0.868125 0.566258 0.052531 0.072734
0 0.806227 0.610070 0.064641 0.080172
2 0.501203 0.671055 0.126562 0.224172
1 0.507492 0.593875 0.065891 0.069719
0 0.564188 0.640016 0.063750 0.052656
1 0.632672 0.767891 0.068938 0.110969
0 0.562719 0.683547 0.090937 0.096563
1 0.597250 0.227539 0.025469 0.044047
0 0.590750 0.288070 0.025938 0.054797
1 0.562922 0.338102 0.027031 0.035766
0 0.524719 0.387625 0.039062 0.047031
0 0.369016 0.456195 0.029625 0.137609
0 0.288977 0.477234 0.031516 0.155469
0 0.286883 0.533078 0.014797 0.082281
0 0.217727 0.578469 0.061234 0.185312
1 0.234813 0.409469 0.058281 0.082000
1 0.313109 0.348359 0.045312 0.070781
1 0.200930 0.335813 0.038141 0.044375
0 0.064703 0.227609 0.065781 0.050000
1 0.014109 0.208859 0.028219 0.049687
