2 0.633477 0.387445 0.095234 0.206359
2 0.515805 0.666250 0.153172 0.225000
2 0.585438 0.240828 0.050219 0.110156
0 0.595039 0.492414 0.024734 0.057016
1 0.906398 0.546023 0.065984 0.070703
0 0.854586 0.610437 0.066359 0.104969
0 0.896641 0.632117 0.110656 0.084141
1 0.012422 0.208344 0.024844 0.049125
0 0.061875 0.228797 0.072594 0.054219
2 0.028586 0.260891 0.057172 0.156844
1 0.196219 0.333695 0.041156 0.036609
1 0.190047 0.378078 0.052844 0.072250
2 0.885820 0.610414 0.132297 0.199484
0 0.200117 0.532266 0.043203 0.158094
0 0.625109 0.224961 0.062594 0.052859
0 0.584453 0.269125 0.047281 0.051125
0 0.230250 0.398945 0.025500 0.062609
2 0.211102 0.362938 0.073422 0.096313
2 0.208453 0.463844 0.091031 0.241750
1 0.524273 0.593648 0.072828 0.076734
0 0.560812 0.687172 0.065281 0.100250
0 0.556477 0.635234 0.040359 0.023813
1 0.657547 0.323484 0.042156 0.073875
1 0.549031 0.342156 0.026719 0.038750
0 0.522937 0.378477 0.034844 0.020172
0 0.520906 0.399336 0.055438 0.049578
2 0.553406 0.381383 0.052750 0.118703
0 0.605703 0.428398 0.039938 0.101891
1 0.578727 0.209945 0.035797 0.047266
