2 0.627930 0.290828 0.066141 0.145219
2 0.926383 0.321031 0.089328 0.168625
0 0.350836 0.419836 0.039203 0.126359
0 0.223016 0.457906 0.066094 0.150656
2 0.499781 0.253484 0.018219 0.145344
1 0.640617 0.248359 0.035641 0.056406
1 0.500797 0.204430 0.013438 0.044828
1 0.362922 0.303156 0.036469 0.059531
1 0.173930 0.330422 0.051516 0.061688
0 0.418383 0.393273 0.037578 0.116641
0 0.627453 0.316000 0.063563 0.059094
0 0.895922 0.356609 0.070875 0.063563
0 0.890117 0.323422 0.027453 0.036406
1 0.927508 0.269102 0.047516 0.064422
2 0.374086 0.366203 0.085828 0.186688
2 0.199187 0.408359 0.107406 0.219813
