0 0.692187 0.704297 0.056250 0.096094
0 0.405492 0.743711 0.058672 0.038922
0 0.666969 0.710977 0.019875 0.038828
0 0.296539 0.640500 0.054828 0.070281
2 0.360312 0.740625 0.117500 0.196875
2 0.308203 0.672969 0.169531 0.136875
1 0.258203 0.642656 0.066406 0.075625
2 0.351172 0.483984 0.099219 0.133594
2 0.731250 0.698828 0.137500 0.157031
1 0.343359 0.449609 0.039844 0.061719
1 0.343750 0.685547 0.065625 0.086719
1 0.689453 0.410156 0.038281 0.067187
1 0.744141 0.665234 0.066406 0.086719
0 0.344531 0.509766 0.085938 0.078906
0 0.373828 0.485156 0.028906 0.076563
0 0.728125 0.496875 0.050000 0.115625
0 0.673438 0.464062 0.025000 0.050000
0 0.408047 0.794141 0.084844 0.085156
2 0.711797 0.457813 0.082656 0.162500
