0 0.807953 0.614633 0.047281 0.076359
2 0.381344 0.356523 0.049938 0.127891
2 0.547687 0.228062 0.046938 0.099187
2 0.433211 0.499781 0.068828 0.193531
2 0.411422 0.888789 0.173062 0.222422
0 0.415836 0.355250 0.035766 0.027219
0 0.407766 0.381437 0.060281 0.054312
1 0.444227 0.442273 0.046891 0.078891
2 0.850586 0.620891 0.132328 0.198219
0 0.420859 0.595633 0.030156 0.178641
1 0.382734 0.316219 0.048438 0.045938
0 0.560258 0.247391 0.022047 0.042813
1 0.539008 0.197313 0.023922 0.037031
1 0.407508 0.854469 0.113359 0.156406
0 0.483367 0.578172 0.038297 0.078344
0 0.480961 0.955430 0.032766 0.089141
1 0.874508 0.558312 0.061984 0.074000
0 0.868945 0.668219 0.094891 0.103563
