0 0.306672 0.683477 0.059594 0.042891
1 0.655914 0.191977 0.022203 0.035734
0 0.666898 0.261516 0.017453 0.080406
0 0.633961 0.254742 0.023266 0.074797
0 0.807227 0.238906 0.019547 0.028750
2 0.792828 0.251945 0.049562 0.107359
2 0.649180 0.233180 0.053953 0.118953
2 0.841445 0.328469 0.081203 0.170281
2 0.538586 0.449094 0.080453 0.157125
2 0.964844 0.580977 0.070312 0.328109
2 0.281977 0.660234 0.124797 0.212656
0 0.852680 0.388109 0.058422 0.126250
0 0.827281 0.354828 0.052438 0.115656
1 0.539156 0.395141 0.033094 0.049938
0 0.516078 0.427477 0.033937 0.080984
0 0.565891 0.458328 0.025656 0.085813
0 0.917750 0.641820 0.138312 0.168016
1 0.258469 0.591719 0.058406 0.075312
1 0.851047 0.272141 0.040562 0.058500
0 0.312289 0.720852 0.064359 0.092672
1 0.977539 0.467203 0.044922 0.101219
