1 0.623281 0.435086 0.049125 0.072328
1 0.635266 0.384938 0.032031 0.048281
1 0.884867 0.251328 0.038453 0.060156
1 0.843008 0.285367 0.037078 0.058016
0 0.862992 0.407937 0.036266 0.101312
0 0.807148 0.308258 0.038953 0.081922
2 0.029734 0.444758 0.059469 0.224328
0 0.404891 0.444164 0.065375 0.088547
1 0.392367 0.354953 0.044391 0.046875
2 0.153492 0.801758 0.206266 0.263359
0 0.192922 0.871891 0.078156 0.123750
1 0.095937 0.741758 0.090750 0.141484
1 0.115398 0.604883 0.066547 0.079141
0 0.187773 0.623891 0.055922 0.060500
0 0.198617 0.623570 0.086734 0.146109
2 0.145352 0.638102 0.126078 0.145609
2 0.632836 0.414078 0.076078 0.105563
0 0.579398 0.535305 0.019328 0.051234
2 0.613109 0.226836 0.057594 0.128234
2 0.642055 0.260625 0.073203 0.169781
0 0.657906 0.445719 0.024687 0.042188
2 0.393820 0.401602 0.068828 0.140234
0 0.424859 0.436344 0.019844 0.063750
2 0.836086 0.355367 0.097766 0.197703
2 0.879461 0.296625 0.049797 0.150563
0 0.884664 0.339906 0.018047 0.063719
0 0.598461 0.215813 0.028609 0.056875
1 0.622148 0.181062 0.023391 0.036469
1 0.656312 0.198297 0.030625 0.045938
0 0.616477 0.287148 0.022453 0.097891
0 0.670922 0.280711 0.015562 0.070891
2 0.627031 0.515898 0.115937 0.234078
0 0.673875 0.530656 0.022594 0.064000
