2 0.349430 0.190289 0.022047 0.073797
0 0.367945 0.391961 0.078422 0.088891
0 0.852062 0.371023 0.036781 0.132953
1 0.862406 0.253945 0.037188 0.053047
0 0.805383 0.345062 0.016328 0.061156
0 0.968555 0.598164 0.062891 0.079703
0 0.955523 0.564164 0.037672 0.104359
2 0.979461 0.544016 0.041078 0.142656
2 0.838883 0.320266 0.084422 0.186031
1 0.660039 0.183688 0.022359 0.037312
1 0.687430 0.202937 0.029547 0.046719
0 0.678602 0.203484 0.040641 0.059062
1 0.348094 0.172437 0.019469 0.036656
1 0.450414 0.143172 0.017672 0.038906
2 0.452242 0.192578 0.026766 0.138094
0 0.452734 0.243672 0.007500 0.041094
0 0.452680 0.168672 0.023922 0.061094
2 0.646406 0.213063 0.049719 0.096688
2 0.679828 0.231391 0.045062 0.104406
2 0.364289 0.359547 0.070391 0.154031
1 0.370672 0.316516 0.040687 0.067906
