0 0.657477 0.326008 0.038422 0.083484
2 0.204180 0.379781 0.085328 0.126688
1 0.442867 0.124594 0.022828 0.042812
0 0.486313 0.371125 0.047750 0.119281
0 0.428992 0.203852 0.009672 0.079047
2 0.476297 0.327797 0.069562 0.205344
2 0.645063 0.293430 0.063563 0.165953
0 0.462758 0.194773 0.016359 0.066641
2 0.447781 0.174414 0.048281 0.142328
0 0.237555 0.375312 0.044891 0.075812
1 0.461773 0.258828 0.041047 0.066094
0 0.203891 0.407313 0.084969 0.071000
1 0.203734 0.343633 0.035469 0.054547
1 0.648039 0.235891 0.038141 0.050406
