2 0.809586 0.307250 0.087609 0.170813
1 0.576125 0.140313 0.021875 0.038750
1 0.587789 0.258750 0.028609 0.055938
2 0.067289 0.342156 0.102828 0.167813
1 0.050617 0.296047 0.052391 0.074156
2 0.582266 0.290477 0.068031 0.120297
2 0.564594 0.191328 0.061594 0.140469
0 0.602172 0.324742 0.027781 0.050828
0 0.543734 0.218500 0.019875 0.094250
0 0.024680 0.363555 0.018484 0.047578
0 0.108250 0.379945 0.019906 0.087641
0 0.883164 0.422367 0.050328 0.105266
0 0.776477 0.336289 0.021578 0.110234
0 0.833055 0.348062 0.040141 0.120438
1 0.916859 0.341766 0.031219 0.047812
1 0.824969 0.247875 0.029500 0.054562
0 0.567703 0.318000 0.038875 0.058688
2 0.879820 0.374687 0.105172 0.114375
