1 0.160805 0.300977 0.037859 0.045797
0 0.727281 0.392109 0.034687 0.037188
0 0.677570 0.333094 0.027203 0.085781
0 0.557953 0.314891 0.040000 0.046406
1 0.554281 0.271375 0.028281 0.049063
0 0.519117 0.381812 0.043141 0.042188
0 0.503898 0.254563 0.017203 0.061750
0 0.515430 0.263898 0.040578 0.072266
0 0.525758 0.324000 0.027984 0.044687
1 0.553875 0.333688 0.033906 0.044062
0 0.862844 0.475500 0.100531 0.060562
1 0.209336 0.362477 0.045391 0.048734
0 0.251008 0.442242 0.075016 0.062203
0 0.178281 0.363719 0.037344 0.052656
2 0.227570 0.405648 0.081766 0.135266
2 0.168047 0.334031 0.056312 0.111625
2 0.515953 0.222914 0.041750 0.090172
2 0.555438 0.298805 0.064156 0.104734
2 0.538852 0.371008 0.064109 0.118547
2 0.691008 0.368891 0.054422 0.143844
2 0.408898 0.705492 0.134234 0.171953
2 0.846281 0.469539 0.133438 0.208109
1 0.879734 0.400313 0.052313 0.068813
1 0.508695 0.199844 0.026734 0.043906
1 0.376453 0.657102 0.069937 0.077203
0 0.447508 0.745164 0.053766 0.079297
0 0.812711 0.467719 0.065797 0.093531
