0 0.183289 0.729914 0.070016 0.127047
2 0.188781 0.651711 0.100375 0.185016
2 0.272914 0.651289 0.112172 0.207109
2 0.893797 0.347055 0.112312 0.155578
2 0.810437 0.418195 0.101844 0.140047
2 0.792297 0.496875 0.149594 0.205625
2 0.960680 0.512383 0.075766 0.156703
0 0.928250 0.512930 0.052719 0.086609
0 0.945070 0.556406 0.095797 0.068438
1 0.827773 0.379320 0.066953 0.061891
0 0.854594 0.328688 0.034375 0.064500
0 0.935406 0.322078 0.029219 0.035000
1 0.924922 0.294922 0.046875 0.051562
1 0.972133 0.457609 0.048453 0.047281
0 0.761852 0.484391 0.049516 0.095281
1 0.827187 0.426719 0.052719 0.065313
0 0.238391 0.207141 0.014531 0.052281
2 0.260242 0.213547 0.059234 0.112438
1 0.208344 0.595617 0.060625 0.072516
1 0.274750 0.587797 0.050000 0.078469
0 0.314977 0.697289 0.026453 0.115109
