1 0.105492 0.327430 0.043734 0.074828
2 0.491211 0.202477 0.039922 0.088328
2 0.777000 0.469367 0.111594 0.202828
2 0.403289 0.356859 0.063297 0.128469
2 0.259555 0.522664 0.125922 0.272797
2 0.132414 0.462055 0.119609 0.250266
2 0.116453 0.357141 0.121875 0.134469
2 0.255469 0.281914 0.068531 0.115859
2 0.298047 0.759898 0.214969 0.367859
2 0.517805 0.634516 0.124953 0.190656
1 0.317656 0.917664 0.122125 0.164672
0 0.732875 0.503992 0.024156 0.132016
0 0.808836 0.542430 0.045109 0.120141
1 0.783750 0.403258 0.051812 0.069422
0 0.501680 0.227898 0.018922 0.036078
1 0.487742 0.176078 0.025797 0.035031
0 0.430414 0.378922 0.069078 0.042781
0 0.438156 0.358625 0.031875 0.029313
1 0.406969 0.317250 0.031406 0.047969
0 0.231195 0.289773 0.019484 0.069828
0 0.282234 0.301242 0.015094 0.048453
1 0.238578 0.245727 0.024531 0.042609
1 0.523695 0.573859 0.061578 0.068906
0 0.552859 0.671031 0.054469 0.063563
0 0.372938 0.731320 0.063063 0.115797
0 0.218773 0.862930 0.053797 0.195703
1 0.269570 0.626078 0.084297 0.099094
0 0.295156 0.590281 0.055750 0.136938
1 0.250719 0.425992 0.051562 0.078641
0 0.101531 0.520547 0.025594 0.084531
0 0.153367 0.507969 0.077203 0.160000
0 0.168961 0.425867 0.063359 0.144828
0 0.081992 0.431086 0.055141 0.138766
1 0.101937 0.379820 0.056687 0.085672
2 0.317031 0.918141 0.122500 0.163719
