1 0.011102 0.302172 0.022203 0.055000
0 0.358734 0.397047 0.016281 0.142781
0 0.325500 0.333734 0.049531 0.069094
2 0.040359 0.379234 0.080719 0.209281
2 0.313000 0.312336 0.074563 0.178453
2 0.383594 0.358641 0.065844 0.231969
2 0.457047 0.380641 0.092625 0.202156
2 0.468250 0.242812 0.047875 0.124375
1 0.456469 0.200328 0.020437 0.039406
2 0.653211 0.306828 0.059516 0.177594
2 0.532148 0.367359 0.073547 0.115031
2 0.483320 0.669312 0.106391 0.234375
2 0.835063 0.623648 0.125469 0.185828
0 0.832656 0.672531 0.128000 0.087125
0 0.795531 0.627797 0.045781 0.107594
0 0.059180 0.403344 0.042359 0.099875
1 0.855438 0.568672 0.061531 0.076344
1 0.470398 0.585305 0.070234 0.067109
0 0.538977 0.644375 0.080641 0.036094
0 0.549727 0.700609 0.114641 0.063656
0 0.417602 0.386523 0.015484 0.053984
1 0.366195 0.260492 0.017453 0.039984
1 0.305398 0.249063 0.036609 0.051875
1 0.391164 0.275453 0.033109 0.066281
1 0.458336 0.308016 0.036203 0.057313
0 0.476742 0.262727 0.017391 0.084297
1 0.655195 0.240813 0.030328 0.045000
0 0.677555 0.306891 0.011109 0.048906
0 0.635812 0.334828 0.025656 0.105938
1 0.546672 0.329906 0.029063 0.041250
0 0.512312 0.378312 0.033906 0.045312
0 0.488789 0.423492 0.029484 0.103016
