0 0.510797 0.278719 0.029031 0.089844
2 0.164367 0.332375 0.049422 0.108969
2 0.468469 0.684773 0.113312 0.216703
2 0.051289 0.399047 0.102578 0.223469
0 0.172203 0.361633 0.033969 0.049672
2 0.221594 0.416836 0.073500 0.220328
2 0.511625 0.228563 0.057094 0.085187
2 0.553813 0.295094 0.055875 0.105500
2 0.688586 0.376141 0.067734 0.207313
1 0.685570 0.298328 0.038109 0.053063
2 0.848312 0.470219 0.133875 0.207687
1 0.883320 0.399484 0.051891 0.065156
0 0.811734 0.463133 0.060625 0.084953
0 0.080344 0.426445 0.087188 0.102109
0 0.238242 0.488641 0.054234 0.141625
1 0.029313 0.315922 0.058625 0.057469
1 0.159391 0.299719 0.038500 0.043562
1 0.212992 0.340984 0.048422 0.068500
1 0.577727 0.346062 0.030922 0.046094
0 0.526352 0.387547 0.078766 0.048906
0 0.575820 0.410234 0.032016 0.052406
2 0.565828 0.381891 0.055781 0.118375
0 0.553203 0.322672 0.049781 0.050281
0 0.529258 0.315211 0.034516 0.063391
1 0.555391 0.265219 0.026406 0.045312
0 0.863133 0.471406 0.098828 0.067812
1 0.444898 0.610234 0.066047 0.069219
0 0.504156 0.712305 0.040656 0.055859
0 0.688914 0.390141 0.034328 0.079656
1 0.500617 0.208109 0.024859 0.044844
0 0.484820 0.262508 0.024859 0.086328
