0 0.350516 0.326969 0.029750 0.051625
2 0.408086 0.720516 0.119672 0.188031
0 0.297711 0.313500 0.034609 0.038000
2 0.325664 0.282453 0.051109 0.077031
2 0.332281 0.326461 0.083375 0.161297
2 0.379648 0.385078 0.110203 0.206406
2 0.468078 0.238742 0.050344 0.128141
0 0.559008 0.415711 0.025516 0.053766
2 0.807484 0.481078 0.105531 0.212406
1 0.823578 0.409234 0.047437 0.068000
0 0.782445 0.534609 0.044891 0.160781
0 0.886359 0.479617 0.073813 0.080828
0 0.474367 0.769352 0.117609 0.067484
1 0.381930 0.665008 0.065859 0.076859
0 0.430641 0.681969 0.035937 0.031719
2 0.034672 0.406820 0.069344 0.152109
0 0.040906 0.408008 0.038344 0.114984
2 0.572320 0.392219 0.053766 0.101875
2 0.601000 0.275500 0.057688 0.151187
2 0.619781 0.273359 0.071687 0.143906
0 0.643336 0.286297 0.025078 0.074469
1 0.620633 0.224453 0.026109 0.046719
1 0.589773 0.226484 0.035328 0.052969
1 0.463016 0.193719 0.020469 0.037656
0 0.450969 0.254422 0.015813 0.062500
0 0.468562 0.248688 0.042563 0.053969
0 0.594773 0.291828 0.029359 0.052969
1 0.587414 0.358000 0.024234 0.032656
0 0.422312 0.409711 0.025156 0.083422
0 0.338266 0.411758 0.027000 0.075484
1 0.376023 0.309992 0.045453 0.056703
1 0.355758 0.269313 0.036734 0.046406
1 0.339586 0.260250 0.023453 0.032656
