0 0.615758 0.396812 0.009234 0.059000
0 0.245187 0.406891 0.043063 0.017437
1 0.598273 0.341437 0.034016 0.045781
1 0.038195 0.198875 0.037016 0.043906
0 0.081641 0.228914 0.053344 0.073578
1 0.042711 0.258281 0.035766 0.046094
0 0.013883 0.334680 0.014484 0.052672
0 0.081266 0.342359 0.047344 0.079875
1 0.204875 0.339297 0.042781 0.049313
1 0.146937 0.390437 0.059062 0.072875
0 0.189180 0.490852 0.025016 0.117984
0 0.128758 0.530656 0.087203 0.143063
0 0.228359 0.413328 0.063531 0.051781
2 0.055437 0.325008 0.100500 0.180609
2 0.059484 0.260695 0.077563 0.167984
2 0.209656 0.384766 0.053813 0.140813
2 0.143922 0.486367 0.117375 0.261641
2 0.470484 0.678758 0.108781 0.219172
1 0.459828 0.601078 0.067750 0.064094
2 0.835508 0.615516 0.113203 0.152719
0 0.844641 0.640227 0.095000 0.102359
0 0.816258 0.651625 0.074516 0.118938
1 0.868867 0.581711 0.046891 0.084547
2 0.651133 0.873906 0.206297 0.252187
1 0.715055 0.806594 0.076203 0.117437
0 0.591406 0.861750 0.088687 0.102937
0 0.536047 0.707125 0.102219 0.082156
0 0.529023 0.661227 0.078047 0.041016
2 0.600906 0.372289 0.039375 0.108234
