0 0.319828 0.711344 0.031594 0.071781
0 0.179789 0.721039 0.072828 0.143234
1 0.174187 0.579367 0.058000 0.072547
0 0.203687 0.555562 0.035531 0.071687
2 0.281781 0.671180 0.108594 0.223984
0 0.600453 0.280523 0.028125 0.092078
0 0.650391 0.332422 0.010812 0.056500
0 0.632648 0.329539 0.024016 0.115797
1 0.640500 0.232445 0.045688 0.066359
1 0.057461 0.160469 0.034859 0.063750
2 0.176352 0.640836 0.091547 0.195859
2 0.072789 0.217430 0.066359 0.177984
0 0.077258 0.248414 0.051016 0.035891
2 0.635289 0.282477 0.057266 0.167203
2 0.602797 0.272523 0.032937 0.108203
2 0.167266 0.933734 0.211625 0.132531
1 0.166930 0.933398 0.210953 0.133203
1 0.294797 0.600547 0.062125 0.081375
