0 0.910937 0.495063 0.086094 0.091625
2 0.879625 0.476828 0.148844 0.204187
2 0.412922 0.721500 0.137094 0.180438
0 0.546117 0.379266 0.022516 0.018906
0 0.611133 0.327766 0.051141 0.060219
1 0.574422 0.349750 0.027656 0.033281
0 0.539180 0.406461 0.037266 0.053328
0 0.282797 0.254227 0.015813 0.038672
1 0.262258 0.206500 0.033609 0.041250
1 0.349469 0.271891 0.033594 0.048438
1 0.286586 0.297008 0.042484 0.056047
0 0.357422 0.330211 0.038531 0.061766
0 0.321188 0.375094 0.047687 0.063594
1 0.888977 0.409141 0.055734 0.067781
0 0.037953 0.413859 0.042063 0.130219
1 0.597805 0.262313 0.022359 0.045312
2 0.560906 0.382859 0.054188 0.099719
2 0.633352 0.324445 0.052828 0.166734
1 0.623008 0.263859 0.032578 0.046156
0 0.560555 0.311445 0.047859 0.054453
1 0.384320 0.668203 0.079109 0.073281
2 0.034875 0.405602 0.069750 0.146609
2 0.302305 0.369805 0.074266 0.202391
2 0.334844 0.308773 0.063937 0.122578
2 0.267820 0.255578 0.045328 0.139656
2 0.588805 0.294477 0.062234 0.109484
0 0.452766 0.724133 0.057313 0.131922
0 0.440203 0.680750 0.039969 0.062375
0 0.828555 0.502062 0.046047 0.153500
