2 0.022711 0.332117 0.045422 0.054859
1 0.294578 0.337164 0.047469 0.065359
2 0.379547 0.287008 0.058156 0.103234
2 0.832695 0.623398 0.126016 0.182172
0 0.331711 0.461562 0.029984 0.109750
2 0.542086 0.368711 0.050859 0.112422
2 0.601117 0.281367 0.046922 0.120266
2 0.439094 0.316297 0.071000 0.195406
2 0.299719 0.410680 0.093406 0.211141
2 0.331359 0.313984 0.054312 0.171094
2 0.470641 0.227211 0.042844 0.100922
0 0.790914 0.610492 0.042859 0.072766
0 0.832406 0.671563 0.127469 0.088438
2 0.505648 0.688984 0.143391 0.236906
2 0.039313 0.402883 0.078625 0.156078
0 0.378648 0.317195 0.057109 0.041234
0 0.454914 0.359320 0.039234 0.109172
0 0.564336 0.645906 0.061484 0.035000
0 0.569031 0.712414 0.093844 0.086734
0 0.351648 0.325180 0.048953 0.053578
0 0.513375 0.374875 0.036406 0.038906
0 0.587602 0.314117 0.056609 0.053953
0 0.473305 0.245609 0.037766 0.064406
1 0.364063 0.256250 0.020094 0.042188
1 0.853727 0.574156 0.056266 0.081219
1 0.549039 0.329641 0.027984 0.035156
0 0.053602 0.404070 0.052047 0.129672
1 0.595414 0.242617 0.035828 0.042266
1 0.462164 0.194664 0.020797 0.036578
1 0.437609 0.247070 0.032281 0.057109
1 0.340797 0.256961 0.034688 0.054203
1 0.511930 0.606633 0.073453 0.072797
