2 0.635477 0.803664 0.168109 0.392672
2 0.283188 0.673977 0.109656 0.234609
1 0.295687 0.597945 0.059281 0.081016
0 0.321727 0.708992 0.029234 0.071672
0 0.180391 0.721680 0.069406 0.141953
1 0.181625 0.575391 0.050750 0.077344
2 0.625391 0.267555 0.080031 0.113016
2 0.548594 0.326477 0.073438 0.194766
2 0.400531 0.191141 0.019563 0.122750
0 0.572180 0.367328 0.024297 0.111594
1 0.554961 0.255148 0.041047 0.053109
1 0.650641 0.234375 0.029062 0.045937
0 0.608891 0.283961 0.033500 0.089359
1 0.646852 0.656711 0.068078 0.099797
0 0.578906 0.857867 0.053875 0.135078
2 0.162555 0.639789 0.089484 0.204547
