2 0.744469 0.296453 0.063344 0.149812
0 0.892531 0.732992 0.049687 0.188703
1 0.975234 0.583867 0.049531 0.108828
0 0.431820 0.501883 0.068234 0.118828
0 0.724992 0.322484 0.048891 0.057125
1 0.746469 0.248422 0.036406 0.053906
0 0.624586 0.334984 0.044516 0.070281
0 0.675758 0.308523 0.030359 0.058234
1 0.649672 0.280750 0.038437 0.062656
1 0.431383 0.395062 0.038141 0.053906
2 0.933836 0.697500 0.132328 0.337219
0 0.279945 0.388109 0.034859 0.046094
0 0.215844 0.440992 0.024813 0.151953
1 0.246789 0.318164 0.041859 0.069234
2 0.435539 0.455352 0.076109 0.174984
2 0.251359 0.381586 0.095344 0.198734
2 0.645242 0.340008 0.094828 0.180016
