2 0.586047 0.299937 0.067062 0.102000
2 0.533047 0.373406 0.074219 0.122875
0 0.634391 0.373492 0.028469 0.109422
1 0.659266 0.273680 0.028125 0.050328
1 0.580039 0.274711 0.030391 0.050891
0 0.315312 0.606484 0.046250 0.162969
0 0.333039 0.306531 0.026578 0.028437
0 0.512602 0.388711 0.033641 0.049141
2 0.656094 0.326055 0.071719 0.154766
1 0.553664 0.331586 0.033141 0.038703
1 0.404727 0.467875 0.052641 0.092062
2 0.408367 0.342734 0.101078 0.150156
2 0.361805 0.539008 0.139766 0.238234
0 0.610305 0.323070 0.025484 0.048859
2 0.305133 0.292617 0.047609 0.138328
0 0.417039 0.608797 0.039047 0.157094
0 0.460719 0.378203 0.051063 0.083906
0 0.354016 0.346453 0.047875 0.034594
1 0.412469 0.291781 0.031719 0.047969
1 0.302898 0.249633 0.035172 0.052609
0 0.323953 0.315773 0.060437 0.058141
