0 0.245492 0.436031 0.065828 0.068250
0 0.512906 0.379969 0.032875 0.044812
1 0.537742 0.339781 0.033609 0.037344
0 0.568289 0.324391 0.028141 0.049375
0 0.527352 0.317070 0.025203 0.051672
1 0.550000 0.272844 0.026094 0.048125
2 0.548539 0.299047 0.067922 0.100344
2 0.530555 0.372000 0.068359 0.101625
0 0.738570 0.368477 0.098359 0.065266
1 0.689422 0.314813 0.043438 0.051719
1 0.877437 0.397813 0.051688 0.067969
2 0.212867 0.405422 0.091516 0.130094
0 0.863063 0.472375 0.103969 0.072438
0 0.807148 0.466195 0.062516 0.094922
2 0.474078 0.209328 0.057406 0.125906
1 0.474531 0.167062 0.020937 0.041094
0 0.461031 0.230398 0.031844 0.067953
0 0.497117 0.226102 0.011859 0.068016
2 0.165047 0.324742 0.050219 0.091047
0 0.442656 0.747875 0.054906 0.087375
1 0.382172 0.666109 0.072281 0.087375
2 0.682281 0.374086 0.059281 0.169328
0 0.656937 0.388594 0.007250 0.048094
2 0.845648 0.469984 0.139016 0.212844
2 0.407766 0.711969 0.123000 0.178562
1 0.160156 0.300828 0.038437 0.042500
1 0.192320 0.366992 0.050609 0.051047
