0 0.540594 0.318398 0.016781 0.110578
2 0.431719 0.699383 0.170938 0.260297
0 0.377375 0.702391 0.065781 0.148469
0 0.498445 0.736141 0.048422 0.151531
1 0.483234 0.609234 0.053062 0.081656
2 0.569359 0.285766 0.075844 0.158656
2 0.605680 0.257641 0.040172 0.139406
2 0.654312 0.233687 0.048438 0.137313
2 0.949922 0.305469 0.097844 0.170625
0 0.597555 0.306695 0.018234 0.065266
0 0.635828 0.279172 0.011625 0.071594
0 0.674773 0.267203 0.022641 0.081625
0 0.982836 0.334680 0.032203 0.080922
0 0.913523 0.337625 0.024641 0.105844
1 0.969000 0.247805 0.040469 0.055641
1 0.663734 0.185219 0.026562 0.040000
1 0.605164 0.209406 0.027984 0.042188
1 0.578445 0.229172 0.029547 0.045781
