1 0.411234 0.430883 0.057875 0.090609
0 0.373766 0.409461 0.033750 0.083484
0 0.427773 0.626734 0.040547 0.201687
0 0.312492 0.428422 0.018797 0.126312
1 0.341148 0.315906 0.037516 0.058125
2 0.346906 0.376563 0.087438 0.179375
2 0.440641 0.535930 0.117031 0.301578
0 0.776164 0.328508 0.045984 0.105016
0 0.744602 0.361227 0.016109 0.045578
0 0.745273 0.294016 0.032922 0.113500
1 0.772336 0.233672 0.034547 0.055937
1 0.736000 0.202453 0.029375 0.042031
1 0.547805 0.172437 0.019391 0.035469
0 0.573227 0.232164 0.014422 0.063109
2 0.557203 0.209242 0.046219 0.109484
2 0.767930 0.297797 0.063141 0.184406
2 0.735500 0.260391 0.053750 0.159063
