0 0.064586 0.225008 0.069484 0.051547
2 0.209477 0.365344 0.060328 0.104969
2 0.232773 0.498406 0.117578 0.253156
2 0.026930 0.251953 0.053859 0.134031
2 0.031797 0.356187 0.063594 0.205594
0 0.222461 0.377852 0.033984 0.044609
2 0.546281 0.381250 0.054469 0.124094
2 0.623617 0.254719 0.048234 0.109625
2 0.489625 0.671961 0.104812 0.235828
2 0.839602 0.611461 0.115047 0.172578
0 0.811047 0.607992 0.058969 0.105266
0 0.859875 0.627820 0.071625 0.110922
0 0.637578 0.277406 0.020469 0.059063
1 0.626656 0.222203 0.027750 0.044813
0 0.521086 0.406617 0.049078 0.050828
0 0.526875 0.379352 0.026875 0.013797
1 0.549680 0.341250 0.032203 0.043906
0 0.543492 0.690930 0.044109 0.130641
0 0.478219 0.702227 0.074844 0.078047
0 0.278602 0.476609 0.026766 0.053563
0 0.195906 0.561750 0.045125 0.126031
1 0.203391 0.410219 0.054000 0.076125
1 0.205727 0.338406 0.033141 0.049375
0 0.063109 0.306359 0.085938 0.097531
1 0.012016 0.210008 0.024031 0.050578
1 0.010758 0.274305 0.021516 0.042672
1 0.866750 0.556531 0.063500 0.063687
1 0.500984 0.590914 0.074875 0.071922
