0 0.936211 0.720102 0.086797 0.113203
0 0.270969 0.786547 0.090781 0.078437
1 0.599156 0.222000 0.024344 0.045687
1 0.520328 0.314836 0.045031 0.056953
0 0.544109 0.429398 0.020594 0.117141
1 0.844523 0.615531 0.059391 0.084000
0 0.792016 0.642133 0.050156 0.082891
2 0.846805 0.654539 0.129859 0.163109
2 0.602125 0.254500 0.052156 0.111125
2 0.516625 0.373195 0.076656 0.174422
2 0.302852 0.745844 0.121016 0.175500
0 0.594406 0.277938 0.035781 0.061563
1 0.285203 0.700187 0.084625 0.083719
0 0.609422 0.271063 0.036469 0.049687
