2 0.438203 0.319484 0.070562 0.218906
2 0.201789 0.379008 0.079578 0.126828
0 0.515508 0.770117 0.037703 0.110172
1 0.612375 0.656352 0.063156 0.086984
1 0.203961 0.343336 0.035766 0.055516
0 0.239930 0.376664 0.026359 0.057516
2 0.574023 0.737914 0.154484 0.250828
0 0.628586 0.342625 0.020734 0.112875
0 0.689047 0.345781 0.028812 0.133281
1 0.470633 0.301078 0.044484 0.066344
0 0.437187 0.429719 0.022750 0.131812
0 0.500945 0.407422 0.049766 0.101062
1 0.675313 0.236633 0.038563 0.064859
2 0.661031 0.305078 0.085594 0.201344
2 0.477500 0.366594 0.097656 0.196719
0 0.416578 0.364563 0.026844 0.128719
0 0.201961 0.406602 0.079703 0.071797
1 0.453234 0.239047 0.040781 0.058281
