0 0.513609 0.765305 0.059500 0.124984
1 0.604398 0.646563 0.070922 0.081062
0 0.208375 0.535359 0.036750 0.156156
2 0.756492 0.441727 0.114109 0.258922
2 0.566391 0.751188 0.166531 0.290125
2 0.259391 0.488094 0.139625 0.251312
2 0.576602 0.221156 0.053828 0.151438
1 0.205109 0.343328 0.034062 0.054219
1 0.263977 0.406797 0.055703 0.089156
1 0.779961 0.352719 0.058359 0.082500
0 0.782711 0.523125 0.062859 0.193125
0 0.703852 0.475445 0.071516 0.149859
2 0.203023 0.380391 0.082703 0.128594
0 0.582961 0.259227 0.039016 0.072703
1 0.564508 0.167320 0.028766 0.044391
0 0.200461 0.407406 0.077703 0.074250
0 0.337531 0.523531 0.060625 0.145750
