1 0.174000 0.314906 0.047187 0.061250
0 0.030375 0.367742 0.032094 0.117953
0 0.326453 0.417695 0.042156 0.138672
0 0.210945 0.431273 0.056734 0.115266
1 0.242461 0.198781 0.028297 0.049062
1 0.333711 0.279492 0.036109 0.056391
0 0.355352 0.393945 0.024266 0.139609
1 0.270406 0.287953 0.040625 0.057656
2 0.023539 0.352734 0.047078 0.112562
2 0.650305 0.321148 0.045984 0.168266
2 0.474922 0.230430 0.052281 0.114766
2 0.492453 0.669953 0.114000 0.226094
2 0.836578 0.637687 0.098938 0.158750
0 0.828562 0.716734 0.115250 0.127375
1 0.848516 0.601430 0.053844 0.084016
0 0.563297 0.684570 0.092406 0.079141
0 0.552109 0.634078 0.053125 0.035625
1 0.501594 0.594680 0.075937 0.075453
2 0.559758 0.377859 0.063047 0.103750
0 0.527984 0.406672 0.046250 0.046094
1 0.470289 0.189969 0.021734 0.034219
0 0.456109 0.250617 0.014219 0.058453
0 0.486195 0.250953 0.029703 0.048969
1 0.645984 0.261937 0.035000 0.050156
0 0.627648 0.358719 0.009391 0.022812
0 0.639906 0.365422 0.025219 0.114312
1 0.576656 0.343359 0.028875 0.034844
2 0.253422 0.255078 0.052281 0.162031
0 0.239867 0.270789 0.023641 0.046297
2 0.282336 0.378828 0.091859 0.239531
2 0.342094 0.350789 0.052813 0.199047
2 0.190422 0.390977 0.079875 0.212047
