0 0.161398 0.534359 0.034047 0.179781
2 0.939859 0.330391 0.096594 0.181406
2 0.841422 0.374914 0.094719 0.231734
2 0.604109 0.266211 0.059344 0.136641
2 0.554773 0.284547 0.076484 0.153187
2 0.181297 0.457336 0.100656 0.249484
0 0.626344 0.292063 0.014313 0.092969
0 0.522289 0.320570 0.011891 0.091234
0 0.584133 0.315367 0.018891 0.106984
0 0.821055 0.430797 0.051453 0.167656
0 0.859547 0.426891 0.060031 0.179344
0 0.978086 0.360383 0.018422 0.089297
0 0.908617 0.378812 0.035359 0.134500
1 0.960797 0.271016 0.042219 0.062344
1 0.838367 0.292422 0.044234 0.065625
1 0.604664 0.221984 0.026516 0.046562
1 0.549094 0.227375 0.027969 0.038594
1 0.156531 0.371312 0.050094 0.078625
