0 0.855875 0.360992 0.030813 0.138047
0 0.915609 0.355867 0.019344 0.143203
1 0.884141 0.248305 0.037969 0.057328
0 0.668758 0.271266 0.028766 0.072844
0 0.059539 0.813500 0.119078 0.227625
1 0.149352 0.585281 0.101203 0.121812
1 0.945906 0.189930 0.036406 0.044828
2 0.947930 0.236883 0.042984 0.140578
2 0.156273 0.721648 0.182578 0.400234
0 0.626687 0.271398 0.014625 0.096016
2 0.725492 0.280961 0.068172 0.157109
2 0.651789 0.250047 0.052484 0.128281
2 0.881812 0.311711 0.085500 0.186984
1 0.733539 0.228883 0.031453 0.052672
1 0.650742 0.209125 0.026422 0.044375
0 0.222125 0.747891 0.049406 0.199750
0 0.693539 0.291719 0.017453 0.068250
0 0.751773 0.299703 0.021984 0.075031
