2 0.976461 0.545602 0.047078 0.137734
0 0.123469 0.239430 0.067219 0.065234
1 0.079930 0.193922 0.032203 0.055437
2 0.085469 0.245266 0.044969 0.158688
1 0.793523 0.396352 0.052516 0.070422
0 0.769633 0.471734 0.084172 0.082438
2 0.765820 0.436937 0.108422 0.152125
1 0.980758 0.504375 0.038484 0.055500
0 0.964023 0.584836 0.071953 0.058172
0 0.944430 0.571930 0.047859 0.071641
0 0.860625 0.382109 0.054469 0.108906
1 0.880500 0.290727 0.043562 0.058734
1 0.894594 0.238984 0.029063 0.047812
0 0.639602 0.272195 0.017547 0.100297
1 0.655102 0.188984 0.023766 0.033750
2 0.650352 0.224812 0.037953 0.106125
2 0.880227 0.289391 0.058359 0.149094
2 0.853977 0.342672 0.097391 0.162906
1 0.357617 0.192000 0.007984 0.041875
2 0.370039 0.251672 0.062516 0.161688
