0 0.532789 0.260266 0.016578 0.065156
1 0.555617 0.231078 0.026703 0.035875
2 0.168250 0.322086 0.042281 0.091766
2 0.195570 0.387625 0.044859 0.094875
2 0.100508 0.497664 0.114453 0.238109
2 0.074156 0.359937 0.079250 0.181375
2 0.081766 0.307242 0.091656 0.178672
2 0.405109 0.378930 0.094469 0.184641
0 0.527070 0.392641 0.019859 0.030469
2 0.576070 0.419266 0.086703 0.201469
2 0.628937 0.341414 0.077594 0.105297
2 0.551992 0.250828 0.047984 0.074906
2 0.261430 0.436977 0.121547 0.230109
1 0.075930 0.243859 0.035984 0.053156
1 0.161531 0.298000 0.028563 0.042844
1 0.195789 0.364625 0.044641 0.048438
1 0.252266 0.353828 0.043750 0.065312
0 0.368477 0.334656 0.022516 0.070219
1 0.409523 0.312180 0.046297 0.050797
1 0.583242 0.348977 0.036672 0.061766
0 0.657453 0.340109 0.019219 0.046000
1 0.605211 0.313352 0.029891 0.049172
0 0.303789 0.493141 0.036359 0.138406
0 0.212938 0.458742 0.024281 0.072828
0 0.161508 0.539727 0.044641 0.148047
1 0.083836 0.419977 0.053828 0.081922
0 0.165156 0.351344 0.022500 0.033406
0 0.089102 0.324703 0.047984 0.108719
1 0.061820 0.303703 0.044766 0.070500
0 0.112438 0.336445 0.031156 0.119953
0 0.440844 0.404969 0.021094 0.108812
0 0.600711 0.459742 0.034922 0.119203
0 0.541328 0.441734 0.016531 0.120625
0 0.552055 0.269977 0.047922 0.071984
