1 0.455008 0.620500 0.067328 0.069656
0 0.538375 0.231438 0.017531 0.043938
0 0.384648 0.391820 0.050234 0.055109
0 0.408977 0.373406 0.014391 0.044844
1 0.379195 0.330406 0.036891 0.043125
2 0.186742 0.315453 0.085953 0.064406
1 0.157766 0.314828 0.028281 0.030469
0 0.178859 0.364984 0.020156 0.035469
0 0.173258 0.342406 0.027953 0.048188
2 0.385656 0.365219 0.062156 0.112844
2 0.529016 0.209352 0.037281 0.096891
1 0.526820 0.178812 0.027359 0.034844
2 0.455945 0.682813 0.095609 0.193219
2 0.830836 0.606406 0.121172 0.168438
1 0.861063 0.557234 0.059375 0.070844
0 0.854891 0.629477 0.069469 0.122922
0 0.797070 0.589609 0.054047 0.077344
0 0.488766 0.669656 0.029594 0.064062
