1 0.281680 0.587383 0.049953 0.073922
2 0.670367 0.204031 0.055516 0.090125
1 0.680508 0.178234 0.021422 0.037813
2 0.614672 0.251867 0.056500 0.144234
2 0.655609 0.297344 0.090125 0.199063
2 0.275891 0.660445 0.109875 0.220766
2 0.173453 0.641375 0.079094 0.193344
0 0.180461 0.724102 0.071703 0.138984
0 0.318195 0.701891 0.023797 0.094094
1 0.186531 0.581906 0.053469 0.074094
1 0.670133 0.223586 0.037453 0.050328
0 0.610086 0.281984 0.015078 0.084469
0 0.622312 0.310023 0.023281 0.082703
0 0.720961 0.326078 0.062859 0.098781
1 0.622727 0.201734 0.039703 0.044063
