1 0.208891 0.301563 0.042125 0.065156
2 0.026891 0.264078 0.053781 0.160156
0 0.063773 0.227039 0.067547 0.050609
0 0.805266 0.618039 0.065219 0.094859
1 0.857125 0.583398 0.057219 0.053734
2 0.239047 0.546031 0.105531 0.269656
2 0.194094 0.379945 0.072594 0.222391
0 0.167781 0.408273 0.017750 0.092547
0 0.172680 0.502383 0.067547 0.036641
0 0.188672 0.444586 0.049781 0.097859
2 0.625297 0.258062 0.050906 0.116281
1 0.624031 0.220312 0.025313 0.041094
0 0.640461 0.269477 0.020328 0.061141
2 0.538867 0.379922 0.073578 0.119219
1 0.546211 0.342344 0.030484 0.043438
0 0.521758 0.390719 0.039078 0.045312
2 0.512727 0.663047 0.145047 0.187344
2 0.829273 0.624414 0.113641 0.136641
0 0.850250 0.648664 0.067219 0.089047
1 0.011781 0.212086 0.023563 0.056047
0 0.560437 0.676211 0.049313 0.096047
0 0.454195 0.665500 0.073266 0.072438
1 0.541633 0.608836 0.047703 0.080547
0 0.221297 0.635719 0.034781 0.163906
1 0.213742 0.450688 0.055172 0.079500
