0 0.675875 0.608453 0.079187 0.100969
2 0.141422 0.645672 0.105563 0.197719
2 0.272758 0.658289 0.117641 0.223391
2 0.418687 0.297055 0.062875 0.167453
2 0.517062 0.329070 0.081813 0.190359
2 0.611891 0.213680 0.052969 0.147141
2 0.669547 0.309930 0.070531 0.179391
2 0.779281 0.406586 0.088000 0.211234
2 0.875852 0.397477 0.108734 0.188578
2 0.699391 0.600016 0.125906 0.220125
2 0.808109 0.826758 0.179750 0.346484
1 0.622008 0.159328 0.025328 0.039062
1 0.133375 0.607695 0.051219 0.076797
0 0.099617 0.573234 0.050859 0.052656
1 0.265602 0.587055 0.062891 0.079391
0 0.120609 0.647930 0.074219 0.109766
0 0.319398 0.683164 0.024641 0.053672
0 0.420867 0.279766 0.041891 0.069719
0 0.545828 0.370523 0.023406 0.119141
1 0.430500 0.239031 0.039219 0.051562
1 0.516773 0.257391 0.035328 0.048281
0 0.586750 0.244664 0.023937 0.064953
0 0.621352 0.246813 0.032516 0.106438
1 0.686797 0.250531 0.035781 0.060750
0 0.652688 0.352148 0.028563 0.117422
0 0.891953 0.454250 0.054750 0.139000
1 0.910445 0.333281 0.039391 0.059375
1 0.800094 0.334266 0.044094 0.067156
0 0.737922 0.435578 0.048219 0.117875
1 0.727828 0.528234 0.057750 0.075594
0 0.757578 0.808695 0.084031 0.086078
0 0.807937 0.920539 0.179469 0.149547
1 0.827422 0.727336 0.100188 0.145641
