1 0.185539 0.583102 0.059016 0.070984
1 0.280242 0.591195 0.048922 0.077297
0 0.318492 0.692391 0.026234 0.109844
0 0.180352 0.721695 0.069484 0.142547
0 0.744867 0.383617 0.078203 0.135859
0 0.790773 0.399313 0.017391 0.096219
1 0.770367 0.263703 0.035016 0.056094
1 0.611938 0.205969 0.039375 0.043125
1 0.684820 0.178375 0.023922 0.038281
0 0.600383 0.285961 0.017078 0.094016
0 0.662687 0.248930 0.017250 0.103391
2 0.768609 0.345859 0.065031 0.221812
2 0.603531 0.261500 0.056875 0.153656
2 0.275563 0.653547 0.111563 0.204469
2 0.675102 0.222516 0.042703 0.128000
2 0.174180 0.642180 0.083047 0.189391
