2 0.405469 0.192664 0.021250 0.136641
2 0.725586 0.390930 0.101547 0.161359
1 0.740844 0.341703 0.053969 0.063406
2 0.071617 0.207414 0.056141 0.121016
1 0.660656 0.233195 0.033406 0.050828
1 0.673070 0.160438 0.026234 0.046281
1 0.572102 0.156812 0.035453 0.044469
2 0.662172 0.280500 0.059813 0.146187
2 0.678594 0.201039 0.071563 0.128391
2 0.568227 0.214133 0.052078 0.160922
0 0.690078 0.407086 0.029844 0.067703
1 0.059773 0.171930 0.030953 0.048734
0 0.557969 0.252828 0.029656 0.116062
0 0.670367 0.321070 0.039234 0.108547
0 0.641359 0.319773 0.016875 0.112422
0 0.064648 0.239211 0.025641 0.055516
0 0.757445 0.428656 0.039203 0.069687
