0 0.521891 0.318867 0.033031 0.097734
2 0.647891 0.421648 0.090344 0.133453
2 0.975516 0.545406 0.048969 0.134187
0 0.945109 0.571875 0.047344 0.081219
0 0.960594 0.590633 0.078813 0.061047
1 0.979109 0.506539 0.041781 0.056203
2 0.729734 0.764516 0.157094 0.293063
1 0.715016 0.677766 0.070906 0.119969
0 0.686164 0.817570 0.084266 0.185172
1 0.874797 0.241117 0.032719 0.042766
0 0.834430 0.261898 0.033766 0.055266
0 0.869750 0.332945 0.038750 0.090516
1 0.668086 0.377820 0.038609 0.045953
0 0.658820 0.462852 0.067703 0.102422
0 0.598563 0.424758 0.067719 0.067047
2 0.522492 0.282383 0.053984 0.169078
1 0.662109 0.190891 0.024219 0.033094
0 0.657055 0.249992 0.018797 0.026234
2 0.650547 0.219039 0.047969 0.089734
2 0.862578 0.275594 0.056656 0.112312
1 0.529102 0.219977 0.040953 0.044734
