2 0.418273 0.319469 0.053984 0.133562
2 0.209859 0.373789 0.053719 0.114609
2 0.266117 0.411359 0.093641 0.240094
2 0.753602 0.513352 0.119578 0.227359
0 0.221141 0.407344 0.032062 0.046656
2 0.037953 0.407258 0.075906 0.147328
2 0.118391 0.532953 0.104469 0.263156
2 0.507773 0.661492 0.126172 0.222953
1 0.410000 0.274578 0.028563 0.044656
1 0.247070 0.326203 0.054734 0.068969
1 0.206133 0.341758 0.032203 0.050453
0 0.064750 0.433945 0.022344 0.083484
1 0.776852 0.437805 0.049734 0.075391
0 0.786187 0.565680 0.054625 0.123203
0 0.710656 0.533711 0.034000 0.134359
0 0.493969 0.718523 0.099375 0.108578
0 0.551273 0.691391 0.037859 0.133906
1 0.493359 0.590125 0.067281 0.078906
2 0.635594 0.260391 0.063594 0.120781
1 0.008602 0.367023 0.017203 0.066297
1 0.618227 0.221680 0.028016 0.042516
0 0.649578 0.231328 0.034594 0.074594
0 0.304023 0.450023 0.019641 0.091234
0 0.281188 0.459203 0.065156 0.111906
1 0.094820 0.438539 0.056016 0.072828
0 0.171695 0.595844 0.060266 0.163313
