0 0.593523 0.289539 0.026422 0.102047
1 0.542773 0.260219 0.034016 0.059281
1 0.581219 0.227367 0.027000 0.046734
1 0.719625 0.214562 0.031500 0.046625
1 0.631422 0.404172 0.047781 0.080406
1 0.413312 0.637914 0.060156 0.078984
0 0.895555 0.365711 0.036922 0.147516
0 0.825180 0.376422 0.033172 0.147937
0 0.731617 0.280258 0.029953 0.055703
0 0.687289 0.291367 0.020203 0.109922
1 0.876711 0.264609 0.041328 0.064375
0 0.561609 0.305172 0.043594 0.066281
0 0.551656 0.343430 0.033062 0.064609
0 0.660523 0.599047 0.045922 0.219875
0 0.335477 0.716195 0.028766 0.091359
0 0.454117 0.759234 0.109297 0.112375
2 0.852289 0.329094 0.093984 0.197687
2 0.711148 0.254711 0.069953 0.128797
2 0.573742 0.266516 0.068484 0.126063
2 0.667945 0.491547 0.122484 0.256937
2 0.383359 0.713078 0.130000 0.236031
2 0.531102 0.320141 0.064016 0.182437
