1 0.004695 0.216391 0.009391 0.051875
0 0.043930 0.310211 0.038578 0.132516
2 0.795273 0.717516 0.133703 0.183531
0 0.695836 0.411641 0.021766 0.098594
0 0.242813 0.379141 0.053781 0.091719
0 0.205555 0.407344 0.098484 0.068375
1 0.185031 0.331922 0.044469 0.055687
1 0.427414 0.247828 0.035797 0.064062
2 0.018492 0.275531 0.036984 0.170750
1 0.574242 0.236039 0.034109 0.055766
1 0.676422 0.268609 0.048969 0.063719
1 0.818969 0.686203 0.083625 0.118094
2 0.673578 0.334539 0.067719 0.196484
2 0.586172 0.294945 0.071969 0.176578
2 0.441922 0.318289 0.064969 0.209359
2 0.198789 0.365836 0.085859 0.125391
0 0.439562 0.373656 0.034563 0.146156
0 0.532969 0.304836 0.070594 0.101359
0 0.603812 0.340406 0.035313 0.149531
0 0.652320 0.331805 0.044516 0.091016
