0 0.643297 0.255758 0.029750 0.064484
0 0.500609 0.715672 0.089094 0.094938
0 0.525578 0.665867 0.072312 0.053328
1 0.457180 0.578625 0.069234 0.069656
0 0.173836 0.584344 0.068641 0.169125
1 0.015758 0.358531 0.031516 0.067937
2 0.115898 0.523930 0.101984 0.262734
0 0.240641 0.411406 0.069375 0.045000
1 0.199656 0.339266 0.038125 0.047344
1 0.097391 0.429586 0.056437 0.073297
0 0.040031 0.412977 0.080063 0.086172
2 0.040320 0.401820 0.080641 0.154484
2 0.211656 0.376891 0.066250 0.122500
2 0.416859 0.320859 0.049313 0.134531
2 0.466883 0.660156 0.108703 0.231781
2 0.459297 0.417539 0.080781 0.241797
2 0.630461 0.263844 0.056328 0.128781
2 0.777789 0.516383 0.106922 0.235203
1 0.787836 0.435344 0.060641 0.072781
0 0.733758 0.537328 0.037047 0.128469
0 0.773484 0.572234 0.091094 0.104406
0 0.485367 0.457711 0.028547 0.108859
1 0.439867 0.330500 0.041828 0.068375
1 0.410117 0.276484 0.028453 0.045938
1 0.620180 0.221313 0.029703 0.043281
