2 0.530844 0.230766 0.048969 0.141000
0 0.543211 0.305094 0.015484 0.043437
2 0.462688 0.236344 0.049000 0.168094
0 0.180750 0.724211 0.068062 0.136422
0 0.323406 0.700172 0.023750 0.076875
2 0.279859 0.672414 0.110906 0.224047
2 0.163328 0.639945 0.084000 0.191922
1 0.877977 0.472266 0.071609 0.067062
0 0.808719 0.600492 0.106406 0.095047
2 0.856336 0.571281 0.122672 0.266313
2 0.623102 0.251305 0.066953 0.141422
1 0.154250 0.162094 0.036219 0.054969
0 0.478602 0.275109 0.018422 0.081125
2 0.564523 0.266039 0.047484 0.165141
0 0.514883 0.257289 0.016953 0.087016
0 0.573469 0.312750 0.025844 0.113500
0 0.599039 0.277148 0.019172 0.087984
0 0.645359 0.287352 0.022500 0.078203
2 0.537305 0.156125 0.047172 0.098594
2 0.152672 0.196766 0.040438 0.124062
1 0.570891 0.205617 0.032375 0.042703
1 0.635313 0.203063 0.025469 0.044375
1 0.535859 0.180328 0.025250 0.039531
1 0.451000 0.174922 0.024219 0.045781
1 0.550391 0.125719 0.020469 0.037969
1 0.177375 0.578289 0.056844 0.069734
1 0.282820 0.602930 0.053234 0.083734
