0 0.689039 0.279312 0.021016 0.100844
1 0.129281 0.606250 0.061250 0.076875
0 0.105945 0.580813 0.054203 0.082844
0 0.100125 0.631047 0.098031 0.139469
0 0.320859 0.690344 0.020906 0.070906
1 0.259898 0.589195 0.056234 0.080453
0 0.693656 0.537023 0.037031 0.101641
0 0.614781 0.576406 0.042813 0.149375
1 0.615805 0.453555 0.042328 0.069422
0 0.898164 0.422320 0.031641 0.073484
0 0.810211 0.383320 0.044984 0.107453
1 0.898906 0.314352 0.042125 0.056766
1 0.870805 0.291141 0.045328 0.057312
0 0.470078 0.370219 0.063687 0.069875
1 0.452383 0.296195 0.033266 0.065266
1 0.551820 0.302766 0.042703 0.056906
0 0.580758 0.253633 0.017078 0.100266
0 0.526055 0.249039 0.019141 0.101172
1 0.559805 0.170859 0.025641 0.046250
2 0.557734 0.218438 0.063906 0.143469
0 0.646539 0.254633 0.017766 0.059703
1 0.678250 0.192422 0.025781 0.041094
0 0.752180 0.809844 0.045641 0.061562
1 0.840227 0.713883 0.087297 0.144859
0 0.831664 0.782328 0.131484 0.271500
0 0.513992 0.414352 0.038578 0.121609
0 0.422523 0.380781 0.013141 0.102813
2 0.854969 0.302023 0.077656 0.079047
2 0.858359 0.377844 0.123656 0.183812
2 0.652828 0.545484 0.117812 0.253719
2 0.818352 0.820625 0.191609 0.358750
2 0.271781 0.658086 0.119062 0.218328
2 0.139617 0.642297 0.106266 0.205781
2 0.458898 0.353320 0.086484 0.179609
2 0.537609 0.375047 0.086375 0.200906
2 0.668656 0.242570 0.062219 0.141422
