2 0.750531 0.945914 0.127156 0.108172
0 0.789289 0.639813 0.051547 0.083250
2 0.485984 0.364898 0.076063 0.173016
0 0.658820 0.270547 0.015797 0.047500
1 0.636062 0.214187 0.031250 0.045156
0 0.513000 0.425836 0.019625 0.125172
0 0.456852 0.374320 0.017672 0.059641
1 0.491023 0.302687 0.046422 0.045937
0 0.269359 0.806906 0.071688 0.064125
1 0.264844 0.701141 0.104531 0.080250
2 0.841789 0.645141 0.127328 0.147500
0 0.855117 0.687875 0.110109 0.061750
1 0.843258 0.614039 0.057359 0.083984
1 0.760945 0.946094 0.104391 0.107813
2 0.641422 0.242937 0.050281 0.105969
2 0.278664 0.755078 0.132984 0.187687
