0 0.705664 0.526281 0.038672 0.145844
0 0.806156 0.535648 0.042875 0.105578
1 0.768555 0.422953 0.044203 0.075281
0 0.650906 0.233375 0.033563 0.068062
1 0.620094 0.220617 0.028750 0.043109
2 0.636250 0.259086 0.063750 0.119609
2 0.106875 0.519688 0.109375 0.250312
2 0.037187 0.404328 0.074375 0.155719
2 0.502195 0.668250 0.121234 0.220688
1 0.206477 0.327094 0.042141 0.075750
2 0.419117 0.321141 0.054547 0.133656
1 0.412984 0.277844 0.030000 0.046875
2 0.751086 0.495391 0.128609 0.219844
2 0.234375 0.399141 0.098437 0.219531
1 0.513188 0.600500 0.065500 0.084094
0 0.266469 0.429492 0.032687 0.080828
0 0.473055 0.722258 0.053484 0.112359
0 0.586156 0.714742 0.079375 0.143953
0 0.162852 0.577055 0.053641 0.152453
1 0.081023 0.430555 0.058172 0.072797
1 0.023125 0.365602 0.046250 0.077828
