0 0.651852 0.273680 0.020328 0.048891
1 0.845273 0.617766 0.052047 0.086969
0 0.271672 0.609313 0.081750 0.113938
1 0.628859 0.216156 0.033906 0.043938
1 0.210250 0.337937 0.051250 0.049562
1 0.254063 0.509867 0.056281 0.096203
0 0.229773 0.415922 0.068422 0.047219
2 0.213531 0.376336 0.071312 0.126391
0 0.215336 0.600352 0.034516 0.120547
0 0.936266 0.734656 0.083250 0.111000
0 0.796008 0.633391 0.045078 0.073844
2 0.844219 0.655711 0.141156 0.162953
2 0.258078 0.563508 0.121031 0.205797
0 0.247039 0.413859 0.034047 0.016094
2 0.636930 0.246078 0.050516 0.104094
