0 0.318312 0.704859 0.026875 0.078688
0 0.181953 0.727570 0.071719 0.136422
2 0.181016 0.643609 0.090656 0.188688
1 0.197797 0.586969 0.056719 0.075625
2 0.618641 0.229570 0.027281 0.130234
2 0.688547 0.338109 0.078688 0.175031
2 0.594672 0.248078 0.042219 0.147156
0 0.591047 0.281719 0.021750 0.106062
1 0.617578 0.182031 0.024531 0.036094
1 0.600125 0.196805 0.031750 0.043703
0 0.627453 0.258672 0.009094 0.072125
1 0.700664 0.273906 0.037203 0.045469
0 0.658055 0.364625 0.036984 0.079531
2 0.275367 0.657594 0.113328 0.218375
1 0.281625 0.587672 0.048719 0.080094
