2 0.142875 0.656000 0.099719 0.177281
0 0.705797 0.585609 0.035094 0.075656
1 0.667312 0.493492 0.047687 0.056859
1 0.933766 0.396969 0.043844 0.080750
1 0.937719 0.359711 0.046656 0.034359
1 0.692758 0.233891 0.030797 0.047344
1 0.637117 0.401625 0.040797 0.058312
0 0.422539 0.405055 0.028641 0.065578
0 0.413352 0.448070 0.058578 0.112609
0 0.705805 0.269375 0.036328 0.065625
0 0.656703 0.326602 0.028406 0.121484
0 0.854711 0.380766 0.093266 0.088125
0 0.683266 0.437891 0.041031 0.061219
2 0.640469 0.433117 0.105125 0.121891
0 0.886844 0.465312 0.079281 0.096563
0 0.601406 0.471359 0.026531 0.100844
1 0.696625 0.170891 0.019687 0.041875
0 0.947602 0.474281 0.047609 0.087625
2 0.909672 0.469469 0.124531 0.227937
2 0.884469 0.375297 0.153531 0.099344
2 0.658422 0.566992 0.130562 0.204984
2 0.683547 0.292797 0.082562 0.165438
2 0.684016 0.203336 0.043938 0.107641
2 0.401047 0.399641 0.073219 0.146094
1 0.122859 0.602672 0.057562 0.070969
0 0.144805 0.573781 0.046484 0.069781
1 0.276617 0.589383 0.059297 0.079016
1 0.405914 0.350516 0.046891 0.047344
2 0.279727 0.662820 0.115078 0.228141
0 0.113711 0.646875 0.084016 0.118437
0 0.323023 0.685109 0.028578 0.060750
