2 0.768250 0.309664 0.066844 0.200984
2 0.692422 0.746961 0.216094 0.442953
0 0.536422 0.360273 0.028531 0.098953
1 0.504094 0.263000 0.036719 0.047031
1 0.774297 0.240172 0.046406 0.061094
1 0.967992 0.304180 0.055422 0.067984
1 0.737508 0.591836 0.084359 0.131484
0 0.476344 0.332859 0.008875 0.057844
0 0.353469 0.322070 0.018687 0.110172
2 0.347125 0.320383 0.031281 0.117109
0 0.751742 0.350984 0.033953 0.127812
0 0.795438 0.377320 0.011375 0.067422
0 0.897391 0.417914 0.051812 0.161578
0 0.977914 0.447937 0.044172 0.184469
0 0.613703 0.713477 0.057125 0.144766
0 0.774695 0.880141 0.085391 0.239719
2 0.506008 0.311836 0.068516 0.145484
2 0.950547 0.383688 0.098906 0.228969
