0 0.618227 0.701055 0.149141 0.064578
2 0.380703 0.354609 0.082656 0.121250
2 0.517680 0.663492 0.099297 0.204391
2 0.826922 0.621578 0.103687 0.176719
0 0.811719 0.669516 0.127313 0.080594
0 0.602383 0.254125 0.037203 0.044375
0 0.591219 0.263109 0.038906 0.060781
2 0.596867 0.241781 0.049859 0.107969
1 0.598391 0.207453 0.024844 0.039469
0 0.573508 0.641414 0.061078 0.034172
0 0.405672 0.372906 0.021125 0.068188
0 0.359344 0.384195 0.038906 0.074453
0 0.776633 0.638797 0.063797 0.126156
1 0.837875 0.568039 0.059938 0.068609
1 0.383789 0.315078 0.035016 0.040937
1 0.541711 0.602734 0.052297 0.081062
