0 0.653656 0.486367 0.084187 0.091109
2 0.620617 0.450148 0.088016 0.137828
0 0.619617 0.246766 0.015391 0.083000
2 0.599492 0.202578 0.056391 0.142656
2 0.733570 0.294438 0.069016 0.195437
2 0.647875 0.589367 0.104406 0.191391
2 0.939398 0.425633 0.090141 0.193891
2 0.276187 0.666750 0.107750 0.233063
2 0.190195 0.624359 0.099609 0.203500
0 0.677562 0.481703 0.049156 0.094844
0 0.613578 0.620219 0.035937 0.063937
0 0.571133 0.228484 0.022547 0.090500
0 0.204422 0.661055 0.041406 0.086641
0 0.316000 0.703391 0.029312 0.098219
1 0.288641 0.591367 0.050406 0.081703
1 0.214055 0.561602 0.051859 0.078203
1 0.643680 0.528195 0.052328 0.068328
1 0.640508 0.409172 0.047672 0.055781
0 0.715609 0.332094 0.033188 0.120125
1 0.751453 0.224219 0.032969 0.054844
1 0.608820 0.151000 0.023766 0.038594
0 0.947539 0.490984 0.058172 0.133281
1 0.955906 0.358086 0.056500 0.059297
0 0.884086 0.466320 0.032984 0.085484
