0 0.837906 0.331086 0.050688 0.115328
0 0.534891 0.259023 0.009781 0.058484
2 0.558539 0.221180 0.056453 0.131078
1 0.447453 0.204945 0.036000 0.049891
0 0.467977 0.264461 0.031453 0.055422
0 0.568891 0.227547 0.034844 0.050844
1 0.554727 0.175766 0.030016 0.040312
1 0.772156 0.266141 0.037781 0.056781
1 0.838414 0.223383 0.035797 0.050797
0 0.746844 0.394594 0.028031 0.112844
0 0.782813 0.317312 0.019688 0.053125
1 0.340180 0.127852 0.010078 0.034016
2 0.346016 0.168031 0.021094 0.116969
1 0.471664 0.211352 0.019891 0.052703
2 0.470117 0.243406 0.035359 0.116406
2 0.753852 0.333039 0.077641 0.190797
2 0.830516 0.284641 0.066031 0.174031
0 0.448016 0.304578 0.034125 0.092094
2 0.440969 0.259164 0.049156 0.157922
