0 0.418656 0.605078 0.030125 0.166437
1 0.304039 0.247289 0.036734 0.054484
0 0.324344 0.315477 0.060969 0.059391
0 0.334961 0.307328 0.027359 0.028750
1 0.412625 0.290656 0.032125 0.046094
0 0.352914 0.347164 0.047703 0.033797
0 0.463297 0.378773 0.047531 0.086203
0 0.513352 0.387336 0.036578 0.050953
0 0.520695 0.368969 0.012203 0.011406
1 0.551203 0.333000 0.028125 0.037438
1 0.577445 0.275180 0.028922 0.051828
0 0.608367 0.322555 0.026703 0.051141
2 0.589250 0.301398 0.066406 0.105016
0 0.635219 0.370477 0.029500 0.113109
1 0.660234 0.273719 0.036437 0.051500
2 0.659203 0.326875 0.077344 0.158437
2 0.531961 0.374992 0.073797 0.121891
2 0.305531 0.287430 0.049063 0.133891
2 0.368398 0.537391 0.145828 0.229594
1 0.413062 0.468211 0.055406 0.090453
0 0.314758 0.600086 0.041266 0.184203
2 0.410602 0.353391 0.097547 0.170719
