2 0.408945 0.717492 0.133266 0.199641
1 0.160719 0.301172 0.037031 0.047031
1 0.209078 0.362969 0.045625 0.049375
0 0.179156 0.364516 0.037656 0.053125
0 0.250617 0.442961 0.081172 0.063734
0 0.260430 0.428383 0.043047 0.032578
2 0.224336 0.406977 0.076734 0.136047
2 0.169258 0.334266 0.058953 0.114094
1 0.552844 0.332102 0.025563 0.043391
0 0.516164 0.380359 0.037516 0.043750
2 0.535445 0.369398 0.065828 0.117766
0 0.677195 0.332273 0.040859 0.099328
1 0.680297 0.315133 0.033906 0.042047
2 0.684258 0.377055 0.066297 0.166891
1 0.882648 0.400687 0.050641 0.068094
0 0.864734 0.476789 0.095312 0.060484
0 0.810586 0.473250 0.058391 0.082531
2 0.859461 0.471289 0.112734 0.209328
1 0.376695 0.654625 0.068703 0.075438
0 0.449938 0.744953 0.049875 0.079625
0 0.557086 0.314859 0.046422 0.055906
0 0.530461 0.316984 0.038641 0.057906
0 0.516047 0.265047 0.044000 0.069937
0 0.503617 0.259172 0.018016 0.056750
1 0.503031 0.207484 0.024531 0.046719
1 0.554719 0.272969 0.028437 0.046562
2 0.555453 0.296430 0.065281 0.092859
2 0.517961 0.225344 0.054516 0.082656
