0 0.451445 0.343164 0.019859 0.063391
2 0.439063 0.433211 0.078750 0.248891
2 0.415523 0.343602 0.091172 0.189672
1 0.412203 0.275117 0.034000 0.053828
0 0.823289 0.391953 0.053172 0.143906
2 0.666148 0.219227 0.050141 0.116859
1 0.666383 0.179266 0.019547 0.035937
0 0.639453 0.244984 0.014063 0.063125
0 0.682445 0.251297 0.016016 0.071750
2 0.823688 0.329547 0.054406 0.202813
1 0.821813 0.259914 0.043313 0.063328
0 0.772875 0.371539 0.057406 0.121078
1 0.200961 0.365305 0.057359 0.060328
0 0.240008 0.506094 0.059891 0.140625
2 0.207914 0.431086 0.079266 0.191203
0 0.412391 0.496297 0.052500 0.171438
1 0.420547 0.345664 0.041562 0.072672
0 0.381180 0.382891 0.022234 0.138000
