2 0.184922 0.645664 0.089750 0.190922
1 0.156359 0.156719 0.030750 0.054188
2 0.150531 0.192867 0.042312 0.127297
1 0.202531 0.588484 0.054969 0.076500
0 0.181523 0.725133 0.070297 0.137547
0 0.315437 0.691820 0.026156 0.112297
1 0.278328 0.590484 0.049188 0.080281
2 0.961242 0.504875 0.077516 0.146656
2 0.866711 0.384359 0.092172 0.161187
2 0.771102 0.424414 0.103422 0.199547
2 0.732523 0.287609 0.071234 0.187063
0 0.785344 0.485461 0.034250 0.121578
0 0.916039 0.516180 0.045453 0.082328
0 0.975531 0.561984 0.048938 0.063687
1 0.969133 0.457391 0.044859 0.051813
0 0.861820 0.430734 0.036266 0.110000
1 0.887258 0.332445 0.050984 0.057484
1 0.798586 0.356547 0.048922 0.062656
0 0.707297 0.316219 0.032031 0.115875
1 0.752133 0.219781 0.031422 0.051875
2 0.273977 0.670305 0.111547 0.238484
