2 0.209023 0.379898 0.095672 0.128359
2 0.579516 0.258414 0.054094 0.176297
2 0.746195 0.455148 0.139484 0.222859
2 0.473359 0.755672 0.243844 0.293969
0 0.703797 0.497383 0.053781 0.137734
0 0.590062 0.288148 0.028094 0.116641
0 0.525555 0.861453 0.139422 0.184906
1 0.759297 0.384234 0.049375 0.080219
1 0.567352 0.193930 0.028766 0.046984
1 0.214641 0.142625 0.029687 0.045031
1 0.203641 0.343922 0.036062 0.054937
1 0.554578 0.669742 0.081719 0.121828
0 0.223508 0.240766 0.021359 0.102844
0 0.238891 0.374773 0.035156 0.071391
0 0.208719 0.411562 0.095219 0.065000
2 0.222555 0.198477 0.045891 0.156609
0 0.800750 0.479281 0.029563 0.094562
