1 0.430125 0.386180 0.056875 0.082609
1 0.592938 0.291437 0.038875 0.066719
1 0.578617 0.244070 0.030984 0.060922
1 0.664414 0.416391 0.058078 0.085219
1 0.632367 0.599094 0.086922 0.119594
0 0.417156 0.548359 0.056813 0.216437
0 0.630414 0.786125 0.147797 0.132437
0 0.622633 0.508312 0.049234 0.036969
2 0.587703 0.280789 0.050156 0.134672
0 0.673039 0.549117 0.051766 0.110203
2 0.682250 0.489867 0.094813 0.233203
2 0.615227 0.696852 0.122953 0.316297
2 0.423664 0.478352 0.070703 0.268922
2 0.576461 0.349109 0.073016 0.183188
0 0.600375 0.374508 0.037625 0.077141
