0 0.726203 0.479859 0.080687 0.081844
1 0.300477 0.186422 0.031484 0.047938
0 0.280500 0.263602 0.016031 0.076828
1 0.743984 0.392109 0.059344 0.064938
0 0.729445 0.317211 0.026422 0.086891
0 0.668195 0.316797 0.018328 0.112656
1 0.712078 0.244375 0.033188 0.043969
1 0.645398 0.225641 0.029203 0.051438
0 0.617516 0.295437 0.011031 0.066719
1 0.585891 0.353891 0.031156 0.035625
0 0.557102 0.388570 0.023141 0.017016
0 0.539891 0.417852 0.062406 0.054234
0 0.542664 0.677586 0.070734 0.096078
1 0.518367 0.592641 0.068984 0.082531
2 0.495312 0.669844 0.116563 0.236562
0 0.353430 0.416633 0.065016 0.068547
0 0.253961 0.441398 0.075297 0.067516
1 0.211891 0.363102 0.036906 0.054109
0 0.166289 0.354789 0.055953 0.054484
1 0.161289 0.302672 0.040172 0.044687
0 0.025586 0.316828 0.051172 0.090437
1 0.027609 0.297641 0.044687 0.051094
1 0.316016 0.325789 0.047094 0.056203
2 0.040352 0.355563 0.080703 0.167938
2 0.166102 0.331484 0.056422 0.101781
2 0.225945 0.412320 0.071953 0.152547
2 0.322828 0.399531 0.076781 0.202187
2 0.305750 0.232227 0.066125 0.138672
2 0.644273 0.286125 0.066453 0.173687
2 0.571531 0.390727 0.059406 0.109234
2 0.742133 0.467656 0.079016 0.216250
2 0.719203 0.310180 0.047469 0.175891
0 0.325430 0.258164 0.026641 0.073734
