0 0.202352 0.407945 0.079891 0.069734
1 0.505352 0.295984 0.037141 0.048594
1 0.559508 0.693922 0.062266 0.096719
1 0.542633 0.155844 0.025797 0.048438
1 0.657820 0.212312 0.038453 0.050469
2 0.203719 0.379172 0.082719 0.128219
0 0.673156 0.288039 0.041938 0.074953
2 0.547898 0.795211 0.129734 0.299578
1 0.203359 0.343102 0.035750 0.055672
2 0.544922 0.189648 0.060906 0.116016
0 0.517273 0.211617 0.030234 0.059703
0 0.585727 0.876055 0.051766 0.136016
0 0.557555 0.198344 0.035359 0.059875
2 0.658445 0.263391 0.071578 0.152906
2 0.497523 0.342070 0.069422 0.140516
0 0.620320 0.303023 0.027203 0.100953
0 0.478297 0.374437 0.030531 0.075719
0 0.235391 0.372719 0.037031 0.068969
