0 0.618773 0.474609 0.018484 0.096906
2 0.577703 0.214180 0.051000 0.139766
0 0.405250 0.445961 0.059563 0.094641
0 0.423133 0.437242 0.018172 0.065453
0 0.599258 0.557008 0.032516 0.149203
0 0.656773 0.453227 0.042297 0.083922
0 0.192656 0.855039 0.078281 0.151703
1 0.675844 0.219859 0.033438 0.043438
2 0.157594 0.641242 0.123250 0.162422
1 0.648797 0.404148 0.034125 0.060922
1 0.396766 0.355586 0.041656 0.049578
0 0.191852 0.672742 0.054672 0.097109
0 0.059711 0.439828 0.051734 0.194563
0 0.808328 0.362227 0.026906 0.087984
0 0.867789 0.413695 0.033016 0.111953
2 0.567414 0.498320 0.095766 0.263203
2 0.643828 0.434641 0.069219 0.122406
1 0.571453 0.403703 0.056031 0.074687
0 0.693820 0.303766 0.011859 0.078375
0 0.634922 0.310945 0.028594 0.098203
0 0.594789 0.239742 0.014328 0.041578
2 0.859742 0.290219 0.086703 0.134187
2 0.847164 0.364453 0.112078 0.179844
1 0.589203 0.165344 0.027031 0.041094
0 0.883336 0.335984 0.021109 0.041937
1 0.881469 0.304211 0.043156 0.059359
2 0.660336 0.279500 0.078953 0.162250
2 0.619453 0.249750 0.063625 0.129563
1 0.103469 0.735367 0.097094 0.143016
1 0.123453 0.599109 0.055000 0.078625
1 0.003508 0.315328 0.007016 0.075625
1 0.624141 0.203703 0.027031 0.037500
1 0.884563 0.250195 0.037500 0.053234
2 0.043000 0.407844 0.086000 0.260375
0 0.085039 0.574023 0.058203 0.074141
0 0.827469 0.294234 0.021875 0.049844
0 0.572289 0.169375 0.026234 0.042500
0 0.592492 0.217477 0.017359 0.037734
2 0.161492 0.797539 0.213109 0.267422
2 0.396484 0.399688 0.071937 0.138187
