1 0.156516 0.174352 0.034156 0.048734
2 0.157016 0.200531 0.035000 0.101375
1 0.351984 0.139078 0.016719 0.040625
2 0.349266 0.173437 0.021750 0.110000
2 0.629695 0.248438 0.054859 0.183125
2 0.656844 0.395453 0.097031 0.164094
2 0.678781 0.317969 0.063719 0.182812
2 0.667031 0.188367 0.045406 0.104828
1 0.668742 0.344187 0.073109 0.061719
0 0.683516 0.439211 0.072844 0.074078
0 0.617930 0.281789 0.032047 0.116859
0 0.697172 0.351898 0.026844 0.114641
1 0.674227 0.252383 0.034391 0.051484
1 0.633555 0.179203 0.033516 0.043750
1 0.661648 0.159039 0.022203 0.044391
