0 0.682773 0.818789 0.078109 0.176484
1 0.729633 0.679578 0.088547 0.121031
1 0.982164 0.500336 0.035672 0.046422
2 0.653805 0.222172 0.047016 0.082125
2 0.135359 0.182023 0.022125 0.140203
0 0.148852 0.234320 0.031109 0.033359
1 0.130625 0.136859 0.011938 0.049531
0 0.656289 0.254312 0.018609 0.017656
1 0.664102 0.196211 0.026172 0.030547
2 0.731289 0.774414 0.138672 0.314297
2 0.540578 0.232000 0.036000 0.127437
2 0.650023 0.423031 0.083109 0.133469
2 0.867984 0.276305 0.064469 0.113641
0 0.852672 0.286250 0.033125 0.043469
0 0.889313 0.308703 0.018875 0.071250
1 0.877969 0.242828 0.025625 0.045625
2 0.521672 0.313055 0.062281 0.185516
2 0.493664 0.220570 0.041391 0.140328
0 0.502672 0.243633 0.021625 0.063734
1 0.498984 0.171594 0.029375 0.042188
1 0.543711 0.189641 0.022203 0.041562
1 0.529547 0.248859 0.034094 0.056906
0 0.504180 0.366719 0.027391 0.127813
0 0.595477 0.426422 0.061953 0.063156
0 0.659734 0.469984 0.063656 0.090750
1 0.662039 0.382125 0.041266 0.051406
2 0.974828 0.547836 0.050344 0.140984
0 0.967570 0.599586 0.064859 0.053359
0 0.947664 0.576281 0.044484 0.083656
