0 0.530500 0.269969 0.033375 0.091188
0 0.566492 0.251133 0.037203 0.061484
1 0.480656 0.304250 0.035688 0.059938
0 0.178992 0.363008 0.047328 0.048672
0 0.207992 0.347734 0.037516 0.031563
1 0.164219 0.299031 0.031875 0.042500
1 0.578586 0.353188 0.031578 0.044687
1 0.239961 0.425102 0.054078 0.069984
0 0.291258 0.561992 0.043516 0.164891
0 0.179492 0.600547 0.028203 0.201844
0 0.257383 0.354742 0.012484 0.110797
0 0.323203 0.361680 0.022125 0.127266
1 0.279625 0.263875 0.035937 0.058125
1 0.370953 0.309672 0.048906 0.050156
0 0.390430 0.419664 0.033359 0.110672
0 0.506734 0.396180 0.029187 0.093609
2 0.490297 0.358656 0.062375 0.169875
2 0.597961 0.423602 0.099766 0.200734
0 0.543531 0.395844 0.043438 0.032031
2 0.292555 0.323086 0.083672 0.176234
2 0.566453 0.371391 0.055750 0.081375
1 0.564047 0.209172 0.026250 0.045000
2 0.173484 0.332445 0.058625 0.109891
2 0.239578 0.529687 0.146531 0.279000
0 0.568727 0.479859 0.041359 0.088531
1 0.611109 0.357078 0.036125 0.066812
1 0.796945 0.929047 0.104141 0.130563
2 0.756609 0.932313 0.186562 0.135375
2 0.376047 0.388359 0.062875 0.207344
2 0.559914 0.234211 0.050328 0.095641
