2 0.534625 0.449937 0.089187 0.158594
2 0.933375 0.285875 0.076781 0.173063
2 0.796531 0.328820 0.079813 0.164391
2 0.678516 0.263055 0.062531 0.151703
0 0.905023 0.326664 0.019641 0.122109
0 0.950648 0.338445 0.043641 0.139516
0 0.756938 0.369578 0.019156 0.104000
0 0.672906 0.274242 0.051312 0.052766
0 0.688383 0.269531 0.041172 0.062688
0 0.824773 0.387461 0.028109 0.136016
2 0.271523 0.668781 0.124328 0.233438
0 0.307023 0.658133 0.065109 0.039047
0 0.319602 0.750719 0.115422 0.119281
0 0.519250 0.509445 0.055750 0.131328
0 0.564344 0.455930 0.030031 0.089297
1 0.941586 0.225352 0.038516 0.050828
1 0.790672 0.275063 0.038531 0.056406
1 0.675812 0.213328 0.026719 0.051094
1 0.534008 0.397625 0.037047 0.054531
1 0.250797 0.592555 0.063500 0.079391
2 0.978594 0.731961 0.042812 0.235141
0 0.978477 0.699375 0.043047 0.118906
