0 0.613445 0.307672 0.040172 0.114719
0 0.645328 0.237453 0.018594 0.093906
2 0.399680 0.397227 0.075453 0.144922
2 0.279781 0.656609 0.115844 0.216719
2 0.144578 0.655055 0.100844 0.179484
2 0.648734 0.574609 0.116281 0.204531
2 0.614820 0.263906 0.062859 0.150313
2 0.872133 0.363703 0.142984 0.079969
2 0.913781 0.447937 0.121938 0.221562
2 0.662953 0.198203 0.053969 0.113031
0 0.148453 0.583406 0.038125 0.043906
0 0.114070 0.645406 0.078953 0.123563
1 0.124750 0.599547 0.061406 0.065937
1 0.279891 0.589602 0.068031 0.080109
0 0.338797 0.699219 0.056875 0.092188
1 0.655914 0.504852 0.046047 0.065266
1 0.631883 0.398508 0.035422 0.059297
0 0.426031 0.407094 0.023594 0.072500
1 0.401891 0.351312 0.049063 0.052500
0 0.657742 0.440172 0.039047 0.085875
0 0.413453 0.451234 0.058750 0.114844
0 0.599703 0.467297 0.026031 0.109000
0 0.853234 0.380961 0.093531 0.093641
1 0.947727 0.378609 0.052203 0.080781
0 0.904383 0.451898 0.089734 0.091828
0 0.957531 0.452789 0.029031 0.075641
1 0.927656 0.362000 0.031875 0.050781
0 0.611734 0.605625 0.041656 0.087844
1 0.659641 0.160562 0.024688 0.037969
1 0.628859 0.212594 0.030313 0.045781
2 0.631719 0.432344 0.090719 0.127500
