0 0.976555 0.558242 0.046891 0.077453
2 0.274633 0.654391 0.110859 0.203719
2 0.513234 0.209320 0.046969 0.160266
2 0.765461 0.392289 0.099359 0.191672
2 0.964453 0.514070 0.071094 0.166516
2 0.857930 0.386766 0.122578 0.154219
2 0.174633 0.640727 0.081141 0.195109
1 0.796070 0.324656 0.038453 0.055938
0 0.860383 0.429250 0.037609 0.109625
1 0.973281 0.457547 0.053438 0.053281
0 0.886359 0.378984 0.017719 0.027031
1 0.893281 0.338961 0.051875 0.058547
1 0.185906 0.581508 0.058250 0.076672
0 0.172703 0.554859 0.058781 0.062094
0 0.180758 0.721500 0.069766 0.142000
1 0.523539 0.152375 0.025641 0.046094
0 0.772891 0.447219 0.028281 0.121000
1 0.281391 0.589523 0.048438 0.073141
0 0.316992 0.690836 0.025266 0.109578
0 0.544461 0.236453 0.035609 0.076156
0 0.490703 0.240820 0.029469 0.096797
0 0.918414 0.519797 0.046672 0.066344
