2 0.380016 0.355242 0.056406 0.126328
2 0.478992 0.704227 0.111672 0.190016
0 0.817406 0.570602 0.042625 0.175047
0 0.740977 0.522711 0.025859 0.126766
1 0.792953 0.429641 0.048844 0.075937
0 0.543844 0.397164 0.033000 0.110984
1 0.508648 0.294063 0.028141 0.045781
0 0.413906 0.359172 0.035312 0.019687
0 0.416406 0.399828 0.042563 0.028000
1 0.375539 0.315883 0.045203 0.047484
0 0.500406 0.230641 0.012969 0.039375
1 0.485734 0.175547 0.024062 0.034688
2 0.097008 0.450047 0.108828 0.254594
2 0.506641 0.346117 0.075719 0.149203
0 0.516156 0.738914 0.034875 0.045922
2 0.783359 0.504477 0.111344 0.225109
2 0.487930 0.206453 0.039297 0.097813
1 0.086641 0.363078 0.059563 0.080094
0 0.092992 0.496031 0.101234 0.093344
0 0.136648 0.507594 0.022797 0.035625
1 0.148812 0.641297 0.100625 0.105844
1 0.168609 0.795570 0.105875 0.135766
1 0.546055 0.882898 0.101109 0.163891
0 0.471086 0.924734 0.066391 0.087094
2 0.510633 0.900523 0.175078 0.198953
2 0.182789 0.864031 0.213078 0.271938
0 0.232359 0.772570 0.055250 0.227891
0 0.191680 0.799227 0.165891 0.121797
2 0.186023 0.738203 0.177359 0.297625
0 0.512914 0.749125 0.095609 0.089094
1 0.477109 0.641586 0.073844 0.065047
