1 0.165758 0.301930 0.028297 0.044266
0 0.541156 0.389187 0.050469 0.050375
0 0.540766 0.369219 0.031875 0.013750
1 0.569109 0.334859 0.033438 0.044844
1 0.394273 0.315531 0.049172 0.057719
1 0.433711 0.367234 0.043109 0.061156
1 0.585133 0.189953 0.025641 0.047187
2 0.555969 0.373211 0.059906 0.121797
0 0.568258 0.253516 0.017141 0.057937
2 0.587586 0.226703 0.056859 0.119719
2 0.394109 0.387813 0.054469 0.201875
2 0.203320 0.574219 0.128547 0.284688
2 0.214953 0.411672 0.084469 0.218219
2 0.163430 0.327477 0.039234 0.096328
1 0.888656 0.852461 0.093938 0.116984
1 0.197180 0.335523 0.049047 0.065891
2 0.864375 0.883391 0.143438 0.178719
0 0.629719 0.960961 0.072187 0.078078
0 0.612078 0.912242 0.044531 0.045734
1 0.562594 0.872141 0.080781 0.112594
2 0.581195 0.907523 0.172516 0.184953
1 0.031531 0.303805 0.049531 0.066141
0 0.062375 0.381797 0.089219 0.079531
0 0.249328 0.462141 0.047656 0.153844
0 0.020602 0.423984 0.027859 0.115687
2 0.059398 0.382500 0.105891 0.223438
1 0.172922 0.475352 0.067750 0.087828
0 0.208648 0.620664 0.095516 0.143922
0 0.595852 0.255328 0.038922 0.061844
0 0.397008 0.434703 0.029891 0.105844
0 0.409367 0.452055 0.030953 0.076766
2 0.440016 0.443352 0.090781 0.212047
