0 0.544586 0.258609 0.014891 0.083625
2 0.564531 0.223102 0.054750 0.123797
2 0.664352 0.251906 0.065891 0.126500
2 0.275180 0.658250 0.111953 0.215656
2 0.175359 0.642281 0.084906 0.196687
0 0.180945 0.722898 0.073859 0.141703
0 0.317469 0.704391 0.026594 0.091344
1 0.276609 0.590273 0.049625 0.079984
1 0.189383 0.582945 0.056859 0.077453
2 0.916313 0.463828 0.108250 0.170844
1 0.930492 0.405883 0.051703 0.054953
0 0.875398 0.508227 0.025641 0.115297
0 0.944625 0.521680 0.050500 0.134953
1 0.681555 0.207047 0.031266 0.037187
0 0.661922 0.277883 0.020562 0.074234
1 0.566047 0.181359 0.020781 0.039062
0 0.582656 0.259687 0.017813 0.095938
