0 0.261062 0.299109 0.056469 0.077813
2 0.081883 0.357070 0.103922 0.182672
2 0.201930 0.387313 0.038578 0.099594
2 0.251656 0.334406 0.076219 0.136156
2 0.168367 0.329547 0.043609 0.105969
2 0.233656 0.620305 0.155531 0.300391
2 0.266055 0.442602 0.117266 0.236047
2 0.547797 0.228695 0.051063 0.107609
2 0.559664 0.402391 0.060984 0.200219
2 0.636367 0.312641 0.066141 0.149094
2 0.419477 0.370453 0.059172 0.189719
0 0.527719 0.394953 0.023125 0.035156
0 0.547609 0.451219 0.035687 0.123250
0 0.169047 0.359125 0.040469 0.046406
1 0.201859 0.362406 0.038281 0.049844
1 0.259469 0.360352 0.045688 0.071766
1 0.161648 0.299969 0.030016 0.046250
1 0.242289 0.293969 0.040953 0.055781
1 0.634406 0.262734 0.024063 0.049688
1 0.546930 0.198125 0.026109 0.046562
0 0.529570 0.258969 0.014453 0.074000
0 0.551031 0.270758 0.043500 0.076797
0 0.609648 0.310187 0.011953 0.061594
0 0.662305 0.320289 0.014172 0.070016
1 0.561086 0.333688 0.047891 0.062750
1 0.411680 0.304031 0.042141 0.055500
0 0.421430 0.411727 0.027203 0.108172
0 0.305336 0.509570 0.037797 0.143359
0 0.292031 0.635125 0.039875 0.159125
0 0.184500 0.705898 0.056437 0.196703
1 0.218734 0.517320 0.064719 0.090984
0 0.049000 0.396383 0.038906 0.141203
0 0.124187 0.376680 0.025063 0.123516
1 0.071211 0.295195 0.037984 0.057359
