0 0.794148 0.318914 0.050109 0.066859
2 0.553750 0.317453 0.071375 0.166969
1 0.541719 0.263586 0.028437 0.058453
0 0.532969 0.326727 0.030031 0.060203
0 0.568187 0.326250 0.045156 0.068688
1 0.507391 0.350039 0.039375 0.059297
0 0.469836 0.436437 0.013109 0.061844
0 0.549305 0.405352 0.038641 0.099609
2 0.515531 0.414398 0.105219 0.189328
2 0.091398 0.547570 0.155672 0.261734
2 0.813617 0.314953 0.065047 0.194625
0 0.045883 0.579586 0.036453 0.089391
0 0.175258 0.553023 0.070078 0.151141
1 0.045125 0.459492 0.061875 0.083203
2 0.956227 0.671508 0.087547 0.334172
0 0.919148 0.708836 0.053016 0.232484
1 0.973070 0.562937 0.053859 0.118188
1 0.814953 0.247250 0.034531 0.059531
0 0.787406 0.300695 0.024375 0.028609
