2 0.192695 0.622203 0.099922 0.207406
2 0.276141 0.660562 0.111563 0.208219
1 0.633867 0.529766 0.057734 0.068000
0 0.603938 0.628367 0.034750 0.072984
2 0.636000 0.589469 0.099625 0.187688
2 0.756984 0.456461 0.085531 0.222422
1 0.214906 0.559836 0.054750 0.081641
1 0.287805 0.596133 0.054109 0.077766
1 0.986648 0.493836 0.026703 0.062484
0 0.939992 0.534656 0.053172 0.104969
2 0.956422 0.525281 0.087156 0.125344
0 0.751344 0.514594 0.050031 0.156094
1 0.762797 0.375500 0.061500 0.061469
0 0.803648 0.330828 0.027953 0.115781
1 0.852102 0.242500 0.034766 0.063000
2 0.832367 0.294023 0.084484 0.166547
0 0.671563 0.226617 0.052313 0.070797
1 0.684047 0.203281 0.025937 0.051719
2 0.683297 0.262398 0.077187 0.169891
0 0.204852 0.707156 0.044672 0.149750
0 0.317266 0.696547 0.029531 0.107531
