2 0.662258 0.723125 0.107328 0.311250
1 0.648297 0.624891 0.079250 0.113656
0 0.611898 0.706266 0.038922 0.043406
0 0.640680 0.826148 0.058109 0.125359
0 0.947766 0.564422 0.046469 0.097812
0 0.968422 0.596883 0.063156 0.057516
1 0.985039 0.499812 0.029922 0.058031
2 0.976930 0.542578 0.046141 0.143281
0 0.814586 0.351789 0.037297 0.123609
0 0.755906 0.333789 0.025562 0.119484
0 0.712797 0.338711 0.034125 0.090391
1 0.732961 0.246008 0.036484 0.051953
1 0.803328 0.249391 0.031719 0.053125
1 0.664484 0.193484 0.025625 0.029781
0 0.655266 0.254953 0.018125 0.017188
2 0.648617 0.220930 0.057922 0.084703
2 0.789375 0.306750 0.088469 0.168688
2 0.726391 0.302469 0.061469 0.165375
