2 0.357773 0.740992 0.149547 0.204266
2 0.570898 0.276375 0.064141 0.160844
2 0.690094 0.289328 0.077687 0.172188
2 0.932898 0.451945 0.097984 0.220953
0 0.593984 0.311305 0.014219 0.113484
0 0.659648 0.333219 0.015859 0.124187
0 0.721609 0.310547 0.042594 0.107250
0 0.874664 0.485422 0.048172 0.095219
0 0.934625 0.515828 0.074687 0.092437
0 0.435234 0.795016 0.149031 0.087844
1 0.330078 0.678008 0.074563 0.078078
1 0.945016 0.379805 0.071563 0.075391
1 0.691375 0.232313 0.033906 0.056562
1 0.563641 0.220422 0.027500 0.048594
