1 0.630312 0.260984 0.035094 0.050625
1 0.538813 0.251984 0.029125 0.050594
2 0.562719 0.283391 0.078406 0.114469
2 0.638906 0.327344 0.051875 0.183125
2 0.561219 0.382445 0.056781 0.096766
2 0.342109 0.326391 0.071406 0.166969
2 0.290219 0.375211 0.088937 0.205203
1 0.382203 0.194375 0.032031 0.036719
2 0.385297 0.239227 0.059875 0.125734
1 0.348102 0.264922 0.031422 0.045000
0 0.359445 0.330164 0.036672 0.057891
1 0.268758 0.301094 0.045578 0.057531
0 0.285023 0.390937 0.073047 0.071875
0 0.312750 0.368492 0.044000 0.067953
2 0.035187 0.404047 0.070375 0.155375
0 0.037242 0.407891 0.045141 0.111625
0 0.583477 0.311156 0.036953 0.057687
0 0.609430 0.331437 0.061891 0.058594
0 0.544117 0.379500 0.019547 0.016094
0 0.535523 0.403148 0.032047 0.055578
1 0.577797 0.347406 0.023594 0.026719
0 0.439281 0.680883 0.039781 0.064922
0 0.453586 0.719469 0.053172 0.139937
0 0.882031 0.444977 0.041469 0.123766
0 0.817117 0.422375 0.045203 0.092156
1 0.867305 0.397625 0.050609 0.066531
2 0.848570 0.471687 0.108422 0.215687
0 0.405625 0.259023 0.018156 0.068953
1 0.384250 0.666125 0.078469 0.068875
2 0.413328 0.726180 0.136312 0.188578
