2 0.260023 0.397609 0.101672 0.214781
0 0.477141 0.224516 0.033688 0.049094
0 0.055102 0.408016 0.052609 0.119281
2 0.040320 0.402805 0.080641 0.156797
0 0.219453 0.423992 0.019906 0.059109
0 0.293258 0.438719 0.034453 0.110250
1 0.254297 0.321516 0.046406 0.062469
0 0.355914 0.332188 0.042859 0.056406
1 0.348227 0.263578 0.035422 0.049656
1 0.367047 0.271687 0.016188 0.044031
0 0.437242 0.349969 0.024422 0.112031
2 0.334281 0.325875 0.084312 0.174625
1 0.434609 0.240141 0.031156 0.055531
0 0.536234 0.634516 0.072312 0.033281
2 0.887570 0.489938 0.132672 0.204937
1 0.890789 0.423531 0.042484 0.073188
0 0.938883 0.490617 0.030266 0.085828
0 0.836547 0.528031 0.030375 0.160187
2 0.472586 0.671141 0.084609 0.241344
0 0.505961 0.723484 0.067109 0.107781
1 0.466211 0.195367 0.020359 0.040422
0 0.449062 0.258023 0.013125 0.064891
2 0.468242 0.240094 0.051516 0.129500
2 0.421344 0.311688 0.057937 0.200031
2 0.362250 0.288578 0.026562 0.078313
1 0.582141 0.353273 0.033719 0.047047
0 0.539203 0.415508 0.056187 0.056516
2 0.567531 0.386664 0.062344 0.114078
1 0.473016 0.586297 0.064906 0.070656
0 0.639680 0.315422 0.034234 0.067813
1 0.634023 0.242398 0.031078 0.039953
2 0.636180 0.298305 0.041797 0.152766
