1 0.287492 0.592672 0.051547 0.086219
2 0.641680 0.581828 0.135078 0.184781
2 0.187117 0.625125 0.092391 0.204750
2 0.274398 0.653633 0.111516 0.207734
2 0.505539 0.145195 0.050016 0.117109
2 0.623031 0.444266 0.090437 0.114281
2 0.897828 0.418297 0.113000 0.189969
2 0.838602 0.307711 0.102797 0.180203
0 0.488297 0.170336 0.024531 0.067672
1 0.509570 0.104336 0.019078 0.035391
0 0.860438 0.452281 0.036594 0.096969
1 0.863109 0.245547 0.038281 0.055469
0 0.780016 0.279234 0.092031 0.035594
0 0.867680 0.356484 0.043141 0.138906
1 0.924359 0.354125 0.046281 0.062375
0 0.916375 0.475062 0.072500 0.131750
0 0.209594 0.685617 0.029500 0.083859
0 0.314984 0.716078 0.030781 0.082844
1 0.204172 0.557625 0.057969 0.070063
0 0.604156 0.621961 0.059844 0.070453
1 0.663969 0.524211 0.046937 0.068766
0 0.678086 0.478039 0.048672 0.094547
0 0.654211 0.487484 0.083703 0.088781
1 0.640984 0.413398 0.053531 0.053828
