0 0.387445 0.316188 0.050641 0.043437
1 0.365109 0.264281 0.021250 0.046875
1 0.479398 0.199906 0.025359 0.037500
0 0.465688 0.256016 0.014844 0.063594
0 0.493492 0.250234 0.037047 0.059531
1 0.620125 0.266188 0.039844 0.059219
2 0.560039 0.381523 0.037016 0.112453
0 0.535852 0.412227 0.045484 0.050547
1 0.569641 0.345297 0.017500 0.040312
2 0.837336 0.581305 0.098109 0.175672
0 0.803844 0.541016 0.057719 0.066313
0 0.812234 0.578773 0.073094 0.122141
1 0.851539 0.523172 0.047297 0.060031
2 0.493687 0.660508 0.110719 0.231922
1 0.498008 0.573734 0.050016 0.058906
0 0.545680 0.637539 0.060047 0.034328
0 0.552539 0.690531 0.097453 0.083563
1 0.685594 0.250688 0.025781 0.050781
0 0.578336 0.349297 0.017172 0.064719
0 0.648609 0.370789 0.019187 0.091984
0 0.653375 0.301953 0.011000 0.043813
0 0.699633 0.352656 0.023047 0.109156
1 0.298562 0.281172 0.034844 0.063125
0 0.265352 0.378250 0.029266 0.122281
0 0.341750 0.353758 0.037406 0.107297
1 0.224344 0.362945 0.054375 0.068203
2 0.237391 0.441875 0.081156 0.225938
2 0.314172 0.342211 0.092594 0.185859
2 0.485070 0.234430 0.053859 0.106766
2 0.679445 0.316008 0.063922 0.182672
1 0.017172 0.301500 0.034344 0.050156
0 0.052391 0.410977 0.057125 0.126797
2 0.040555 0.378812 0.081109 0.205375
0 0.240547 0.500477 0.074219 0.126547
2 0.613813 0.348000 0.087625 0.221375
2 0.360453 0.296766 0.030969 0.112000
