2 0.446273 0.259797 0.047078 0.158969
1 0.452500 0.202602 0.035000 0.044172
0 0.536828 0.230492 0.022406 0.041828
0 0.452109 0.303148 0.030844 0.095266
1 0.783180 0.229281 0.033547 0.056438
1 0.819648 0.266477 0.045172 0.057016
1 0.896789 0.288250 0.039547 0.059437
0 0.894922 0.341172 0.042813 0.080469
2 0.557102 0.224281 0.062422 0.126125
2 0.470719 0.241305 0.032344 0.117391
1 0.469187 0.203047 0.019312 0.041750
0 0.763352 0.390508 0.054828 0.121172
0 0.831148 0.390344 0.034391 0.130563
0 0.739797 0.324031 0.045000 0.101000
2 0.872570 0.341695 0.087641 0.167234
2 0.802492 0.346844 0.092547 0.218375
2 0.758742 0.288055 0.082828 0.174422
0 0.581563 0.257523 0.013156 0.091828
1 0.565133 0.180680 0.025141 0.037953
0 0.417133 0.204656 0.051828 0.066312
0 0.471789 0.265883 0.028578 0.056578
