0 0.851461 0.541484 0.044141 0.184219
2 0.740156 0.463461 0.106062 0.180578
1 0.204570 0.594141 0.057141 0.073906
1 0.907836 0.417250 0.063609 0.075813
1 0.930813 0.369234 0.048188 0.044125
0 0.182305 0.727586 0.069234 0.131703
1 0.275289 0.588313 0.051891 0.079312
0 0.316383 0.694117 0.025734 0.118922
0 0.711695 0.473969 0.048297 0.072688
1 0.758586 0.400938 0.052078 0.055000
0 0.848414 0.378500 0.075797 0.082375
1 0.935734 0.453758 0.038250 0.060297
0 0.952586 0.547484 0.047203 0.085031
2 0.883203 0.370977 0.144000 0.097734
2 0.874086 0.490531 0.131484 0.223563
2 0.937172 0.506945 0.080219 0.166953
2 0.273117 0.651016 0.111484 0.204844
2 0.184531 0.650195 0.097031 0.186172
2 0.293563 0.215617 0.026594 0.130984
