0 0.721016 0.540336 0.034656 0.106734
0 0.489352 0.747648 0.073109 0.135641
2 0.463727 0.668695 0.085359 0.234141
2 0.377344 0.431367 0.094531 0.167641
1 0.567312 0.342344 0.039625 0.073750
0 0.609492 0.418586 0.020359 0.070266
2 0.575945 0.408188 0.089359 0.205125
0 0.782344 0.564875 0.077281 0.125563
1 0.026211 0.374938 0.052422 0.078156
0 0.103625 0.489000 0.028312 0.145781
1 0.202789 0.338438 0.047047 0.046563
1 0.366445 0.373969 0.037516 0.052219
0 0.409562 0.500484 0.029719 0.148719
1 0.473625 0.585422 0.064062 0.067156
0 0.523406 0.668797 0.047875 0.058031
2 0.058945 0.453336 0.117891 0.235547
2 0.211914 0.376234 0.076484 0.121625
0 0.225148 0.408563 0.048109 0.055375
2 0.622922 0.263773 0.053031 0.112297
1 0.623961 0.226375 0.029703 0.037500
0 0.636516 0.278852 0.025563 0.058234
2 0.774258 0.513875 0.092672 0.227094
1 0.783250 0.436828 0.060531 0.073344
