2 0.204109 0.380961 0.086219 0.126203
0 0.202281 0.409312 0.082906 0.068875
0 0.238781 0.380555 0.022969 0.057141
1 0.199805 0.344461 0.034547 0.053578
2 0.021930 0.350469 0.043859 0.123625
0 0.010305 0.365523 0.020609 0.030516
0 0.031805 0.351102 0.023547 0.095203
2 0.015891 0.426758 0.031781 0.126703
2 0.707852 0.392578 0.090234 0.226406
2 0.487922 0.172602 0.051969 0.111047
1 0.480203 0.136750 0.022969 0.039531
0 0.473203 0.201484 0.022031 0.060781
0 0.502547 0.196297 0.022906 0.064313
1 0.721625 0.314766 0.044375 0.069844
0 0.743109 0.447414 0.021156 0.117422
0 0.676656 0.447398 0.027406 0.141703
