0 0.521914 0.226414 0.016109 0.049359
0 0.503852 0.234453 0.029828 0.043750
1 0.894562 0.537461 0.056938 0.065234
0 0.878766 0.651125 0.098531 0.087125
0 0.819961 0.581016 0.088484 0.099844
0 0.554344 0.671125 0.058594 0.067125
2 0.513047 0.646547 0.140469 0.185656
2 0.401672 0.363148 0.071875 0.127422
2 0.509367 0.208266 0.041141 0.096562
2 0.859547 0.599180 0.136562 0.189141
1 0.157742 0.319797 0.031578 0.033844
0 0.184836 0.345078 0.030516 0.072844
0 0.179664 0.348484 0.039234 0.045844
2 0.185172 0.320312 0.087125 0.070000
1 0.405258 0.323781 0.028609 0.049000
0 0.400961 0.377664 0.053141 0.060922
0 0.427766 0.361891 0.021094 0.047812
1 0.529445 0.590367 0.072328 0.073953
1 0.505016 0.180313 0.031844 0.040313
