2 0.352984 0.765930 0.161719 0.445016
0 0.255563 0.482945 0.078688 0.142547
0 0.308219 0.867547 0.053875 0.241156
1 0.751789 0.335719 0.047734 0.067250
0 0.750672 0.408945 0.063594 0.110234
0 0.630563 0.310750 0.060406 0.067563
1 0.647367 0.216023 0.029109 0.038172
1 0.645562 0.248695 0.035406 0.053234
1 0.229680 0.352984 0.049922 0.060906
1 0.313055 0.608328 0.083453 0.122094
2 0.647336 0.280461 0.029047 0.167516
2 0.631969 0.304023 0.063031 0.164766
2 0.747219 0.407492 0.070656 0.212203
2 0.243469 0.427609 0.077000 0.209781
0 0.279000 0.484141 0.011437 0.020094
