0 0.594766 0.426047 0.062812 0.061656
1 0.661555 0.381328 0.041891 0.051719
0 0.504305 0.363383 0.024766 0.127453
1 0.508344 0.188109 0.028125 0.040000
1 0.464398 0.183016 0.027609 0.048313
2 0.458195 0.232227 0.039203 0.147266
2 0.649875 0.424156 0.083281 0.137938
0 0.857445 0.279172 0.020797 0.046719
2 0.872711 0.270625 0.053203 0.106688
1 0.874789 0.241016 0.025797 0.047187
0 0.884109 0.321070 0.029406 0.091766
2 0.728375 0.774195 0.142312 0.289109
2 0.977336 0.548727 0.045328 0.139578
0 0.685094 0.820336 0.078344 0.178078
2 0.501242 0.244172 0.047016 0.152812
2 0.523391 0.309344 0.064844 0.185563
0 0.489797 0.257375 0.025187 0.065344
0 0.467742 0.276203 0.018828 0.100844
1 0.530734 0.246016 0.035937 0.059375
0 0.945805 0.574680 0.047141 0.076141
1 0.665930 0.194367 0.022797 0.028859
0 0.659008 0.469547 0.064859 0.091531
2 0.649672 0.221078 0.056156 0.082531
0 0.656945 0.252500 0.017359 0.019687
1 0.724758 0.686914 0.084391 0.113672
1 0.982688 0.501672 0.034625 0.045094
0 0.965445 0.592047 0.069109 0.066312
