0 0.234359 0.415195 0.067156 0.047266
0 0.933812 0.725383 0.085469 0.132703
0 0.795586 0.634781 0.044391 0.074188
1 0.845492 0.618906 0.054797 0.087156
0 0.243984 0.400648 0.036719 0.020672
1 0.251070 0.528391 0.087328 0.098875
0 0.246094 0.631859 0.116781 0.088781
2 0.884563 0.866102 0.148062 0.178266
2 0.835086 0.656797 0.123609 0.163906
1 0.919484 0.826414 0.078219 0.098891
1 0.632836 0.219492 0.032859 0.049984
2 0.215719 0.379500 0.077125 0.135375
2 0.634125 0.249992 0.054031 0.112516
0 0.653430 0.275867 0.014641 0.051047
2 0.261133 0.621234 0.108828 0.286875
1 0.211961 0.337906 0.049922 0.052250
