0 0.515883 0.475828 0.062703 0.075906
2 0.178437 0.333320 0.058969 0.112078
2 0.074227 0.354078 0.082016 0.201563
2 0.082578 0.293922 0.067906 0.174625
2 0.177078 0.444109 0.123219 0.224469
2 0.422953 0.362094 0.089438 0.227313
2 0.476234 0.467148 0.073406 0.209297
2 0.579797 0.419906 0.065437 0.198813
0 0.580031 0.456258 0.066031 0.113859
2 0.604187 0.280789 0.055813 0.137203
0 0.352641 0.254719 0.012875 0.086813
2 0.334148 0.233914 0.050984 0.144891
1 0.604523 0.235187 0.028484 0.046937
0 0.620617 0.309695 0.023359 0.071609
1 0.579117 0.353938 0.049859 0.065625
0 0.538062 0.389430 0.045563 0.027828
2 0.230586 0.418141 0.058516 0.146812
0 0.518641 0.447484 0.037812 0.050625
1 0.476156 0.391828 0.061125 0.059469
1 0.425281 0.276727 0.035625 0.055953
0 0.404461 0.294305 0.051859 0.079922
1 0.333914 0.184109 0.025859 0.045750
0 0.324023 0.266594 0.029953 0.101938
0 0.252727 0.442055 0.073078 0.063859
1 0.221492 0.363375 0.039797 0.039594
0 0.215875 0.360313 0.045812 0.126406
0 0.138266 0.385102 0.043000 0.104484
0 0.088688 0.390703 0.054719 0.128031
1 0.167492 0.297078 0.035484 0.040000
1 0.067141 0.231391 0.035438 0.047906
1 0.056383 0.277125 0.043578 0.049344
