2 0.828109 0.327875 0.113344 0.158938
0 0.394836 0.296711 0.043578 0.087828
1 0.373812 0.205141 0.032031 0.050469
1 0.505828 0.206875 0.025719 0.045312
1 0.587047 0.259219 0.027219 0.056875
0 0.600195 0.322609 0.032359 0.055312
0 0.567313 0.319273 0.034063 0.055828
1 0.823188 0.281977 0.048125 0.064203
1 0.862609 0.277898 0.043969 0.057953
0 0.859367 0.379273 0.029922 0.113016
0 0.780539 0.398172 0.051047 0.128031
0 0.493938 0.264711 0.050625 0.064328
2 0.499031 0.245805 0.060750 0.123391
2 0.583961 0.291859 0.067422 0.121500
2 0.382125 0.260609 0.049437 0.160969
2 0.806727 0.348422 0.087828 0.197531
