0 0.868305 0.649234 0.106953 0.097781
1 0.896414 0.544734 0.067828 0.063969
2 0.431156 0.659922 0.101906 0.203906
2 0.400414 0.359477 0.064828 0.132297
0 0.400438 0.375969 0.057250 0.059125
0 0.424539 0.357531 0.016109 0.052125
1 0.400875 0.315992 0.021312 0.045516
1 0.422148 0.591406 0.066047 0.067812
2 0.184031 0.311812 0.090406 0.074188
0 0.192687 0.352250 0.036688 0.056438
1 0.152484 0.301187 0.027125 0.038250
0 0.823914 0.610742 0.071953 0.123203
0 0.548867 0.243266 0.016453 0.040125
1 0.533398 0.184141 0.019141 0.034531
2 0.536211 0.216016 0.042109 0.099219
2 0.864430 0.605195 0.131297 0.186391
