1 0.652078 0.312563 0.046281 0.053687
2 0.708070 0.773672 0.147203 0.292250
0 0.662438 0.828688 0.086219 0.184500
1 0.697047 0.686719 0.083312 0.118437
2 0.623266 0.282258 0.088031 0.152047
2 0.636727 0.392250 0.086172 0.213625
2 0.975891 0.542234 0.048219 0.135219
0 0.944531 0.573773 0.049625 0.073172
0 0.959750 0.588430 0.080500 0.062203
1 0.980820 0.497125 0.038359 0.045469
2 0.836875 0.262406 0.053125 0.104312
0 0.851594 0.304664 0.024469 0.098266
1 0.841766 0.228742 0.023906 0.037516
1 0.662664 0.190516 0.030797 0.033281
0 0.620227 0.444328 0.053828 0.168219
2 0.649227 0.216555 0.056547 0.085953
1 0.648992 0.231312 0.036578 0.049688
0 0.588734 0.311820 0.027969 0.110109
