1 0.386727 0.316062 0.046641 0.044969
2 0.854773 0.617313 0.124922 0.188188
2 0.520789 0.584758 0.092891 0.221734
2 0.397344 0.356984 0.069062 0.126969
2 0.548055 0.223820 0.045016 0.098984
0 0.813352 0.613820 0.042078 0.078297
0 0.875734 0.667469 0.084563 0.088188
1 0.871742 0.561453 0.050359 0.076656
0 0.560008 0.662586 0.040297 0.051078
0 0.519883 0.701180 0.035922 0.198891
1 0.538570 0.516242 0.058016 0.084391
0 0.560383 0.251844 0.020484 0.043125
1 0.541906 0.194414 0.032250 0.038359
0 0.408117 0.358453 0.029703 0.017969
0 0.402727 0.380359 0.058297 0.052094
