2 0.364086 0.300828 0.026953 0.101719
0 0.390117 0.341125 0.045172 0.019031
1 0.015617 0.301719 0.031234 0.053875
0 0.054219 0.409523 0.059188 0.125422
1 0.252867 0.368422 0.052891 0.074250
0 0.272187 0.502461 0.064625 0.130484
0 0.360063 0.333766 0.025563 0.057375
1 0.329391 0.262805 0.037406 0.048578
1 0.435047 0.283477 0.032344 0.054359
0 0.493586 0.249812 0.037516 0.055625
0 0.466016 0.264180 0.013281 0.071484
0 0.414398 0.348367 0.028203 0.093453
0 0.482508 0.402406 0.013609 0.096906
1 0.588859 0.351062 0.032500 0.046813
0 0.555453 0.691203 0.072625 0.082906
0 0.547242 0.638844 0.032828 0.018281
1 0.504867 0.574461 0.047797 0.068672
1 0.873008 0.531742 0.061297 0.065266
0 0.842680 0.618797 0.069484 0.089594
0 0.650813 0.314750 0.017563 0.094750
0 0.606000 0.299648 0.012219 0.071172
1 0.623250 0.236062 0.024594 0.048000
2 0.629711 0.286586 0.059172 0.150266
1 0.485109 0.202516 0.020781 0.037500
2 0.263641 0.447250 0.074406 0.232844
2 0.444312 0.360445 0.089500 0.210984
2 0.334266 0.329227 0.077594 0.180578
2 0.041234 0.378094 0.082469 0.207687
0 0.802687 0.609195 0.059719 0.045922
2 0.848695 0.588430 0.109797 0.179672
2 0.499734 0.663094 0.121437 0.246719
2 0.582016 0.389125 0.046969 0.123156
0 0.561570 0.418969 0.047672 0.061438
2 0.485703 0.242000 0.053844 0.115875
1 0.370469 0.273711 0.010875 0.047891
