0 0.712125 0.317344 0.024688 0.064844
0 0.401578 0.442156 0.060781 0.095062
0 0.336781 0.581406 0.080594 0.124063
0 0.374070 0.583039 0.024078 0.078328
0 0.160102 0.630055 0.115047 0.135828
1 0.116359 0.601844 0.065156 0.075469
0 0.126984 0.574102 0.048094 0.043391
2 0.149734 0.650547 0.135031 0.195156
0 0.880539 0.407750 0.030547 0.086250
0 0.829570 0.402008 0.043422 0.138047
0 0.563859 0.661898 0.059281 0.089109
2 0.603602 0.615602 0.116734 0.186234
1 0.077766 0.272430 0.057688 0.083891
0 0.115109 0.424789 0.114719 0.143547
1 0.338922 0.441695 0.051969 0.095984
0 0.425258 0.451313 0.017172 0.076281
2 0.341367 0.518383 0.091797 0.250266
2 0.088219 0.376031 0.102313 0.292250
2 0.398086 0.399586 0.070359 0.137922
0 0.885234 0.343797 0.018187 0.055906
2 0.851875 0.302586 0.104406 0.162016
0 0.815844 0.332156 0.031969 0.101250
2 0.857227 0.359414 0.099078 0.183203
2 0.749328 0.307055 0.071438 0.171453
2 0.682305 0.310594 0.083453 0.178406
2 0.599820 0.297586 0.101734 0.059828
0 0.582797 0.331766 0.038500 0.088031
0 0.601703 0.334508 0.028375 0.065516
1 0.633531 0.296922 0.033125 0.038125
1 0.686422 0.247688 0.030625 0.053906
0 0.713781 0.341172 0.034719 0.117156
0 0.766813 0.355305 0.035094 0.117672
1 0.755828 0.246094 0.034531 0.050000
1 0.884102 0.248047 0.038453 0.051875
1 0.885492 0.298156 0.042297 0.060250
1 0.392008 0.357250 0.044984 0.051875
1 0.619758 0.555344 0.058109 0.067281
1 0.645172 0.500977 0.046781 0.060203
0 0.670875 0.617180 0.040094 0.116453
2 0.656367 0.573312 0.069266 0.204250
