2 0.506391 0.666859 0.121844 0.232250
0 0.247102 0.293953 0.014297 0.065844
0 0.199437 0.295281 0.014875 0.087375
1 0.220984 0.218531 0.021875 0.033750
2 0.223242 0.253797 0.061859 0.103406
1 0.522586 0.589758 0.059797 0.078109
0 0.567711 0.637703 0.065828 0.037063
0 0.565781 0.683687 0.095625 0.083687
0 0.842313 0.655008 0.135281 0.082484
0 0.802086 0.618508 0.067516 0.104734
1 0.873633 0.555969 0.059859 0.069594
2 0.845250 0.607781 0.127875 0.172812
1 0.539898 0.199234 0.026891 0.038125
2 0.548297 0.227586 0.048156 0.095766
2 0.399203 0.355570 0.060344 0.129703
0 0.560836 0.248062 0.021109 0.042500
0 0.419367 0.361766 0.018078 0.040313
0 0.392609 0.372078 0.038687 0.059844
1 0.403273 0.316156 0.026172 0.051063
