1 0.703586 0.320273 0.046859 0.078453
2 0.708969 0.408258 0.108656 0.256203
0 0.527211 0.221656 0.030484 0.094875
2 0.332313 0.587008 0.097156 0.282109
2 0.571906 0.742133 0.130187 0.282734
2 0.513227 0.187023 0.058391 0.128047
1 0.511398 0.143875 0.027672 0.041719
0 0.487625 0.212109 0.027313 0.076813
1 0.331000 0.488344 0.076750 0.084875
1 0.204687 0.344203 0.035156 0.056906
0 0.238359 0.378328 0.029375 0.055781
0 0.203437 0.408578 0.082344 0.068781
2 0.202797 0.378922 0.081156 0.126656
0 0.372992 0.620578 0.073703 0.092094
0 0.381680 0.595000 0.053672 0.050312
0 0.490984 0.772555 0.061437 0.142484
1 0.585992 0.643055 0.077203 0.083484
0 0.730734 0.413867 0.065437 0.080266
0 0.664875 0.448188 0.020156 0.153406
