2 0.827367 0.632445 0.120672 0.197797
0 0.229633 0.764508 0.044672 0.043797
2 0.603656 0.254367 0.050813 0.111703
0 0.915875 0.702164 0.091375 0.184672
2 0.458031 0.354883 0.075500 0.155234
1 0.454164 0.307234 0.035484 0.058438
0 0.490258 0.402805 0.016078 0.113891
0 0.429867 0.389250 0.018984 0.076281
0 0.594805 0.278328 0.032984 0.057813
0 0.613164 0.269422 0.032203 0.051562
1 0.599102 0.220984 0.025328 0.045000
1 0.841305 0.570070 0.054609 0.074547
2 0.298883 0.751859 0.130984 0.168125
0 0.257914 0.802008 0.094391 0.072859
1 0.274086 0.707250 0.080266 0.078281
0 0.795164 0.631453 0.055016 0.108938
