0 0.205852 0.408273 0.088922 0.065641
0 0.271656 0.330063 0.091938 0.060781
1 0.034852 0.362211 0.061453 0.075891
1 0.205445 0.339875 0.035766 0.056125
2 0.454172 0.354758 0.115344 0.216734
2 0.567000 0.308320 0.098594 0.209297
2 0.675664 0.391031 0.094203 0.244500
0 0.637172 0.393906 0.017469 0.075000
0 0.708602 0.430563 0.028516 0.164563
1 0.676484 0.312562 0.048188 0.089562
0 0.428117 0.286789 0.064391 0.098922
0 0.492078 0.420836 0.037312 0.148047
0 0.537883 0.306063 0.040109 0.094844
0 0.600063 0.344984 0.029500 0.135031
1 0.572086 0.227898 0.035922 0.049016
2 0.058961 0.439141 0.110141 0.229219
2 0.205422 0.376563 0.090094 0.129688
1 0.454484 0.278898 0.040344 0.067484
