1 0.387078 0.315969 0.044375 0.042750
0 0.398828 0.360875 0.052031 0.070750
0 0.408680 0.327969 0.012359 0.019250
2 0.392437 0.360094 0.058656 0.130750
1 0.513922 0.599922 0.053281 0.080156
0 0.545937 0.667945 0.060031 0.037547
0 0.532844 0.743133 0.076844 0.083734
1 0.850336 0.573469 0.064703 0.074313
0 0.826187 0.674328 0.118625 0.075094
0 0.783625 0.649797 0.043938 0.103844
0 0.600727 0.264594 0.063766 0.047063
1 0.576320 0.205375 0.027828 0.039562
2 0.825203 0.624531 0.126656 0.176563
2 0.572734 0.236570 0.036719 0.103109
2 0.498234 0.672102 0.086375 0.224547
