0 0.529898 0.713836 0.090391 0.095172
0 0.555375 0.833266 0.013187 0.086656
2 0.037352 0.235547 0.054078 0.113594
0 0.051961 0.381477 0.038484 0.116266
2 0.030437 0.318617 0.060875 0.184422
1 0.476070 0.595820 0.066516 0.068766
1 0.023930 0.250984 0.038453 0.048125
1 0.083148 0.261531 0.041578 0.051094
0 0.073188 0.233875 0.051187 0.061094
1 0.626484 0.717977 0.063438 0.104047
0 0.683414 0.920023 0.091328 0.159953
1 0.864945 0.587203 0.054453 0.080594
0 0.810187 0.639906 0.078437 0.104875
0 0.839484 0.645977 0.112875 0.095547
2 0.622055 0.832516 0.147234 0.334969
1 0.674797 0.263078 0.030937 0.048906
0 0.657070 0.345664 0.040141 0.091516
0 0.681375 0.341102 0.019375 0.091297
1 0.194375 0.339281 0.041062 0.045375
1 0.228016 0.388516 0.051906 0.069219
0 0.526922 0.661094 0.054781 0.028375
0 0.263008 0.541500 0.062234 0.153562
0 0.175781 0.465062 0.027969 0.057813
1 0.107547 0.378891 0.054406 0.072125
0 0.115000 0.327281 0.022188 0.037625
1 0.028391 0.202469 0.036563 0.047031
2 0.590750 0.384570 0.033875 0.119922
1 0.588500 0.350297 0.030156 0.049531
0 0.600977 0.412047 0.037266 0.064344
2 0.833734 0.622180 0.125969 0.149703
2 0.478766 0.675164 0.098469 0.226578
2 0.661820 0.321109 0.059797 0.165563
2 0.242500 0.477828 0.103125 0.247469
2 0.133031 0.464430 0.113313 0.242703
2 0.194008 0.367719 0.042172 0.102594
0 0.234898 0.404398 0.081734 0.046641
2 0.079898 0.338258 0.093516 0.204109
