1 0.376820 0.353164 0.035766 0.067578
0 0.412844 0.460570 0.018188 0.125422
0 0.346016 0.475758 0.019687 0.123922
0 0.418234 0.356875 0.019000 0.048813
0 0.405852 0.355055 0.021703 0.039078
1 0.386000 0.315391 0.034687 0.045469
0 0.561617 0.250000 0.017359 0.040937
1 0.538289 0.195734 0.026109 0.039531
1 0.521789 0.638672 0.074547 0.111125
2 0.514695 0.735313 0.137703 0.305938
0 0.463953 0.801922 0.036625 0.130219
2 0.547414 0.233555 0.046766 0.115391
2 0.378453 0.400063 0.087969 0.160812
2 0.398469 0.336641 0.059531 0.088594
0 0.921508 0.670328 0.047391 0.105625
0 0.804711 0.602156 0.071859 0.061094
1 0.884023 0.547867 0.053734 0.066828
2 0.869461 0.606500 0.150891 0.184781
