0 0.582234 0.260680 0.047188 0.053516
1 0.184188 0.608273 0.080375 0.094391
0 0.251742 0.757586 0.059266 0.137203
2 0.216398 0.709328 0.146922 0.295406
1 0.533875 0.882570 0.082125 0.108328
0 0.626484 0.896008 0.079281 0.207984
0 0.553758 0.805570 0.049484 0.055484
2 0.579617 0.914422 0.173266 0.171156
1 0.179609 0.385961 0.057625 0.070922
0 0.170758 0.524453 0.040484 0.089594
0 0.140922 0.421828 0.056906 0.078406
2 0.201344 0.471219 0.102437 0.240375
1 0.130727 0.326336 0.042297 0.063828
2 0.131359 0.403102 0.076125 0.217703
1 0.379336 0.405266 0.040141 0.067062
0 0.396430 0.466641 0.055578 0.084219
0 0.345445 0.528500 0.019984 0.134781
2 0.385445 0.483727 0.099922 0.225297
1 0.604867 0.192422 0.027359 0.042969
1 0.173313 0.302562 0.030313 0.042188
0 0.192289 0.366742 0.078922 0.039453
0 0.199313 0.315680 0.022312 0.042828
2 0.180797 0.333766 0.061562 0.105531
0 0.534203 0.387492 0.059844 0.050641
0 0.519227 0.360078 0.030641 0.020313
1 0.545891 0.332734 0.030625 0.047031
1 0.585461 0.366477 0.052828 0.062734
0 0.589227 0.476086 0.062703 0.125859
2 0.583969 0.430844 0.073875 0.191281
0 0.538102 0.420914 0.049859 0.054422
2 0.605016 0.238250 0.044406 0.134438
