2 0.674609 0.323828 0.073188 0.165781
0 0.701867 0.353445 0.018141 0.107641
0 0.647172 0.331836 0.018500 0.080078
1 0.598031 0.266672 0.033437 0.042813
0 0.556781 0.316141 0.041875 0.042656
1 0.578891 0.354578 0.028594 0.043594
0 0.608852 0.327266 0.031016 0.055094
0 0.541039 0.414086 0.060016 0.058703
0 0.559555 0.380906 0.020484 0.013906
2 0.328953 0.322750 0.074906 0.159750
1 0.348805 0.260547 0.034547 0.035937
1 0.356820 0.279516 0.035953 0.058281
0 0.327953 0.378852 0.021750 0.096672
0 0.410219 0.372828 0.023531 0.082063
0 0.199125 0.364641 0.069813 0.048094
1 0.160523 0.300984 0.038609 0.044219
2 0.036102 0.406242 0.072203 0.151766
0 0.037922 0.408852 0.042594 0.113016
2 0.369977 0.351031 0.105578 0.200750
1 0.383008 0.661789 0.078641 0.071234
0 0.440914 0.677531 0.045328 0.064813
0 0.455180 0.717875 0.059297 0.136719
2 0.172359 0.337719 0.062719 0.117375
2 0.865383 0.475680 0.129047 0.214266
1 0.876898 0.401094 0.053297 0.064687
0 0.818453 0.496641 0.034719 0.130156
0 0.901328 0.468117 0.057406 0.096578
2 0.564375 0.387523 0.057062 0.109516
2 0.591508 0.299844 0.065828 0.109625
2 0.413805 0.720648 0.141609 0.187141
1 0.686578 0.264172 0.027344 0.046250
