1 0.247898 0.351922 0.048672 0.074781
1 0.160797 0.299797 0.033438 0.042188
0 0.641859 0.302172 0.018906 0.052812
0 0.269805 0.414594 0.066797 0.098000
0 0.219297 0.466695 0.025500 0.142641
1 0.354000 0.278180 0.032500 0.056047
0 0.355602 0.332984 0.043203 0.055906
0 0.320094 0.241203 0.030000 0.038906
0 0.475484 0.719758 0.050125 0.071953
2 0.451609 0.682953 0.106844 0.223469
1 0.438438 0.610727 0.055688 0.078547
2 0.568375 0.372094 0.047469 0.119656
2 0.549141 0.298828 0.061813 0.103375
2 0.286289 0.245852 0.052391 0.159484
2 0.330086 0.330758 0.081391 0.161109
2 0.260594 0.422625 0.086781 0.215469
2 0.169352 0.334336 0.056703 0.111453
1 0.552789 0.270953 0.027516 0.047187
0 0.548789 0.326164 0.061578 0.048922
0 0.528070 0.316820 0.028891 0.056328
1 0.553367 0.336344 0.026109 0.047656
0 0.280094 0.291164 0.038719 0.104859
1 0.282148 0.192719 0.031266 0.052969
0 0.195203 0.364500 0.065813 0.051531
0 0.583297 0.340711 0.017469 0.091797
2 0.870227 0.471656 0.154453 0.205063
1 0.880602 0.403039 0.051484 0.067359
0 0.816016 0.469914 0.045906 0.089141
0 0.903125 0.484859 0.088406 0.081438
2 0.671406 0.312789 0.077750 0.128359
0 0.699437 0.316000 0.021563 0.044219
1 0.672523 0.271750 0.027516 0.045312
