0 0.614242 0.272266 0.028922 0.054375
1 0.600187 0.220391 0.025938 0.045469
2 0.603727 0.254047 0.051359 0.113219
1 0.406258 0.306633 0.047953 0.055078
0 0.413156 0.392891 0.032562 0.081094
2 0.417500 0.356578 0.071875 0.155625
2 0.569703 0.914414 0.198187 0.171172
2 0.289750 0.769398 0.141156 0.170141
0 0.223242 0.799102 0.030234 0.035234
2 0.832383 0.633563 0.129922 0.201312
0 0.794156 0.631687 0.055125 0.111625
0 0.639227 0.933000 0.059609 0.134000
0 0.246344 0.812141 0.098844 0.085406
1 0.256289 0.725047 0.074484 0.079812
1 0.541234 0.886422 0.083312 0.116938
0 0.918555 0.719148 0.089391 0.148266
1 0.843508 0.569008 0.060266 0.071922
0 0.596516 0.282813 0.035625 0.055469
