1 0.581664 0.350727 0.027734 0.032359
0 0.545016 0.379188 0.020156 0.020469
0 0.540094 0.404164 0.037500 0.059484
0 0.650109 0.337695 0.046969 0.087859
0 0.697086 0.352633 0.018891 0.106109
2 0.391398 0.358312 0.079984 0.195875
2 0.591313 0.298094 0.065813 0.110062
2 0.565297 0.383992 0.060906 0.099047
2 0.670875 0.318789 0.058625 0.175141
0 0.038617 0.408133 0.046297 0.116141
2 0.036094 0.401727 0.072188 0.157703
0 0.223875 0.342555 0.037000 0.071453
0 0.421563 0.356227 0.019969 0.055672
1 0.370977 0.288187 0.033766 0.056562
1 0.351102 0.269109 0.035266 0.042313
0 0.352078 0.329109 0.024531 0.053281
1 0.227289 0.271141 0.042047 0.041719
2 0.329164 0.329563 0.079828 0.163531
1 0.672844 0.255086 0.035094 0.047547
2 0.819211 0.464383 0.115703 0.219359
2 0.459172 0.676602 0.093656 0.242391
2 0.214617 0.314570 0.067453 0.127922
1 0.449383 0.590516 0.064016 0.070688
0 0.507594 0.712469 0.084656 0.101063
1 0.841648 0.386266 0.050953 0.064062
0 0.781961 0.454320 0.040484 0.083234
0 0.850008 0.466547 0.053984 0.102844
1 0.601219 0.263953 0.026406 0.041875
0 0.561320 0.311594 0.049109 0.055281
0 0.609062 0.326477 0.028625 0.053641
