1 0.792688 0.316648 0.053188 0.069328
1 0.193891 0.264797 0.035594 0.051656
0 0.218281 0.309211 0.020000 0.067766
2 0.206188 0.327969 0.060438 0.178437
0 0.332922 0.538242 0.060969 0.123016
0 0.427898 0.517859 0.046516 0.089875
1 0.373094 0.458313 0.036562 0.065000
2 0.361641 0.499453 0.118594 0.147656
0 0.768625 0.457430 0.065125 0.162422
0 0.732297 0.303727 0.032937 0.076234
0 0.682344 0.313867 0.011969 0.072422
1 0.711313 0.229656 0.030938 0.042500
2 0.712516 0.281031 0.072719 0.146062
2 0.783930 0.410383 0.096859 0.257328
0 0.495531 0.280359 0.010906 0.089312
2 0.499891 0.265789 0.022000 0.104703
