2 0.657875 0.305812 0.062719 0.151375
2 0.859852 0.477633 0.145047 0.214703
2 0.486414 0.657125 0.111859 0.239188
2 0.023852 0.378398 0.047703 0.127516
0 0.027305 0.375789 0.039078 0.111047
1 0.364102 0.284219 0.033922 0.052969
1 0.350586 0.270469 0.026266 0.041719
0 0.331117 0.329594 0.045953 0.064000
2 0.325992 0.323781 0.076172 0.148500
2 0.359453 0.353664 0.108125 0.192359
1 0.313055 0.200102 0.029203 0.050359
2 0.310234 0.249109 0.045094 0.147719
2 0.172500 0.340797 0.056563 0.119344
1 0.491016 0.570430 0.073594 0.067547
0 0.568086 0.664391 0.098484 0.080469
0 0.890031 0.488953 0.084937 0.076469
0 0.786156 0.482148 0.074125 0.108797
1 0.862336 0.403187 0.048672 0.065344
1 0.162039 0.300227 0.033453 0.038141
0 0.208469 0.361703 0.036406 0.030469
0 0.187609 0.379930 0.058594 0.082953
0 0.290883 0.281320 0.024172 0.088109
0 0.326320 0.381891 0.041703 0.100594
0 0.401977 0.370875 0.023141 0.061062
0 0.515031 0.380531 0.035781 0.045625
1 0.546531 0.331375 0.026250 0.037813
0 0.530055 0.316430 0.032422 0.055828
0 0.548734 0.326977 0.060375 0.049297
1 0.550406 0.268031 0.026875 0.044531
2 0.548773 0.299508 0.060453 0.106859
0 0.614445 0.327758 0.033734 0.027047
0 0.678992 0.331758 0.019922 0.087828
1 0.649969 0.254586 0.031344 0.048266
2 0.537664 0.372094 0.080891 0.119344
