2 0.283812 0.663109 0.111031 0.208125
0 0.649266 0.260937 0.009906 0.071563
0 0.616125 0.259086 0.015469 0.092547
0 0.596055 0.274781 0.024922 0.101062
1 0.602492 0.192875 0.034109 0.044219
2 0.631875 0.235883 0.046250 0.139078
2 0.598070 0.241648 0.043484 0.141859
1 0.635367 0.185906 0.027672 0.038594
0 0.217742 0.596664 0.049922 0.058766
1 0.165781 0.575070 0.063562 0.077297
0 0.181180 0.720852 0.071078 0.144859
0 0.326187 0.708797 0.026656 0.066281
1 0.290852 0.599336 0.057453 0.079578
2 0.173367 0.636461 0.095078 0.200484
2 0.965969 0.561000 0.068062 0.192188
