1 0.276570 0.589539 0.054797 0.082109
0 0.315398 0.698055 0.024922 0.099422
2 0.273133 0.659680 0.111703 0.223891
2 0.183703 0.647437 0.096344 0.187063
0 0.931844 0.319312 0.035562 0.040250
1 0.921523 0.292266 0.048453 0.052812
2 0.887578 0.342680 0.125594 0.153047
1 0.771453 0.373937 0.054219 0.067500
0 0.847008 0.348375 0.044453 0.116688
1 0.812117 0.423156 0.047953 0.064188
0 0.745891 0.523344 0.068375 0.109500
2 0.747930 0.446844 0.101422 0.213313
2 0.787422 0.484477 0.129625 0.187891
1 0.963461 0.450938 0.047703 0.055187
0 0.951508 0.548477 0.076953 0.105703
0 0.911930 0.522234 0.053172 0.085875
2 0.945867 0.501906 0.089266 0.158250
1 0.204633 0.589805 0.055078 0.071734
0 0.181547 0.722992 0.069719 0.138078
