2 0.472406 0.238953 0.031375 0.115937
1 0.808586 0.227797 0.034672 0.052219
1 0.835539 0.275695 0.040078 0.052984
0 0.782891 0.385750 0.040469 0.141000
0 0.843359 0.334383 0.036812 0.079047
2 0.811711 0.343164 0.099922 0.187422
2 0.793945 0.282234 0.063953 0.162250
1 0.443969 0.205531 0.031562 0.048937
1 0.466937 0.204734 0.020313 0.047344
0 0.418727 0.249648 0.017172 0.025641
0 0.473305 0.272273 0.028078 0.047672
2 0.561680 0.240266 0.060766 0.149469
2 0.444977 0.263617 0.042547 0.166516
0 0.441000 0.300656 0.034156 0.077094
1 0.566430 0.186289 0.025172 0.041172
0 0.583773 0.239102 0.016734 0.064609
0 0.540687 0.264367 0.018875 0.102516
