1 0.753828 0.289633 0.025750 0.021859
0 0.433781 0.790578 0.147469 0.084281
1 0.331281 0.679070 0.062125 0.089953
1 0.602016 0.239211 0.034844 0.058453
1 0.636875 0.278984 0.039688 0.059844
1 0.666273 0.233312 0.031703 0.050406
2 0.350117 0.736781 0.140547 0.210781
2 0.031703 0.372906 0.063406 0.148375
2 0.605250 0.293445 0.045281 0.173734
2 0.669500 0.272406 0.047812 0.131406
2 0.636602 0.351562 0.088828 0.206875
0 0.599805 0.399711 0.013984 0.140828
0 0.681570 0.402695 0.018453 0.124391
0 0.590555 0.303555 0.058609 0.057422
0 0.664414 0.302898 0.035391 0.032984
0 0.687102 0.291969 0.010703 0.045031
2 0.757094 0.326813 0.061375 0.099562
0 0.037875 0.387164 0.069281 0.131703
