1 0.372258 0.316781 0.043047 0.069875
0 0.368000 0.395594 0.078625 0.081937
1 0.783953 0.259109 0.035844 0.054906
0 0.790281 0.298695 0.019937 0.063766
0 0.760094 0.368703 0.032906 0.126813
0 0.951117 0.562414 0.042984 0.127672
0 0.967961 0.595234 0.064078 0.072844
2 0.983016 0.540570 0.033969 0.140109
0 0.665438 0.271445 0.021844 0.093047
1 0.690563 0.202547 0.023281 0.037719
1 0.659234 0.182766 0.021250 0.036562
2 0.649234 0.215937 0.058437 0.102188
2 0.678820 0.234297 0.047328 0.100250
2 0.764047 0.321188 0.075719 0.179500
2 0.364063 0.360945 0.070312 0.159672
