0 0.179664 0.867523 0.074641 0.242766
1 0.279813 0.588125 0.059281 0.076969
1 0.199977 0.585250 0.085297 0.121375
0 0.449422 0.847109 0.069875 0.215156
0 0.629195 0.882328 0.112766 0.210563
1 0.539875 0.684125 0.083188 0.120188
0 0.816047 0.635398 0.099406 0.170766
1 0.847875 0.318641 0.052500 0.062094
1 0.866539 0.453313 0.056609 0.072438
0 0.805367 0.320977 0.041109 0.051797
0 0.870688 0.343609 0.022406 0.062469
1 0.854523 0.272000 0.031109 0.045375
2 0.834141 0.323336 0.098594 0.148953
2 0.826922 0.397437 0.094063 0.219812
2 0.858203 0.558375 0.121562 0.282000
1 0.741422 0.246406 0.036406 0.056250
2 0.285281 0.643516 0.098156 0.188594
2 0.415648 0.282562 0.067078 0.166750
2 0.462961 0.266797 0.050234 0.156094
2 0.723117 0.313773 0.073266 0.191203
2 0.533500 0.336000 0.057938 0.230187
0 0.462188 0.316937 0.027187 0.080938
0 0.396195 0.240508 0.028828 0.089078
0 0.531734 0.393023 0.031813 0.158859
2 0.550266 0.812344 0.269906 0.375312
2 0.230414 0.737945 0.176234 0.425859
0 0.787180 0.440594 0.029141 0.073000
0 0.827445 0.460742 0.070734 0.125703
0 0.737297 0.352664 0.072594 0.114047
1 0.528383 0.251602 0.040859 0.061297
1 0.453914 0.211813 0.032547 0.044844
1 0.418313 0.224047 0.030469 0.048594
0 0.320977 0.697461 0.024953 0.080078
1 0.186852 0.532609 0.052516 0.030500
2 0.177930 0.619633 0.072766 0.207297
