1 0.857078 0.560555 0.053781 0.079703
0 0.860930 0.659438 0.093734 0.093938
0 0.790703 0.628172 0.036312 0.113719
0 0.485945 0.724562 0.067266 0.162656
1 0.619383 0.226453 0.041422 0.048969
0 0.642164 0.280719 0.015922 0.055219
2 0.624203 0.257836 0.050906 0.113078
2 0.210648 0.376141 0.058141 0.124094
2 0.495078 0.664117 0.117969 0.282078
0 0.543195 0.663672 0.042641 0.035812
2 0.840016 0.613242 0.135656 0.185422
1 0.202961 0.336484 0.037672 0.044969
0 0.234437 0.410602 0.059844 0.054234
1 0.795070 0.822727 0.087953 0.148047
0 0.708984 0.947352 0.061281 0.105297
2 0.758219 0.873477 0.162469 0.253047
1 0.504289 0.565625 0.060484 0.085656
