2 0.967562 0.552297 0.064875 0.224531
2 0.282398 0.661367 0.111078 0.203984
1 0.175352 0.574992 0.059172 0.076578
1 0.292914 0.597336 0.062453 0.075609
0 0.324102 0.705063 0.026547 0.075437
0 0.179852 0.719609 0.070922 0.151406
2 0.168781 0.637250 0.077687 0.202125
0 0.630203 0.262172 0.020313 0.099500
0 0.595625 0.273891 0.020531 0.103594
1 0.608422 0.191625 0.027813 0.042187
0 0.668656 0.258258 0.014156 0.083297
1 0.654430 0.187484 0.027516 0.039687
2 0.647680 0.236109 0.056797 0.136500
2 0.600133 0.241875 0.044359 0.142750
