0 0.552680 0.269750 0.033422 0.063937
1 0.585711 0.196250 0.029078 0.044062
0 0.192258 0.362750 0.086391 0.052937
0 0.215273 0.357203 0.053766 0.038906
2 0.069219 0.492477 0.138437 0.257797
2 0.181438 0.333430 0.064938 0.111547
2 0.581219 0.233484 0.042312 0.119344
2 0.452937 0.396742 0.089031 0.196828
2 0.256961 0.396781 0.065172 0.123000
2 0.025695 0.317266 0.051391 0.122969
1 0.031422 0.406555 0.062844 0.087609
1 0.020547 0.285289 0.041094 0.058359
0 0.108805 0.541781 0.058766 0.157375
0 0.254250 0.463250 0.058688 0.124437
0 0.281711 0.443250 0.021172 0.086187
1 0.268375 0.363852 0.036406 0.056672
1 0.170852 0.301047 0.028141 0.046094
1 0.338695 0.428961 0.045109 0.073016
0 0.402531 0.502016 0.028187 0.102219
0 0.300305 0.562547 0.031422 0.075813
2 0.350984 0.518531 0.133313 0.252656
1 0.561859 0.871391 0.085438 0.114500
1 0.874031 0.844961 0.090875 0.125484
2 0.851914 0.882000 0.135922 0.200031
0 0.630789 0.961719 0.073672 0.076563
0 0.611656 0.912078 0.042875 0.047281
2 0.582109 0.906609 0.171250 0.186781
1 0.456992 0.324648 0.038047 0.053828
0 0.419422 0.383242 0.035156 0.058828
0 0.491938 0.415078 0.017312 0.086406
1 0.567625 0.333906 0.031250 0.044375
0 0.536234 0.357859 0.022500 0.020781
0 0.525102 0.375383 0.047672 0.062672
2 0.547805 0.361945 0.071359 0.101109
0 0.574555 0.273898 0.055422 0.055672
