2 0.632805 0.304977 0.062984 0.158828
0 0.045633 0.423937 0.037297 0.106125
2 0.033086 0.386867 0.066172 0.181766
1 0.301242 0.249898 0.032641 0.051766
0 0.322203 0.312141 0.060688 0.062594
0 0.334391 0.304266 0.026250 0.030313
2 0.304508 0.287922 0.042547 0.127281
1 0.424008 0.300352 0.040922 0.051797
0 0.468320 0.385445 0.037047 0.073484
0 0.520281 0.397687 0.032344 0.035937
0 0.544086 0.316953 0.028297 0.048281
1 0.560219 0.274438 0.027656 0.050156
1 0.560891 0.358375 0.030000 0.040500
0 0.592477 0.315641 0.018609 0.047656
1 0.380000 0.671031 0.067281 0.073813
0 0.431570 0.679844 0.039953 0.026562
0 0.472344 0.776727 0.127375 0.064141
2 0.424578 0.722398 0.156156 0.174266
1 0.623367 0.249141 0.027828 0.047344
2 0.565898 0.295320 0.071703 0.091578
2 0.540461 0.387031 0.072609 0.097500
2 0.429430 0.353617 0.069391 0.159328
