0 0.628172 0.311477 0.058219 0.062453
1 0.643078 0.249047 0.035313 0.053594
2 0.628594 0.303508 0.064625 0.162203
0 0.659609 0.282953 0.026156 0.072938
0 0.709359 0.320047 0.018187 0.104594
0 0.894977 0.387742 0.026953 0.068828
0 0.983000 0.388102 0.018281 0.064109
1 0.949070 0.295070 0.047047 0.060047
1 0.672180 0.230023 0.031109 0.056203
2 0.682852 0.287469 0.070797 0.170375
2 0.937352 0.356766 0.112516 0.182094
0 0.049742 0.556102 0.044234 0.158328
0 0.150523 0.519250 0.051391 0.117750
2 0.101133 0.484039 0.149109 0.263484
1 0.270617 0.321969 0.044859 0.057031
0 0.301125 0.442086 0.068219 0.140203
1 0.067430 0.389602 0.052672 0.071953
2 0.279195 0.396188 0.069359 0.205125
