2 0.603180 0.267633 0.050828 0.145672
0 0.466477 0.410711 0.059703 0.254516
2 0.282820 0.326977 0.088641 0.184484
2 0.499234 0.667711 0.120750 0.251422
2 0.831445 0.620477 0.126484 0.184359
2 0.046484 0.382328 0.092969 0.216250
1 0.010586 0.304148 0.021172 0.061328
0 0.582461 0.288555 0.009391 0.026422
0 0.402688 0.320484 0.020000 0.026719
0 0.497266 0.245703 0.009125 0.059219
0 0.457258 0.255211 0.012234 0.066953
1 0.473992 0.193766 0.020641 0.037656
2 0.476344 0.231742 0.050312 0.114234
1 0.364141 0.259133 0.022250 0.042609
2 0.363375 0.262570 0.023375 0.050672
2 0.356602 0.382797 0.058234 0.204719
1 0.498969 0.581227 0.048625 0.075391
0 0.544180 0.639141 0.051578 0.028750
0 0.549500 0.683484 0.072187 0.084625
0 0.795492 0.626070 0.054922 0.110359
0 0.831250 0.663312 0.126219 0.100250
1 0.860016 0.561477 0.065875 0.065828
0 0.066711 0.414258 0.052641 0.136172
0 0.255023 0.373805 0.033359 0.127359
0 0.357656 0.434148 0.057187 0.121109
0 0.322352 0.320555 0.039234 0.059203
1 0.267195 0.263992 0.033297 0.057953
1 0.353977 0.310805 0.045172 0.061828
1 0.476047 0.320937 0.041594 0.075625
2 0.487516 0.458000 0.083594 0.138375
0 0.524984 0.387391 0.043594 0.048031
0 0.531469 0.371500 0.018438 0.010625
1 0.565258 0.341961 0.031391 0.041422
2 0.546320 0.366469 0.070516 0.090000
0 0.608047 0.280266 0.040469 0.057813
1 0.599375 0.215344 0.025000 0.040781
