0 0.841766 0.411609 0.041719 0.127719
0 0.686695 0.311508 0.017391 0.065047
0 0.706484 0.332391 0.050469 0.103438
2 0.593992 0.241766 0.062203 0.155781
2 0.605242 0.424219 0.088047 0.178750
2 0.558938 0.561555 0.101094 0.223953
2 0.384586 0.568266 0.121109 0.231500
2 0.134977 0.654375 0.111266 0.184063
2 0.398203 0.396391 0.075250 0.134656
2 0.077109 0.360344 0.093594 0.245562
0 0.105180 0.390094 0.038703 0.076469
0 0.522055 0.607797 0.026297 0.114406
1 0.079687 0.274352 0.051562 0.071297
1 0.887156 0.300883 0.043375 0.064391
0 0.630336 0.479992 0.037047 0.112422
0 0.822102 0.328617 0.043609 0.107766
0 0.375914 0.619281 0.103391 0.125906
0 0.396203 0.609523 0.093688 0.121578
0 0.083789 0.592078 0.035859 0.110187
0 0.073648 0.309766 0.046328 0.140062
0 0.131547 0.643859 0.104781 0.106656
0 0.427594 0.439063 0.023250 0.072031
1 0.122289 0.600711 0.054266 0.076297
1 0.375555 0.509203 0.059547 0.112531
1 0.399391 0.354828 0.033281 0.051594
1 0.607391 0.188031 0.035781 0.048281
1 0.656750 0.241437 0.033437 0.043281
1 0.724727 0.235109 0.035328 0.047813
0 0.880852 0.347648 0.024359 0.066828
0 0.609359 0.293172 0.011688 0.036094
0 0.586391 0.280547 0.029188 0.117031
2 0.853555 0.361609 0.110953 0.185969
0 0.402492 0.444703 0.065359 0.090656
0 0.624891 0.306250 0.016094 0.038312
1 0.585016 0.368242 0.048438 0.066641
1 0.547781 0.481320 0.056438 0.064234
1 0.885516 0.249250 0.038375 0.053875
2 0.852695 0.302422 0.104609 0.160250
2 0.714031 0.295063 0.058188 0.167375
2 0.656422 0.304094 0.079375 0.168187
0 0.854797 0.428141 0.007500 0.036094
