2 0.736773 0.238133 0.058734 0.147484
0 0.444039 0.657281 0.072422 0.212312
0 0.973258 0.434773 0.046109 0.183016
0 0.290563 0.377016 0.029000 0.081594
1 0.322914 0.323695 0.038016 0.067922
1 0.463063 0.474219 0.055438 0.099625
0 0.357352 0.408977 0.029109 0.071297
0 0.745258 0.232484 0.042766 0.065031
0 0.965492 0.669187 0.030359 0.100250
2 0.975172 0.742141 0.049656 0.248594
0 0.529039 0.599453 0.034734 0.168281
2 0.975023 0.421234 0.049953 0.174187
2 0.478437 0.572766 0.141625 0.296281
2 0.324758 0.381320 0.096703 0.182797
1 0.730375 0.186047 0.028594 0.042969
