2 0.943609 0.497320 0.110781 0.136391
0 0.899031 0.520070 0.023250 0.094047
0 0.969672 0.540164 0.058781 0.095797
1 0.948172 0.460133 0.038000 0.062922
0 0.825719 0.350906 0.034187 0.129344
0 0.911922 0.275719 0.042844 0.073813
1 0.895250 0.272797 0.040625 0.055313
2 0.726961 0.276898 0.059859 0.167453
1 0.733766 0.221305 0.029844 0.057641
2 0.637492 0.588969 0.106391 0.194625
0 0.605039 0.636547 0.040953 0.054469
2 0.871594 0.323797 0.124406 0.157844
1 0.648328 0.520961 0.058375 0.058359
1 0.273852 0.589961 0.049609 0.076234
1 0.195656 0.588320 0.058750 0.070422
0 0.172672 0.641336 0.090938 0.036328
0 0.316047 0.710523 0.025375 0.086766
0 0.181789 0.724219 0.067234 0.143437
2 0.275406 0.653297 0.112312 0.201844
1 0.421125 0.872320 0.111969 0.121953
2 0.443844 0.904773 0.157406 0.190453
2 0.175969 0.647828 0.098031 0.189656
0 0.742219 0.281805 0.028656 0.074266
0 0.723898 0.298430 0.038109 0.044766
