2 0.803023 0.786766 0.144828 0.273969
2 0.651320 0.219680 0.048172 0.088578
0 0.656367 0.254516 0.017516 0.019844
1 0.664766 0.191859 0.022187 0.033125
2 0.828422 0.352633 0.098375 0.198234
2 0.856969 0.287156 0.065906 0.084125
1 0.871156 0.276094 0.038000 0.060531
1 0.857125 0.283094 0.040406 0.059063
0 0.788914 0.365148 0.020016 0.089547
0 0.860141 0.403648 0.028094 0.117141
2 0.982094 0.542828 0.035812 0.141594
1 0.985703 0.502656 0.028594 0.058719
0 0.947094 0.573258 0.045188 0.076953
0 0.968039 0.595383 0.063922 0.056078
0 0.746406 0.774297 0.028313 0.079500
0 0.842477 0.864430 0.067203 0.116328
1 0.798844 0.707148 0.082313 0.115422
