1 0.178789 0.372930 0.067234 0.075047
2 0.200555 0.455953 0.110203 0.239875
2 0.216984 0.376148 0.068312 0.119297
2 0.596047 0.359703 0.068813 0.206281
2 0.455750 0.172906 0.040313 0.133875
1 0.598531 0.285352 0.043094 0.057609
1 0.450992 0.126781 0.021109 0.042500
1 0.201023 0.342687 0.034109 0.051812
0 0.463469 0.199625 0.024313 0.094625
0 0.438539 0.206211 0.017172 0.038234
0 0.592141 0.404977 0.060312 0.115828
0 0.233141 0.371828 0.034531 0.072375
0 0.193703 0.513961 0.078250 0.096422
0 0.228508 0.423055 0.032828 0.024859
