0 0.295445 0.701648 0.062453 0.160922
0 0.151875 0.786227 0.059000 0.164391
0 0.795836 0.352078 0.046359 0.133844
0 0.844758 0.339805 0.014203 0.050016
2 0.225734 0.724820 0.204281 0.403328
2 0.815820 0.304047 0.085391 0.190969
2 0.543219 0.296977 0.070812 0.153641
2 0.638445 0.714461 0.128734 0.384797
1 0.542758 0.247578 0.032391 0.055313
1 0.177687 0.577797 0.080594 0.109844
1 0.655312 0.581680 0.085938 0.113797
1 0.840633 0.239781 0.035641 0.060000
0 0.512203 0.341664 0.026594 0.093078
0 0.568445 0.311453 0.017359 0.075156
0 0.606242 0.829680 0.058422 0.275234
