1 0.051039 0.271656 0.037672 0.050062
0 0.613766 0.450516 0.029281 0.125781
2 0.427195 0.359820 0.084047 0.219641
2 0.588523 0.426398 0.079891 0.190922
2 0.613250 0.283180 0.051469 0.134641
2 0.518437 0.446781 0.072813 0.185000
2 0.213828 0.386594 0.081812 0.185437
2 0.343211 0.230039 0.054609 0.153766
2 0.163117 0.327617 0.033797 0.103516
0 0.328008 0.261813 0.023797 0.102469
0 0.183039 0.334609 0.018234 0.080531
0 0.271148 0.442852 0.036984 0.042672
0 0.212023 0.356953 0.059297 0.092656
2 0.021164 0.299125 0.042328 0.189062
2 0.065961 0.338719 0.068922 0.185344
1 0.212906 0.324586 0.043219 0.061109
1 0.163016 0.296859 0.034500 0.039219
0 0.066273 0.385297 0.054109 0.129906
0 0.013273 0.348484 0.026547 0.115531
1 0.016609 0.230219 0.033219 0.050812
1 0.340273 0.176266 0.024609 0.045188
1 0.423078 0.276797 0.033438 0.052781
1 0.527914 0.383992 0.060547 0.059016
1 0.579281 0.363781 0.035344 0.066656
0 0.573828 0.446688 0.050719 0.040969
0 0.562195 0.473023 0.075203 0.071547
0 0.629383 0.308898 0.018891 0.066641
1 0.608313 0.239234 0.027469 0.046062
0 0.366727 0.260344 0.008391 0.058812
0 0.397969 0.312734 0.025625 0.082031
0 0.456859 0.408297 0.024281 0.127469
