2 0.212695 0.697984 0.167578 0.383719
2 0.980477 0.301109 0.039047 0.128312
0 0.973789 0.293078 0.027672 0.111250
2 0.718094 0.217047 0.027219 0.064219
2 0.718414 0.238359 0.040328 0.080969
2 0.729586 0.302289 0.077391 0.191984
0 0.700016 0.317156 0.018594 0.038125
0 0.758961 0.322781 0.017922 0.064375
1 0.747273 0.234930 0.032922 0.057484
1 0.726125 0.218273 0.024531 0.040016
1 0.717891 0.205656 0.027031 0.041719
1 0.206133 0.562070 0.089891 0.113672
0 0.295625 0.720750 0.051688 0.199125
0 0.075250 0.732437 0.150500 0.168344
