2 0.542039 0.381648 0.047641 0.126703
0 0.529805 0.425703 0.048734 0.073594
1 0.533117 0.344391 0.028734 0.052781
2 0.459484 0.696922 0.095812 0.230969
2 0.198789 0.713086 0.174578 0.316328
2 0.514039 0.885836 0.215047 0.228328
2 0.400445 0.228742 0.026516 0.127078
0 0.410961 0.237922 0.045984 0.056969
1 0.400500 0.183328 0.025469 0.035531
1 0.406141 0.315234 0.029687 0.044844
1 0.470844 0.627383 0.048562 0.088359
0 0.517508 0.715891 0.056609 0.076469
0 0.509078 0.742484 0.113969 0.090656
0 0.459078 0.910375 0.068688 0.056687
1 0.521523 0.845805 0.096859 0.149016
0 0.263125 0.693578 0.043406 0.124094
2 0.183805 0.871898 0.221234 0.256203
0 0.090469 0.967641 0.036000 0.064719
1 0.188609 0.816945 0.118000 0.148609
0 0.262625 0.717266 0.045781 0.170875
0 0.202562 0.767969 0.173187 0.070000
1 0.187781 0.614633 0.090375 0.121672
0 0.419141 0.372523 0.039781 0.052609
1 0.816758 0.444070 0.044766 0.076547
0 0.802969 0.555438 0.110219 0.137563
2 0.801055 0.511031 0.104891 0.211781
2 0.399680 0.356422 0.072516 0.126844
0 0.422602 0.356352 0.025203 0.015172
