1 0.278562 0.590328 0.051406 0.082062
1 0.190109 0.583812 0.055188 0.072844
0 0.917461 0.523266 0.035859 0.081250
1 0.977266 0.453789 0.045469 0.051453
1 0.667727 0.203313 0.025328 0.039062
0 0.636766 0.276633 0.025281 0.088078
1 0.520945 0.239781 0.037359 0.050312
0 0.501672 0.335617 0.021469 0.129516
2 0.059180 0.226047 0.046453 0.199156
0 0.546031 0.338398 0.013437 0.104141
0 0.318336 0.691109 0.023984 0.109844
0 0.179445 0.725297 0.068609 0.138469
2 0.176742 0.642211 0.082891 0.190172
2 0.274742 0.661633 0.112078 0.223797
0 0.062234 0.260141 0.031344 0.131531
2 0.658516 0.254937 0.070000 0.142906
0 0.687070 0.256891 0.014922 0.054156
2 0.521453 0.294656 0.063812 0.159281
2 0.961891 0.505984 0.076219 0.156531
