2 0.720734 0.906219 0.121594 0.187562
1 0.626141 0.219953 0.026250 0.046406
0 0.637039 0.279594 0.023453 0.059250
2 0.470602 0.398461 0.065391 0.249922
1 0.484102 0.308016 0.037203 0.067344
0 0.478047 0.457969 0.028531 0.161250
2 0.209844 0.376922 0.062031 0.123625
0 0.235172 0.409672 0.055437 0.055969
1 0.854328 0.552422 0.054625 0.063813
0 0.842320 0.638531 0.080391 0.107625
2 0.846148 0.610578 0.099266 0.178906
0 0.798961 0.610234 0.030016 0.088344
2 0.476586 0.679828 0.107422 0.245250
1 0.203859 0.337375 0.033906 0.045312
1 0.733930 0.882805 0.092891 0.138516
0 0.491398 0.752992 0.075016 0.138391
0 0.532094 0.667625 0.061531 0.053750
1 0.474016 0.590508 0.069156 0.067266
2 0.624773 0.258000 0.049047 0.123375
