2 0.650203 0.226602 0.040188 0.105234
1 0.656344 0.347656 0.042031 0.057406
0 0.635195 0.414711 0.073266 0.071828
1 0.055711 0.191906 0.028609 0.060750
1 0.818094 0.249828 0.037125 0.051594
1 0.865398 0.211453 0.029703 0.042344
0 0.809250 0.368758 0.029125 0.111484
2 0.797094 0.312484 0.079375 0.177219
0 0.872031 0.293867 0.043688 0.098859
0 0.835773 0.310250 0.027734 0.028563
2 0.857727 0.257180 0.072547 0.134172
1 0.979180 0.506578 0.041641 0.059938
0 0.964305 0.582883 0.071391 0.060766
2 0.071875 0.252656 0.060937 0.182188
0 0.077117 0.262484 0.049828 0.060937
2 0.976508 0.544820 0.046984 0.136203
1 0.656781 0.191430 0.021094 0.034953
0 0.638477 0.272766 0.016328 0.081156
0 0.942453 0.570844 0.049594 0.077000
2 0.637484 0.385273 0.079250 0.132359
