1 0.197734 0.588797 0.053000 0.075938
2 0.274438 0.673195 0.110750 0.247859
2 0.175633 0.645063 0.098453 0.187938
1 0.831781 0.379477 0.050687 0.071391
1 0.887297 0.379703 0.044844 0.065938
0 0.770648 0.484656 0.048234 0.163813
0 0.822508 0.503555 0.026547 0.112359
0 0.838172 0.500141 0.019719 0.098844
0 0.891000 0.500547 0.027156 0.116375
0 0.971531 0.533172 0.056938 0.089906
1 0.956930 0.449125 0.037672 0.053906
0 0.827359 0.320547 0.031094 0.065094
1 0.901406 0.275773 0.043750 0.053266
2 0.867664 0.316594 0.111172 0.134000
1 0.280578 0.592250 0.047812 0.085687
0 0.316711 0.708148 0.024359 0.085828
0 0.180977 0.727375 0.072203 0.135562
2 0.801688 0.454414 0.111781 0.221922
2 0.868141 0.453773 0.092563 0.214453
2 0.948539 0.498406 0.102922 0.153656
0 0.916531 0.526461 0.036844 0.096891
