0 0.325883 0.682797 0.027703 0.060937
1 0.648438 0.171219 0.028594 0.041969
1 0.850578 0.273961 0.040875 0.062547
1 0.646977 0.409914 0.043453 0.057984
1 0.660375 0.510664 0.039969 0.072609
1 0.402781 0.351812 0.048969 0.046406
1 0.610930 0.207109 0.030016 0.052969
1 0.584258 0.188391 0.030484 0.048531
1 0.120203 0.607539 0.063625 0.069547
1 0.273695 0.583453 0.060891 0.079062
2 0.823883 0.323422 0.093422 0.162531
2 0.141180 0.660000 0.106359 0.175281
2 0.280781 0.655516 0.116125 0.223375
2 0.400656 0.404180 0.072000 0.150953
2 0.633828 0.438977 0.089688 0.116109
2 0.644648 0.576227 0.107953 0.203172
2 0.570812 0.238383 0.057188 0.148891
2 0.588617 0.271594 0.075797 0.182344
2 0.641383 0.225797 0.043109 0.152125
0 0.850055 0.332891 0.020922 0.078781
0 0.808414 0.330977 0.063703 0.085234
0 0.624672 0.296328 0.024844 0.110094
0 0.566789 0.300320 0.032891 0.124047
0 0.555500 0.253586 0.026687 0.060422
0 0.636820 0.255820 0.033766 0.091484
0 0.662969 0.457266 0.031125 0.071406
0 0.612383 0.613023 0.042891 0.064266
0 0.426055 0.405086 0.020266 0.075766
0 0.413836 0.446078 0.058797 0.118781
0 0.603938 0.474008 0.030187 0.095422
0 0.129039 0.634883 0.075984 0.124609
0 0.095930 0.576844 0.063766 0.086000
