0 0.532266 0.315906 0.023500 0.066719
0 0.585695 0.314578 0.030203 0.070094
2 0.426109 0.347352 0.071563 0.155922
0 0.455789 0.384266 0.050984 0.082406
1 0.412094 0.294094 0.039688 0.049219
2 0.303984 0.292594 0.048031 0.137969
0 0.329055 0.308500 0.024047 0.028000
1 0.301992 0.250328 0.032672 0.052469
2 0.257078 0.408789 0.068781 0.160234
0 0.318773 0.316367 0.059234 0.059766
0 0.263961 0.452883 0.056641 0.109547
1 0.554508 0.330094 0.029641 0.038687
1 0.261852 0.358891 0.042047 0.058781
0 0.212906 0.580969 0.110031 0.090750
2 0.209906 0.514125 0.116188 0.225500
2 0.230234 0.670086 0.177719 0.343297
2 0.414719 0.724766 0.152656 0.180469
0 0.442117 0.750266 0.070609 0.128531
0 0.429133 0.681531 0.044547 0.029687
1 0.375391 0.675812 0.073719 0.080531
0 0.297320 0.686109 0.072391 0.117031
1 0.207742 0.551430 0.072828 0.105016
1 0.183469 0.445359 0.063313 0.089281
2 0.638680 0.303289 0.072672 0.158109
1 0.621906 0.246625 0.035937 0.045312
0 0.662883 0.329469 0.022922 0.099531
2 0.560711 0.293117 0.080859 0.112109
1 0.553789 0.261703 0.029547 0.049219
2 0.534836 0.355914 0.069734 0.090516
0 0.516203 0.378266 0.031937 0.044375
