1 0.201219 0.590539 0.058594 0.072984
1 0.282617 0.589625 0.052391 0.082937
0 0.563727 0.293227 0.045922 0.112922
0 0.318641 0.689844 0.026594 0.116219
1 0.579414 0.195172 0.028984 0.055625
0 0.643570 0.302734 0.016859 0.083938
1 0.625086 0.217578 0.034078 0.039062
1 0.640352 0.183250 0.033641 0.038656
2 0.617055 0.271430 0.069266 0.146609
2 0.565531 0.242695 0.056687 0.151047
2 0.275305 0.651141 0.115484 0.207406
2 0.184133 0.645352 0.092953 0.183359
2 0.625281 0.213047 0.063406 0.098406
0 0.182758 0.725016 0.071641 0.141531
