0 0.611867 0.914680 0.044547 0.047922
0 0.630406 0.961531 0.073906 0.076938
2 0.833719 0.901539 0.119906 0.179859
1 0.842875 0.876539 0.099375 0.128953
2 0.449477 0.433297 0.079922 0.221219
2 0.580398 0.239406 0.045359 0.126187
1 0.578461 0.201156 0.028766 0.048281
0 0.555789 0.271906 0.030984 0.071500
0 0.575062 0.272570 0.055719 0.060297
2 0.551625 0.370773 0.065531 0.123297
1 0.559602 0.333516 0.033672 0.047906
1 0.084734 0.363500 0.050938 0.073594
0 0.042672 0.405469 0.029656 0.088844
0 0.147797 0.474492 0.056344 0.126453
0 0.042828 0.455883 0.060500 0.050328
2 0.029273 0.377117 0.058547 0.146578
2 0.116914 0.440258 0.116328 0.231359
0 0.198313 0.391320 0.035875 0.093922
0 0.268711 0.428367 0.037828 0.095141
1 0.160055 0.300156 0.040578 0.042875
0 0.535789 0.372312 0.021578 0.011875
0 0.526313 0.385984 0.071406 0.045500
1 0.445234 0.353555 0.037031 0.061953
0 0.485875 0.437719 0.025406 0.087687
2 0.166172 0.329258 0.053469 0.100859
2 0.343055 0.529164 0.111547 0.245109
0 0.422281 0.490203 0.059844 0.130719
2 0.224578 0.399750 0.088094 0.130500
1 0.322695 0.443492 0.069172 0.072797
1 0.210344 0.361305 0.031625 0.053328
0 0.165750 0.355789 0.040906 0.041453
2 0.582773 0.907664 0.175422 0.184672
1 0.561422 0.872258 0.080281 0.114078
