2 0.812367 0.360586 0.101859 0.181047
2 0.546328 0.243750 0.067094 0.141969
2 0.457352 0.308836 0.073141 0.177391
2 0.216227 0.415398 0.097641 0.180047
2 0.277656 0.660234 0.114750 0.226750
2 0.173703 0.631844 0.072125 0.193594
2 0.787992 0.664555 0.161547 0.339859
2 0.491734 0.821711 0.170094 0.356578
2 0.629461 0.400906 0.100953 0.211312
0 0.623125 0.162664 0.017875 0.053734
1 0.639680 0.112297 0.020797 0.028125
2 0.028625 0.515047 0.057250 0.164813
0 0.180789 0.716164 0.070797 0.144234
0 0.321320 0.697625 0.026141 0.069875
1 0.284164 0.589125 0.064109 0.086188
1 0.180711 0.574055 0.058141 0.078203
0 0.251195 0.428891 0.028516 0.094625
0 0.208164 0.442016 0.081391 0.082844
1 0.218180 0.357992 0.048609 0.066203
0 0.432609 0.336734 0.022813 0.113719
1 0.469016 0.245703 0.037500 0.051562
0 0.525086 0.274914 0.024203 0.105484
0 0.582805 0.244688 0.026891 0.044531
1 0.552086 0.196141 0.024859 0.046875
0 0.597187 0.448891 0.034531 0.156594
0 0.667172 0.452367 0.024563 0.112391
1 0.648594 0.332031 0.039531 0.073438
0 0.792188 0.398805 0.037656 0.121109
0 0.831406 0.387844 0.015156 0.023750
1 0.839766 0.298656 0.046563 0.056719
1 0.794383 0.539508 0.068047 0.090734
2 0.633000 0.151570 0.041875 0.106703
0 0.698195 0.655117 0.061047 0.114172
0 0.840812 0.721844 0.053375 0.166531
0 0.439609 0.934922 0.066875 0.130156
1 0.502180 0.714687 0.100766 0.143875
