1 0.197953 0.335313 0.040781 0.071250
0 0.255609 0.437992 0.033812 0.129953
2 0.067578 0.480203 0.096219 0.234281
1 0.161969 0.298781 0.028281 0.042969
0 0.241117 0.629016 0.074172 0.160500
2 0.577500 0.904312 0.162812 0.191375
0 0.626297 0.926891 0.065250 0.146219
1 0.551023 0.863172 0.077578 0.107813
1 0.378344 0.431781 0.048000 0.075781
0 0.430742 0.537352 0.056641 0.107109
1 0.052797 0.401258 0.059531 0.075984
0 0.058602 0.394961 0.064859 0.096328
1 0.158555 0.466656 0.067234 0.084000
0 0.127531 0.600219 0.032750 0.073969
0 0.513789 0.362109 0.024703 0.011719
1 0.613742 0.377211 0.052109 0.055453
1 0.455914 0.333414 0.035859 0.058797
0 0.605172 0.261016 0.045187 0.072375
2 0.163062 0.323180 0.036469 0.091953
2 0.179469 0.574984 0.135750 0.301281
1 0.549609 0.330789 0.029469 0.039047
0 0.493000 0.379320 0.025687 0.077922
0 0.570102 0.263219 0.024734 0.065531
1 0.597359 0.191406 0.027656 0.045781
2 0.598672 0.234430 0.058375 0.132672
2 0.595984 0.435688 0.088125 0.173500
0 0.161539 0.352313 0.029766 0.033656
2 0.198906 0.404781 0.107500 0.212312
0 0.160648 0.414062 0.030828 0.050125
2 0.406852 0.512234 0.106141 0.236281
2 0.465453 0.401687 0.079969 0.197062
2 0.550383 0.371602 0.040734 0.120297
0 0.535109 0.352523 0.060719 0.103703
0 0.531109 0.400625 0.031781 0.050625
0 0.443102 0.442844 0.035609 0.114937
0 0.594008 0.486445 0.072422 0.099297
