0 0.080023 0.268250 0.024578 0.113375
1 0.056273 0.174164 0.030547 0.053141
2 0.663578 0.203852 0.061562 0.133547
2 0.599852 0.432711 0.076141 0.130078
2 0.336508 0.384141 0.098922 0.174219
2 0.071148 0.236398 0.060766 0.176891
1 0.672758 0.160188 0.020328 0.045781
0 0.683711 0.250555 0.019984 0.073891
0 0.642383 0.236453 0.018266 0.102281
0 0.549086 0.447203 0.056172 0.056469
0 0.570055 0.474234 0.083078 0.046156
2 0.813719 0.303750 0.092438 0.185406
0 0.840086 0.328516 0.018734 0.059281
0 0.780305 0.331352 0.025703 0.128859
1 0.840086 0.240727 0.038891 0.057828
2 0.843703 0.403086 0.105531 0.216328
0 0.826133 0.434633 0.027547 0.141672
0 0.867766 0.444977 0.056219 0.132797
1 0.867602 0.323562 0.041766 0.055062
1 0.600984 0.390492 0.045375 0.045984
0 0.297992 0.417430 0.022516 0.058141
0 0.372922 0.431172 0.026219 0.073031
1 0.341375 0.331094 0.040156 0.065625
