0 0.090297 0.318695 0.036062 0.086391
2 0.045781 0.301500 0.091563 0.170469
1 0.051156 0.276766 0.041656 0.054812
0 0.018945 0.306844 0.037891 0.081500
0 0.084391 0.368914 0.082844 0.087797
1 0.167711 0.301750 0.037984 0.042656
1 0.215984 0.360469 0.055781 0.065781
0 0.195922 0.509875 0.053719 0.156594
0 0.271594 0.476367 0.020500 0.130859
0 0.422297 0.391844 0.023906 0.157594
1 0.455930 0.282688 0.034734 0.065687
0 0.474914 0.230797 0.047047 0.060812
0 0.502008 0.217000 0.017516 0.064656
1 0.472969 0.164281 0.019531 0.042500
2 0.481336 0.212609 0.059359 0.138844
1 0.485898 0.391922 0.039234 0.065437
1 0.579086 0.349609 0.028297 0.039687
0 0.543852 0.376328 0.042828 0.028437
2 0.575672 0.376195 0.034531 0.093484
0 0.545398 0.419680 0.050516 0.052234
0 0.643156 0.458914 0.074344 0.121422
1 0.662141 0.342063 0.043719 0.062125
0 0.615539 0.304727 0.022922 0.068797
1 0.597633 0.233281 0.026203 0.047812
1 0.043109 0.241516 0.039344 0.051656
2 0.653305 0.412953 0.061203 0.204031
2 0.598523 0.280117 0.057359 0.140609
2 0.450266 0.360602 0.079906 0.220047
0 0.522813 0.476914 0.025594 0.075422
2 0.487156 0.466664 0.097031 0.214797
2 0.225570 0.443734 0.112266 0.231531
2 0.165234 0.326141 0.042625 0.091781
2 0.063781 0.345164 0.076438 0.192797
