1 0.406953 0.145547 0.008281 0.032969
0 0.472664 0.221344 0.030922 0.099188
1 0.556898 0.223289 0.037047 0.048109
0 0.574250 0.319352 0.023000 0.086922
1 0.651328 0.161063 0.023750 0.047875
1 0.739531 0.277187 0.043125 0.050625
2 0.560469 0.275516 0.050312 0.152094
0 0.718906 0.356828 0.041906 0.060719
2 0.729344 0.320078 0.063062 0.136406
2 0.650477 0.200953 0.054703 0.127781
2 0.462703 0.180086 0.049031 0.136703
2 0.402461 0.199664 0.017766 0.142266
0 0.651406 0.198828 0.050094 0.038719
1 0.461789 0.136250 0.022984 0.048125
