0 0.740398 0.541008 0.047297 0.115797
2 0.786109 0.547383 0.093937 0.262422
1 0.282188 0.465023 0.069875 0.094641
1 0.789180 0.460922 0.059641 0.089438
0 0.415477 0.236820 0.012203 0.049266
0 0.237867 0.377258 0.035203 0.071578
1 0.414750 0.189703 0.024219 0.040937
0 0.370312 0.563984 0.087813 0.111094
0 0.775445 0.619906 0.101391 0.194844
1 0.598844 0.651852 0.058594 0.090641
0 0.202906 0.408289 0.082938 0.071859
0 0.453313 0.240852 0.033531 0.078797
2 0.568266 0.755086 0.147687 0.299516
0 0.308227 0.622242 0.147922 0.110516
0 0.513617 0.769789 0.038234 0.097078
1 0.204273 0.343930 0.035484 0.053797
2 0.435797 0.215602 0.066688 0.092234
2 0.205938 0.381031 0.088500 0.126375
2 0.285914 0.562453 0.117359 0.289062
