1 0.477508 0.172297 0.030172 0.045781
0 0.463289 0.256836 0.033641 0.087641
0 0.365133 0.391531 0.066922 0.091312
1 0.373352 0.317922 0.042766 0.065875
0 0.068641 0.307281 0.031469 0.119219
1 0.080047 0.203008 0.034875 0.058078
2 0.082219 0.262797 0.061000 0.178469
2 0.670289 0.240352 0.040578 0.108328
2 0.486008 0.229086 0.048828 0.159672
2 0.368266 0.372344 0.073250 0.174750
2 0.976687 0.550758 0.046625 0.122766
0 0.943875 0.561453 0.027031 0.051969
1 0.973422 0.519055 0.040312 0.059078
2 0.651180 0.206578 0.039703 0.082719
1 0.659617 0.183031 0.021891 0.035937
1 0.678578 0.206727 0.024219 0.040328
0 0.683641 0.249063 0.049531 0.049313
