2 0.400695 0.404063 0.077203 0.125937
2 0.113586 0.619781 0.077203 0.115187
0 0.988914 0.574922 0.022172 0.080250
1 0.118805 0.602344 0.068016 0.080031
1 0.174867 0.651563 0.079109 0.080594
0 0.225625 0.745656 0.069062 0.118844
0 0.171336 0.615898 0.046234 0.020297
2 0.198039 0.707883 0.125016 0.192672
1 0.406977 0.368172 0.038609 0.053125
0 0.417734 0.441172 0.066688 0.068906
0 0.439992 0.431969 0.043766 0.069500
1 0.776016 0.497758 0.080937 0.103859
1 0.657703 0.509539 0.041437 0.075891
0 0.537836 0.588477 0.044266 0.150859
0 0.621570 0.648227 0.021297 0.087172
0 0.681336 0.584063 0.117328 0.099375
0 0.819930 0.737008 0.047359 0.232859
1 0.566789 0.558039 0.052516 0.081078
1 0.630195 0.151766 0.023141 0.032031
0 0.645586 0.226969 0.015516 0.084500
1 0.762281 0.263109 0.034500 0.060031
1 0.797516 0.277016 0.042281 0.051031
1 0.878570 0.255367 0.037453 0.060828
1 0.991406 0.388664 0.017188 0.059859
0 0.933875 0.495656 0.045844 0.128094
0 0.724484 0.362422 0.040156 0.101031
0 0.753875 0.407430 0.053375 0.117766
0 0.880422 0.335258 0.030469 0.099516
2 0.573969 0.624344 0.116688 0.212563
2 0.656359 0.581609 0.088969 0.219906
2 0.766656 0.610398 0.154000 0.327953
2 0.960445 0.470711 0.079109 0.225297
2 0.853352 0.304891 0.087984 0.160844
2 0.627273 0.196203 0.051734 0.121469
2 0.741227 0.319172 0.074453 0.171062
2 0.776352 0.349648 0.098797 0.195078
