0 0.627875 0.283820 0.021219 0.079953
0 0.581141 0.273711 0.023500 0.086172
0 0.603078 0.647148 0.083969 0.098984
0 0.586664 0.613625 0.056078 0.047062
0 0.826984 0.659961 0.135750 0.087578
0 0.790063 0.640070 0.074188 0.132734
0 0.380242 0.362375 0.038328 0.051500
0 0.410930 0.358117 0.024609 0.043203
2 0.531805 0.649016 0.108391 0.196469
2 0.838562 0.618047 0.112469 0.171094
2 0.392578 0.359766 0.063219 0.127969
2 0.604352 0.267609 0.069016 0.113219
1 0.557797 0.589148 0.056844 0.076172
1 0.860320 0.566344 0.065641 0.069437
1 0.383531 0.320672 0.034875 0.048812
1 0.607148 0.230359 0.021266 0.037406
