1 0.281602 0.589680 0.047922 0.074359
2 0.275094 0.664945 0.111813 0.223953
2 0.178398 0.641180 0.092359 0.197672
2 0.631492 0.257797 0.052703 0.139063
2 0.666484 0.219734 0.047594 0.114781
0 0.842984 0.362977 0.066375 0.124266
1 0.926117 0.294813 0.044391 0.053125
2 0.883023 0.345461 0.129734 0.154422
1 0.637344 0.210125 0.041406 0.044469
0 0.642000 0.272352 0.038906 0.059672
1 0.674883 0.181750 0.026734 0.038750
1 0.176984 0.580859 0.055844 0.078031
0 0.215422 0.574812 0.027000 0.073000
0 0.181563 0.723586 0.070469 0.137953
0 0.318227 0.710602 0.024641 0.072797
