0 0.531961 0.394227 0.019266 0.042703
0 0.346359 0.440531 0.044281 0.145187
0 0.257719 0.392773 0.026125 0.089766
0 0.215398 0.460336 0.040109 0.119641
1 0.172828 0.334305 0.053156 0.063453
0 0.028414 0.364031 0.036797 0.126625
0 0.498453 0.245094 0.013906 0.032656
2 0.485125 0.233445 0.040813 0.128297
2 0.645719 0.332203 0.059187 0.162594
1 0.483734 0.187922 0.020156 0.037656
0 0.470820 0.259617 0.012734 0.076578
2 0.265633 0.273672 0.047391 0.172656
2 0.377680 0.377039 0.079859 0.204359
2 0.304758 0.388188 0.119609 0.239563
2 0.180648 0.412844 0.094766 0.219938
2 0.023570 0.358164 0.047141 0.139047
2 0.495820 0.665453 0.119547 0.218313
2 0.848195 0.632133 0.114891 0.169797
0 0.855813 0.676352 0.099719 0.080422
1 0.873609 0.589195 0.055094 0.082828
1 0.635016 0.275414 0.038594 0.050109
0 0.613187 0.322094 0.023594 0.037031
0 0.643547 0.317367 0.038594 0.075922
1 0.500336 0.591125 0.075484 0.070156
0 0.552422 0.632750 0.052344 0.034219
0 0.557336 0.683195 0.074547 0.084234
1 0.258359 0.214273 0.031562 0.053328
0 0.268086 0.289547 0.052141 0.059094
1 0.305797 0.298391 0.039688 0.061000
1 0.358336 0.304273 0.040609 0.057109
0 0.409391 0.397906 0.013500 0.107375
