1 0.204766 0.363859 0.044219 0.047344
2 0.208148 0.387563 0.051141 0.095500
1 0.250078 0.362687 0.047656 0.072500
0 0.304063 0.505625 0.028750 0.134687
0 0.203656 0.491984 0.029500 0.124469
2 0.253430 0.449758 0.130578 0.245047
2 0.558406 0.234352 0.056188 0.095047
0 0.405687 0.395828 0.026375 0.080531
1 0.381133 0.311984 0.049703 0.049687
2 0.384719 0.383188 0.069531 0.191219
1 0.424328 0.896766 0.093750 0.178656
2 0.399258 0.903875 0.223172 0.192250
2 0.031328 0.378969 0.062656 0.196781
0 0.032273 0.415813 0.064547 0.069750
1 0.077805 0.323641 0.045797 0.066094
0 0.170437 0.363641 0.048813 0.061781
1 0.007844 0.309969 0.015688 0.058438
1 0.558305 0.210297 0.028766 0.046875
0 0.532656 0.265492 0.019813 0.079359
0 0.563789 0.251125 0.043578 0.060875
2 0.559805 0.427680 0.065266 0.214578
2 0.577102 0.343898 0.066422 0.143141
1 0.567937 0.298375 0.035625 0.050469
0 0.529687 0.387336 0.031813 0.026203
0 0.547789 0.471500 0.037891 0.124781
0 0.602086 0.376008 0.016547 0.053953
1 0.562531 0.346453 0.037656 0.053375
0 0.092164 0.480820 0.039766 0.150859
2 0.170641 0.335969 0.048719 0.117125
2 0.100125 0.416320 0.090844 0.250484
1 0.161797 0.297766 0.030469 0.042344
