1 0.287836 0.591664 0.053141 0.074266
1 0.152703 0.150703 0.036625 0.055781
1 0.353906 0.160617 0.013625 0.045391
1 0.468531 0.179492 0.032344 0.043266
1 0.551773 0.131234 0.021266 0.038906
1 0.535070 0.187156 0.025797 0.044219
1 0.653875 0.220453 0.033594 0.048125
1 0.884094 0.483164 0.072156 0.067984
1 0.182008 0.581789 0.056016 0.072828
0 0.460914 0.275047 0.033203 0.101344
0 0.516437 0.268859 0.014719 0.103531
0 0.554602 0.261008 0.010078 0.098109
0 0.618672 0.287734 0.037125 0.121281
0 0.663320 0.304578 0.016797 0.085375
0 0.859711 0.640289 0.065953 0.154922
0 0.815148 0.563406 0.028672 0.123688
0 0.321203 0.703016 0.031531 0.073344
0 0.181570 0.722750 0.069109 0.148250
2 0.151172 0.188891 0.039531 0.132219
2 0.352266 0.182664 0.017656 0.088641
2 0.467078 0.234008 0.046594 0.152391
2 0.534633 0.233055 0.051484 0.136172
2 0.636008 0.264031 0.071797 0.136313
2 0.860313 0.559055 0.120625 0.219391
0 0.562852 0.172578 0.012359 0.042813
0 0.542258 0.179125 0.036609 0.046250
2 0.546609 0.157164 0.045625 0.090016
2 0.281445 0.655352 0.109453 0.203547
2 0.167250 0.641687 0.084844 0.193812
