2 0.023328 0.382023 0.046656 0.130234
2 0.532203 0.221055 0.058844 0.120391
2 0.561664 0.295422 0.046703 0.101969
1 0.208281 0.364406 0.045156 0.050625
0 0.257070 0.441953 0.074109 0.064219
0 0.028508 0.383633 0.036297 0.112734
1 0.376992 0.660609 0.071547 0.072781
0 0.178281 0.363000 0.037344 0.049063
2 0.553148 0.371359 0.054203 0.121500
1 0.160781 0.298078 0.037344 0.042656
2 0.168797 0.331883 0.056344 0.110828
2 0.848117 0.470406 0.134047 0.206375
0 0.811203 0.470438 0.060156 0.091281
0 0.859242 0.478359 0.108766 0.056406
1 0.880922 0.402195 0.052031 0.070672
2 0.406125 0.715297 0.132031 0.184094
0 0.540508 0.389398 0.035484 0.068703
0 0.566437 0.312680 0.036344 0.067766
0 0.530102 0.299297 0.043141 0.038125
1 0.568055 0.267578 0.029859 0.046406
0 0.544820 0.248188 0.032828 0.066406
1 0.556992 0.329656 0.027516 0.038281
2 0.685211 0.364633 0.058422 0.145359
1 0.686359 0.318461 0.043844 0.052266
0 0.446641 0.746109 0.050625 0.080875
2 0.226555 0.406633 0.081766 0.135172
1 0.517422 0.181938 0.021875 0.042969
0 0.504117 0.232641 0.024547 0.050937
0 0.728586 0.382203 0.081828 0.048094
