0 0.472133 0.152125 0.013609 0.075219
2 0.181055 0.623352 0.090234 0.208266
2 0.319492 0.669453 0.143422 0.224500
2 0.600328 0.437250 0.067531 0.146563
2 0.731297 0.417187 0.111437 0.208969
0 0.776977 0.360891 0.025891 0.048906
2 0.794289 0.359094 0.061734 0.184781
2 0.864180 0.316398 0.093734 0.167516
0 0.834711 0.294625 0.018453 0.043219
1 0.363320 0.594672 0.055391 0.073594
1 0.196062 0.555133 0.058563 0.070484
0 0.241242 0.634641 0.043516 0.033250
0 0.229391 0.673141 0.082937 0.095688
0 0.372352 0.702664 0.057609 0.095016
0 0.882578 0.364195 0.041219 0.122953
1 0.891180 0.261047 0.039547 0.055938
1 0.802273 0.292297 0.044859 0.050625
1 0.746219 0.337734 0.034844 0.051094
0 0.689852 0.416492 0.029516 0.078766
0 0.571344 0.471320 0.081375 0.078234
0 0.553312 0.457359 0.042656 0.071531
1 0.590492 0.388539 0.039484 0.047891
2 0.485289 0.129352 0.040641 0.120953
0 0.497719 0.133734 0.015219 0.046906
1 0.489164 0.084953 0.015703 0.031531
