1 0.833422 0.574828 0.063469 0.075969
0 0.819273 0.660727 0.127578 0.080109
1 0.471961 0.612664 0.064641 0.066797
0 0.384188 0.389562 0.050250 0.057125
0 0.408602 0.372797 0.016109 0.048281
1 0.378500 0.330063 0.033594 0.044219
2 0.188852 0.315984 0.086328 0.067156
0 0.180875 0.347297 0.017031 0.068906
0 0.201688 0.344594 0.027344 0.039219
1 0.157781 0.310766 0.024219 0.030000
2 0.386234 0.364039 0.061156 0.112203
2 0.473492 0.686141 0.096328 0.212531
2 0.819250 0.618781 0.127312 0.163375
2 0.501047 0.232539 0.067375 0.095516
1 0.520320 0.204828 0.028141 0.039375
0 0.499141 0.250422 0.022187 0.038437
0 0.503250 0.705328 0.038750 0.061219
0 0.750773 0.625406 0.102609 0.073937
