2 0.656969 0.315500 0.053188 0.170375
0 0.040641 0.407977 0.039625 0.114422
2 0.035250 0.402133 0.070500 0.160016
0 0.353805 0.330055 0.029828 0.061641
1 0.354336 0.270125 0.033203 0.049125
2 0.331148 0.327602 0.080234 0.163703
0 0.429906 0.388719 0.030687 0.102375
1 0.409320 0.283836 0.034453 0.052422
2 0.406047 0.352594 0.076781 0.190406
1 0.581570 0.355586 0.028047 0.040828
0 0.547594 0.383297 0.027813 0.017500
0 0.540336 0.402828 0.046516 0.046219
2 0.566570 0.388242 0.058016 0.105016
0 0.643188 0.344203 0.025437 0.113594
0 0.591008 0.297328 0.034266 0.076875
0 0.563508 0.272633 0.034328 0.033016
0 0.469047 0.248602 0.041281 0.051922
0 0.450047 0.257375 0.013594 0.072125
1 0.463977 0.194633 0.019641 0.036484
1 0.578883 0.212219 0.029516 0.052062
1 0.668492 0.252430 0.029703 0.044547
2 0.593133 0.264664 0.058359 0.156609
2 0.467297 0.240203 0.047969 0.128781
0 0.429844 0.681000 0.036781 0.034250
1 0.381219 0.662656 0.066125 0.069375
0 0.474398 0.773336 0.116766 0.066453
0 0.797734 0.510977 0.046031 0.137234
0 0.913469 0.507375 0.080562 0.102375
1 0.871719 0.419797 0.047188 0.073906
2 0.864328 0.484789 0.179156 0.204797
2 0.411633 0.717562 0.127766 0.179031
