2 0.822164 0.344672 0.095516 0.180406
2 0.706750 0.305859 0.071813 0.171531
2 0.639523 0.438281 0.086672 0.137313
2 0.398891 0.397937 0.077281 0.137125
0 0.517250 0.503984 0.027000 0.081719
0 0.300078 0.801672 0.114875 0.135719
0 0.670578 0.290813 0.031031 0.062750
0 0.094898 0.476594 0.019609 0.057656
0 0.035633 0.345953 0.071266 0.144969
0 0.095477 0.568305 0.041234 0.063734
0 0.129992 0.649484 0.111328 0.113531
0 0.656711 0.468383 0.053203 0.077203
0 0.404562 0.442555 0.063219 0.090391
0 0.426031 0.440391 0.021687 0.069219
0 0.879805 0.342094 0.028141 0.079031
0 0.837570 0.399414 0.028516 0.126484
0 0.548508 0.174891 0.031391 0.053281
0 0.690203 0.347875 0.039125 0.109562
0 0.568562 0.265609 0.051000 0.093469
1 0.121891 0.599719 0.054625 0.076344
1 0.272305 0.651570 0.089359 0.126047
1 0.644703 0.401203 0.036125 0.064156
1 0.565992 0.415391 0.045359 0.070969
1 0.885227 0.252672 0.037828 0.058406
1 0.847242 0.286422 0.045828 0.063406
1 0.723531 0.242180 0.031656 0.044109
1 0.647711 0.223117 0.028672 0.049578
1 0.559016 0.182625 0.031937 0.046000
1 0.398375 0.355797 0.031250 0.053437
1 0.033414 0.287805 0.052047 0.089391
2 0.052562 0.387352 0.105125 0.288766
2 0.138406 0.653055 0.105656 0.183578
2 0.297570 0.729148 0.140609 0.282328
2 0.551391 0.235977 0.049313 0.153578
2 0.636531 0.279938 0.069000 0.163813
2 0.560781 0.482953 0.113437 0.206719
2 0.870516 0.302656 0.068125 0.158438
