2 0.623508 0.258266 0.048859 0.118500
1 0.019352 0.271789 0.038703 0.059047
0 0.073578 0.226922 0.053281 0.051313
1 0.022711 0.202453 0.031422 0.045000
0 0.021719 0.384852 0.030687 0.095141
2 0.036586 0.354711 0.073172 0.225984
1 0.204500 0.344906 0.031250 0.050000
1 0.247445 0.395414 0.051297 0.074172
0 0.224453 0.537992 0.035625 0.120141
2 0.036328 0.254055 0.059219 0.150016
0 0.208922 0.415898 0.051531 0.057047
2 0.209320 0.382109 0.053359 0.124844
0 0.456664 0.654406 0.065766 0.063125
0 0.601250 0.731062 0.091094 0.133500
1 0.540289 0.602414 0.048547 0.080953
2 0.513781 0.668695 0.136344 0.213016
0 0.514867 0.404609 0.048109 0.053281
0 0.520398 0.384328 0.017359 0.010625
1 0.546812 0.336813 0.032031 0.045312
0 0.638117 0.278820 0.021891 0.057984
1 0.626844 0.222562 0.028594 0.047500
0 0.811539 0.605117 0.052641 0.092891
0 0.853172 0.632375 0.068969 0.112750
1 0.864250 0.566656 0.056375 0.070531
2 0.838969 0.610023 0.107156 0.157453
2 0.265266 0.486039 0.116438 0.255953
2 0.542555 0.376156 0.041797 0.124312
