0 0.293836 0.421906 0.039516 0.108375
2 0.466195 0.205133 0.049172 0.125047
2 0.538781 0.364477 0.064656 0.106047
0 0.541508 0.510469 0.054359 0.071969
0 0.442164 0.539516 0.025109 0.115094
2 0.476203 0.486070 0.092906 0.222203
1 0.814852 0.499812 0.072047 0.079125
0 0.736086 0.497188 0.083047 0.096563
0 0.840867 0.615461 0.036609 0.106266
2 0.810539 0.563391 0.098828 0.208938
0 0.459336 0.208266 0.035641 0.042344
0 0.484102 0.204281 0.014234 0.041875
1 0.471211 0.161938 0.020016 0.039062
1 0.555937 0.333062 0.030000 0.043281
0 0.522867 0.384711 0.033266 0.044328
1 0.476273 0.406516 0.044547 0.060750
2 0.279477 0.380484 0.097016 0.163031
2 0.172898 0.418320 0.099297 0.223047
0 0.210055 0.356219 0.035797 0.038500
0 0.214484 0.383156 0.042125 0.019344
1 0.310375 0.329016 0.035500 0.059781
1 0.150844 0.340313 0.055062 0.067531
0 0.149930 0.462695 0.034391 0.125109
2 0.046148 0.375602 0.092297 0.212359
0 0.040336 0.434375 0.080672 0.093125
0 0.060398 0.327586 0.065641 0.059672
1 0.016719 0.300195 0.033437 0.062141
2 0.638563 0.968117 0.107250 0.063766
1 0.639125 0.967977 0.107250 0.064047
2 0.568164 0.904398 0.150078 0.191203
0 0.626633 0.912680 0.031297 0.077203
1 0.555078 0.861297 0.077219 0.104312
