2 0.383437 0.227609 0.044375 0.092969
0 0.401523 0.226883 0.007234 0.035797
2 0.736594 0.468938 0.117938 0.209625
0 0.694250 0.508883 0.033875 0.123172
0 0.777766 0.524070 0.034281 0.145734
1 0.751062 0.401422 0.047625 0.075594
2 0.508000 0.596047 0.128500 0.210781
1 0.534281 0.531211 0.075437 0.080391
0 0.525086 0.656055 0.052109 0.090703
2 0.558336 0.390648 0.055516 0.119016
0 0.562414 0.437375 0.048109 0.076812
0 0.524367 0.371195 0.016953 0.018828
1 0.546578 0.359219 0.026906 0.055938
0 0.383258 0.238305 0.044516 0.051516
1 0.391500 0.197500 0.008312 0.032187
2 0.392852 0.356789 0.056703 0.126734
0 0.418914 0.375563 0.042141 0.045562
1 0.406094 0.314820 0.028594 0.043172
2 0.472492 0.886250 0.178422 0.227500
0 0.565383 0.978766 0.053203 0.042469
1 0.485945 0.850750 0.099578 0.157250
2 0.265617 0.469969 0.119609 0.257250
0 0.264320 0.496328 0.115422 0.097656
0 0.275594 0.497063 0.100844 0.130875
1 0.246883 0.383945 0.054609 0.083984
2 0.158906 0.446422 0.117187 0.258719
0 0.126336 0.476875 0.032672 0.081719
1 0.125820 0.355289 0.050078 0.076297
2 0.061047 0.467227 0.097813 0.232109
0 0.091258 0.522078 0.060953 0.081469
1 0.045367 0.392312 0.055734 0.080687
2 0.136289 0.840039 0.216953 0.319922
0 0.197703 0.930992 0.095688 0.138016
1 0.083195 0.747969 0.112016 0.133437
