1 0.857906 0.270477 0.041625 0.061922
2 0.529523 0.451812 0.070297 0.154406
2 0.851609 0.321305 0.070094 0.165328
0 0.661641 0.272516 0.049844 0.069156
0 0.667242 0.267891 0.055453 0.064406
0 0.308898 0.683664 0.064484 0.035984
0 0.978500 0.616336 0.043000 0.120578
0 0.815969 0.374656 0.021281 0.091875
0 0.852781 0.380805 0.064125 0.102453
0 0.522664 0.511320 0.055172 0.134422
0 0.568312 0.456437 0.028281 0.090156
1 0.537781 0.403945 0.033062 0.058203
1 0.256852 0.595352 0.063609 0.078234
1 0.983414 0.457969 0.033172 0.089875
1 0.666547 0.208953 0.028219 0.050219
2 0.284125 0.669547 0.133313 0.228719
2 0.969273 0.578320 0.061453 0.334922
2 0.666414 0.265586 0.059609 0.166328
0 0.313828 0.719094 0.073594 0.092594
