0 0.858805 0.391078 0.040828 0.108438
0 0.793516 0.350547 0.043906 0.105406
2 0.652031 0.273328 0.068187 0.125250
1 0.659016 0.231500 0.028125 0.042813
0 0.675914 0.313141 0.018016 0.061125
2 0.650500 0.198070 0.041719 0.066266
1 0.660500 0.182602 0.021719 0.035328
0 0.570812 0.320562 0.043594 0.060906
1 0.067570 0.204594 0.031078 0.058250
2 0.078914 0.262555 0.060297 0.174641
0 0.069016 0.320242 0.020094 0.059297
1 0.372234 0.313406 0.040531 0.068031
0 0.363336 0.391023 0.064797 0.082016
2 0.366133 0.399492 0.070672 0.241266
1 0.585203 0.259617 0.036406 0.052922
0 0.624383 0.320547 0.024578 0.092781
0 0.602875 0.320023 0.027844 0.059484
2 0.583047 0.324070 0.067031 0.181609
2 0.840484 0.335797 0.109844 0.167750
1 0.874344 0.281828 0.041156 0.059313
