1 0.202805 0.344211 0.034234 0.055641
0 0.686547 0.315289 0.033156 0.074109
1 0.578016 0.184000 0.031719 0.045438
1 0.698633 0.233609 0.032047 0.047812
0 0.602352 0.271094 0.026141 0.117625
0 0.558766 0.237812 0.029687 0.025156
0 0.432000 0.195938 0.015875 0.086813
0 0.458328 0.338156 0.021656 0.102125
0 0.528852 0.358133 0.018016 0.129672
2 0.696531 0.288016 0.052813 0.157094
2 0.589156 0.238328 0.053781 0.153969
2 0.204641 0.379250 0.087344 0.127469
2 0.493078 0.306133 0.089344 0.188672
2 0.447531 0.158187 0.047094 0.127000
0 0.465266 0.181914 0.010469 0.062641
1 0.501313 0.235859 0.038125 0.046875
1 0.445305 0.112422 0.020328 0.034531
0 0.203242 0.407828 0.085547 0.070594
0 0.238359 0.375859 0.041000 0.072031
