0 0.484023 0.652078 0.063359 0.217812
0 0.824023 0.490523 0.037109 0.187453
0 0.931906 0.479969 0.044750 0.198062
1 0.899102 0.354289 0.054641 0.080141
1 0.948828 0.266914 0.041094 0.057859
1 0.630898 0.602648 0.088828 0.122953
0 0.615016 0.816859 0.086281 0.153219
0 0.270133 0.452305 0.035266 0.154359
0 0.211320 0.451023 0.021734 0.152672
1 0.210148 0.334977 0.045266 0.077453
1 0.491305 0.477930 0.065109 0.094641
2 0.631359 0.718164 0.117094 0.353828
0 0.961266 0.379234 0.045594 0.123188
2 0.936797 0.343852 0.095469 0.215109
2 0.484375 0.580141 0.084688 0.305812
2 0.236672 0.395891 0.103531 0.202969
2 0.879250 0.434258 0.146469 0.239234
