1 0.503945 0.181812 0.031422 0.038250
0 0.384344 0.391719 0.055156 0.053438
0 0.408328 0.373812 0.018750 0.060313
1 0.378250 0.330109 0.035469 0.046656
0 0.184461 0.353453 0.030797 0.056562
0 0.178633 0.335992 0.036109 0.058953
1 0.158008 0.316070 0.033609 0.032234
2 0.844539 0.607109 0.124922 0.170469
2 0.511555 0.671320 0.143578 0.183172
2 0.185234 0.318977 0.087438 0.066109
2 0.385906 0.363203 0.065156 0.111781
2 0.508953 0.211984 0.042594 0.098531
0 0.504250 0.229844 0.031406 0.041875
0 0.519352 0.225703 0.021828 0.047656
0 0.550852 0.684828 0.064641 0.067781
0 0.807383 0.600547 0.050859 0.096094
0 0.859914 0.646219 0.094328 0.093187
1 0.863836 0.555531 0.062234 0.068938
1 0.526359 0.616680 0.075844 0.071953
