0 0.690344 0.347711 0.049875 0.105859
2 0.712406 0.319977 0.060062 0.172797
1 0.485281 0.084844 0.016250 0.032969
0 0.467750 0.147859 0.014500 0.077281
0 0.499062 0.136953 0.014375 0.047969
0 0.723273 0.403305 0.027797 0.100078
0 0.824750 0.336672 0.043875 0.125375
0 0.888617 0.364203 0.037234 0.117125
1 0.896187 0.263578 0.039406 0.057000
1 0.753156 0.305367 0.046625 0.046984
0 0.551992 0.457516 0.037391 0.070031
0 0.567766 0.475484 0.081781 0.079844
1 0.585617 0.386656 0.035641 0.041250
0 0.216555 0.665687 0.081484 0.093813
0 0.344898 0.704680 0.060016 0.085547
1 0.176078 0.549977 0.058594 0.065828
1 0.318273 0.588695 0.057391 0.081797
2 0.296305 0.660117 0.101172 0.224203
2 0.171430 0.622297 0.076828 0.210719
2 0.479242 0.124297 0.037234 0.111187
1 0.722875 0.256406 0.038594 0.045625
2 0.865141 0.320039 0.102438 0.169766
2 0.743250 0.379102 0.067281 0.194641
2 0.600898 0.440602 0.073203 0.148578
