2 0.874062 0.313367 0.094844 0.177984
1 0.280148 0.372211 0.053984 0.078703
2 0.668273 0.273320 0.066859 0.136234
2 0.736906 0.263266 0.068969 0.147031
2 0.293852 0.467695 0.081359 0.270078
2 0.435937 0.458055 0.080687 0.182609
0 0.711313 0.265062 0.017938 0.056844
0 0.320633 0.461633 0.023641 0.046984
0 0.296102 0.551875 0.073516 0.169625
0 0.431711 0.503812 0.066578 0.115656
0 0.649523 0.290148 0.029359 0.054422
0 0.681156 0.302469 0.040312 0.066719
1 0.889992 0.248977 0.034922 0.050609
1 0.732563 0.215922 0.035188 0.050781
0 0.906297 0.350430 0.029312 0.128141
0 0.847266 0.358727 0.040031 0.134984
1 0.671969 0.230773 0.031844 0.049703
1 0.431836 0.395336 0.039266 0.054797
