1 0.861352 0.569477 0.061703 0.065047
2 0.514312 0.683656 0.146187 0.224375
1 0.542617 0.612563 0.049297 0.082594
0 0.454453 0.667430 0.073062 0.069828
0 0.616383 0.288094 0.021922 0.058344
1 0.620266 0.227141 0.029875 0.045063
0 0.566469 0.674250 0.041219 0.101813
2 0.028930 0.265570 0.057859 0.165078
0 0.067359 0.226430 0.059813 0.050109
1 0.011055 0.207953 0.022109 0.049969
1 0.066898 0.425664 0.068734 0.079328
1 0.197391 0.338281 0.034156 0.049031
1 0.234477 0.417844 0.051891 0.073687
0 0.200508 0.581789 0.029578 0.163328
0 0.402742 0.394859 0.034766 0.074531
0 0.375586 0.404766 0.036547 0.127625
1 0.402523 0.278609 0.032234 0.057750
1 0.547383 0.345406 0.030391 0.046406
0 0.529086 0.376531 0.028609 0.014219
0 0.521195 0.393930 0.055641 0.047766
2 0.545477 0.380250 0.066516 0.115219
0 0.633883 0.282781 0.012359 0.039062
2 0.080469 0.496492 0.096094 0.221703
2 0.242742 0.519055 0.114547 0.275328
2 0.201320 0.368016 0.041953 0.107937
2 0.393578 0.359609 0.072531 0.220687
2 0.617492 0.281813 0.044984 0.154500
2 0.832633 0.614359 0.121047 0.155031
0 0.857906 0.638898 0.067406 0.105328
0 0.797305 0.598180 0.050359 0.078641
