2 0.628445 0.266281 0.064984 0.124000
1 0.874703 0.581477 0.057969 0.083172
1 0.434844 0.390820 0.053344 0.060016
0 0.643398 0.241445 0.034016 0.069016
0 0.328023 0.422219 0.064891 0.096344
0 0.276484 0.505508 0.018625 0.139516
2 0.850758 0.620484 0.115984 0.163094
0 0.393406 0.458148 0.015250 0.066828
2 0.429164 0.462992 0.088328 0.203234
2 0.314094 0.474766 0.094938 0.207156
0 0.791023 0.633820 0.070578 0.109203
0 0.841430 0.663195 0.131609 0.078922
1 0.612570 0.226016 0.031734 0.043750
0 0.458781 0.518930 0.023719 0.122766
1 0.315914 0.407531 0.048953 0.071281
