0 0.643094 0.244344 0.035406 0.063344
1 0.612945 0.225719 0.031734 0.043438
2 0.627891 0.265500 0.064313 0.122750
1 0.874203 0.584203 0.057062 0.081000
0 0.795352 0.631734 0.077172 0.109250
0 0.849953 0.665898 0.111344 0.069766
1 0.414945 0.834211 0.074641 0.147797
0 0.344742 0.962555 0.040203 0.074891
2 0.309664 0.442773 0.064891 0.224141
1 0.363148 0.392297 0.053266 0.057844
2 0.368656 0.472313 0.098062 0.218188
1 0.320891 0.364000 0.042625 0.066312
2 0.846195 0.622492 0.119672 0.155609
2 0.398148 0.880445 0.147859 0.239109
0 0.399586 0.540523 0.033672 0.148016
