1 0.890406 0.518211 0.061844 0.083891
2 0.404672 0.230586 0.012312 0.114047
2 0.866055 0.611484 0.139672 0.271812
2 0.940125 0.499297 0.079187 0.150156
2 0.879078 0.335391 0.131687 0.157437
2 0.608602 0.460445 0.098953 0.206203
2 0.176008 0.640445 0.086516 0.194422
2 0.274789 0.655344 0.111109 0.204625
0 0.951211 0.534797 0.055672 0.078781
1 0.949563 0.450344 0.041594 0.051500
1 0.628680 0.391664 0.059547 0.067953
0 0.836680 0.359273 0.043797 0.129891
0 0.926937 0.304117 0.035094 0.054297
1 0.906922 0.282820 0.042188 0.053734
0 0.807281 0.635781 0.085313 0.180625
0 0.906617 0.678375 0.056641 0.194812
0 0.659422 0.519992 0.054125 0.131891
0 0.181289 0.724258 0.070016 0.138984
0 0.318328 0.693555 0.022688 0.113391
1 0.284617 0.590086 0.058016 0.073297
1 0.190289 0.581852 0.056891 0.076609
