2 0.406125 0.173398 0.037906 0.136578
1 0.634961 0.230422 0.035172 0.045125
2 0.584469 0.241227 0.065000 0.162297
2 0.640305 0.278953 0.080391 0.142094
2 0.204055 0.379453 0.086609 0.126094
0 0.203938 0.404805 0.086250 0.074766
0 0.240195 0.374469 0.038609 0.072500
0 0.382180 0.382289 0.009266 0.075453
0 0.450492 0.404641 0.030453 0.086188
0 0.603641 0.275852 0.026281 0.128422
0 0.610266 0.307977 0.020313 0.061016
0 0.672000 0.297383 0.017687 0.066172
2 0.424523 0.379414 0.093516 0.222422
1 0.447578 0.302016 0.045937 0.067437
0 0.409391 0.205672 0.018906 0.096562
1 0.413477 0.125734 0.023453 0.041094
1 0.203414 0.343859 0.035484 0.054469
1 0.580328 0.184023 0.028938 0.048266
