2 0.023047 0.415938 0.046094 0.138750
2 0.303305 0.293656 0.047172 0.140500
2 0.526742 0.365219 0.062766 0.117687
1 0.555969 0.257734 0.032563 0.038594
0 0.594125 0.313125 0.016688 0.066875
0 0.526555 0.321750 0.019891 0.055250
1 0.643914 0.247516 0.039797 0.045375
2 0.404687 0.724281 0.132000 0.175812
0 0.621141 0.345047 0.027875 0.103969
0 0.659328 0.217500 0.020094 0.071250
2 0.637797 0.301422 0.062500 0.154969
1 0.545414 0.325984 0.025484 0.038750
2 0.559445 0.294383 0.084828 0.112172
2 0.429602 0.349258 0.076328 0.149922
1 0.090977 0.328453 0.037078 0.058094
1 0.375891 0.676523 0.072250 0.079766
0 0.428258 0.681031 0.046422 0.027656
0 0.471266 0.778453 0.128250 0.067781
0 0.083820 0.452766 0.044391 0.147031
1 0.015430 0.378203 0.030859 0.063281
2 0.103039 0.399508 0.083297 0.200047
1 0.297508 0.250094 0.033766 0.053250
0 0.317461 0.317312 0.063828 0.054438
0 0.326766 0.307078 0.029281 0.032906
1 0.416836 0.299523 0.041578 0.050641
0 0.464016 0.387109 0.042875 0.074219
0 0.511484 0.376969 0.031375 0.041063
