1 0.662180 0.382055 0.037641 0.056516
0 0.659266 0.469000 0.064156 0.092469
0 0.594867 0.426109 0.062141 0.063594
2 0.648102 0.425594 0.088453 0.144750
2 0.649656 0.220875 0.050000 0.085750
0 0.657367 0.253641 0.020328 0.019063
1 0.661914 0.194047 0.025016 0.030625
2 0.853383 0.272359 0.072141 0.116594
1 0.871609 0.236688 0.030781 0.044687
2 0.972844 0.527531 0.054312 0.158594
0 0.965641 0.552422 0.042219 0.109375
2 0.728906 0.773914 0.141781 0.307172
0 0.683250 0.818875 0.080156 0.177875
1 0.726203 0.677836 0.085469 0.117297
0 0.868141 0.327539 0.039375 0.099578
0 0.835320 0.259859 0.035984 0.048313
1 0.607430 0.233797 0.032203 0.059844
0 0.625367 0.317633 0.021734 0.082672
2 0.090258 0.306875 0.049109 0.159094
0 0.076977 0.267508 0.020359 0.079391
2 0.597883 0.285266 0.077672 0.164781
0 0.574242 0.336656 0.030953 0.120187
