0 0.621172 0.279336 0.011781 0.033391
1 0.608664 0.217000 0.030328 0.035156
2 0.327680 0.351930 0.071516 0.178328
2 0.606773 0.258875 0.041141 0.119438
1 0.254719 0.664633 0.077188 0.081297
0 0.254555 0.782633 0.080016 0.089109
0 0.229680 0.773531 0.045203 0.048781
2 0.281789 0.725398 0.136391 0.202016
0 0.916094 0.727617 0.088000 0.135391
0 0.789891 0.633422 0.047438 0.106906
1 0.839125 0.565930 0.051688 0.062141
2 0.826453 0.621852 0.120656 0.173797
1 0.317211 0.291000 0.040516 0.056781
0 0.303031 0.370758 0.023344 0.078172
0 0.608828 0.277883 0.020875 0.056984
