2 0.471312 0.673586 0.088438 0.218797
1 0.476195 0.596539 0.055203 0.066328
0 0.272937 0.549453 0.056969 0.155625
1 0.234016 0.391805 0.051469 0.069234
1 0.203469 0.340781 0.043906 0.043750
2 0.031461 0.322750 0.062922 0.180750
0 0.074750 0.340586 0.072250 0.090078
1 0.043242 0.198766 0.031109 0.046406
0 0.092383 0.225484 0.027203 0.050781
0 0.058398 0.248141 0.056109 0.061094
1 0.014836 0.253937 0.029672 0.043719
1 0.640328 0.737820 0.064719 0.103328
0 0.525117 0.665867 0.055016 0.031859
0 0.518703 0.704313 0.095844 0.107937
0 0.673953 0.904078 0.055250 0.161594
0 0.559008 0.850070 0.013922 0.056578
2 0.627547 0.843437 0.151437 0.313125
0 0.810812 0.644352 0.057437 0.137234
0 0.849953 0.641359 0.097844 0.101344
1 0.858156 0.571578 0.054625 0.066312
2 0.840641 0.623289 0.117969 0.168953
1 0.590875 0.340469 0.029375 0.042969
0 0.614008 0.383008 0.045297 0.073047
2 0.601000 0.369289 0.050563 0.100703
2 0.063867 0.260422 0.073328 0.168219
2 0.200703 0.372453 0.049906 0.105875
2 0.231844 0.484328 0.090344 0.253437
