2 0.946078 0.232594 0.034594 0.118281
2 0.280438 0.664266 0.116562 0.224594
0 0.982156 0.618023 0.035688 0.162109
2 0.981641 0.632578 0.036719 0.192219
1 0.264984 0.589391 0.061313 0.074969
0 0.309805 0.647359 0.053016 0.045719
0 0.322813 0.718383 0.079719 0.066672
0 0.464477 0.534570 0.056141 0.131359
0 0.478531 0.439617 0.038281 0.040391
1 0.519883 0.429891 0.037953 0.055406
2 0.487523 0.490180 0.103266 0.176359
2 0.732195 0.276359 0.064047 0.164625
1 0.940125 0.193828 0.023281 0.040625
1 0.744422 0.217500 0.031094 0.045250
0 0.711672 0.315891 0.023844 0.118719
