2 0.582531 0.239891 0.071875 0.162219
2 0.443125 0.163352 0.035031 0.127953
0 0.414391 0.358398 0.014969 0.075672
2 0.453875 0.349586 0.093906 0.211766
2 0.204711 0.379398 0.086859 0.126828
1 0.203266 0.343336 0.035563 0.054703
1 0.449570 0.119188 0.022047 0.038750
1 0.467313 0.275812 0.039313 0.064000
1 0.654109 0.216211 0.033375 0.049047
1 0.585641 0.183125 0.029531 0.047344
0 0.436000 0.195773 0.020188 0.095766
0 0.602367 0.281477 0.031391 0.113766
0 0.634531 0.297898 0.026406 0.074641
0 0.481523 0.369492 0.038016 0.100078
0 0.240508 0.376047 0.039203 0.072125
0 0.203484 0.408344 0.084219 0.069875
0 0.681414 0.289422 0.014703 0.059062
2 0.655414 0.269719 0.068203 0.155844
0 0.562125 0.261992 0.030031 0.081766
