0 0.602484 0.262797 0.019969 0.075438
0 0.648344 0.462859 0.062219 0.065531
1 0.640953 0.407516 0.032500 0.057219
0 0.759422 0.291008 0.050719 0.092422
1 0.797352 0.268453 0.042516 0.050938
1 0.883625 0.251000 0.040938 0.059062
0 0.878547 0.347195 0.031000 0.086547
1 0.699289 0.525672 0.049297 0.061313
0 0.614773 0.476578 0.032984 0.085406
1 0.392883 0.355266 0.046109 0.048438
0 0.425414 0.441508 0.023859 0.065047
0 0.403383 0.443359 0.065828 0.087969
2 0.391406 0.403727 0.062031 0.145297
0 0.675781 0.239430 0.048906 0.047703
1 0.632484 0.186313 0.025625 0.035000
1 0.601328 0.162484 0.024375 0.035469
1 0.675828 0.141797 0.026875 0.037812
2 0.638445 0.440656 0.081234 0.124625
2 0.663656 0.581281 0.127562 0.171187
2 0.146477 0.642281 0.142266 0.147906
0 0.568922 0.214281 0.015688 0.051469
2 0.630500 0.242031 0.076625 0.145937
2 0.780586 0.336469 0.092859 0.187687
2 0.859656 0.306313 0.089500 0.169375
0 0.676680 0.203031 0.018828 0.062125
2 0.671820 0.180945 0.035016 0.116484
2 0.590445 0.209492 0.058859 0.129359
1 0.025078 0.258445 0.050156 0.082891
0 0.026844 0.435047 0.053687 0.176656
2 0.034242 0.358273 0.068484 0.285297
0 0.164109 0.624461 0.108344 0.126328
1 0.108797 0.606094 0.067281 0.076969
0 0.158148 0.599500 0.036578 0.052750
1 0.096016 0.743844 0.100219 0.139719
0 0.188859 0.865977 0.076156 0.136859
2 0.151578 0.803570 0.211031 0.262016
0 0.632141 0.591852 0.064500 0.085203
0 0.654664 0.564422 0.036734 0.021094
