0 0.532148 0.601945 0.043297 0.071547
0 0.541086 0.678063 0.080578 0.095656
2 0.730383 0.477383 0.096547 0.231797
2 0.640141 0.350898 0.065625 0.203766
2 0.611891 0.271273 0.038094 0.137328
2 0.312578 0.265023 0.054844 0.142672
2 0.490312 0.672867 0.102844 0.245641
2 0.212570 0.416719 0.049516 0.158281
2 0.268586 0.410328 0.099266 0.222781
2 0.169031 0.335289 0.057312 0.108547
2 0.088313 0.333719 0.057094 0.105062
2 0.081164 0.431094 0.097703 0.246250
1 0.061148 0.339273 0.053234 0.062922
1 0.081859 0.308359 0.042656 0.054875
0 0.089609 0.339820 0.053969 0.092203
0 0.098773 0.486555 0.071734 0.152359
0 0.169375 0.358609 0.057094 0.061563
1 0.165852 0.297008 0.035047 0.032984
1 0.248891 0.329742 0.042281 0.063172
1 0.208719 0.364367 0.037219 0.053328
0 0.294898 0.460203 0.046859 0.142937
0 0.329063 0.263430 0.022219 0.071516
0 0.304266 0.297938 0.037719 0.090062
1 0.311492 0.218562 0.025797 0.050312
1 0.626102 0.281234 0.036797 0.065094
1 0.613289 0.223016 0.025172 0.040938
0 0.608336 0.354578 0.031891 0.030156
1 0.585602 0.350281 0.026109 0.035937
0 0.555602 0.387313 0.020172 0.017500
0 0.536687 0.418336 0.055500 0.053922
2 0.570000 0.388703 0.058688 0.113406
0 0.655102 0.397281 0.033859 0.132250
1 0.741250 0.400773 0.047094 0.075328
0 0.693289 0.479602 0.024203 0.088641
0 0.736594 0.498672 0.082281 0.062969
1 0.489594 0.582734 0.061875 0.067781
