2 0.644305 0.241656 0.063359 0.107219
2 0.638484 0.292633 0.071250 0.173859
1 0.641695 0.203695 0.025234 0.030516
0 0.666734 0.311188 0.014219 0.051875
0 0.669930 0.271469 0.011109 0.045125
1 0.641734 0.229094 0.029844 0.045938
0 0.610477 0.335727 0.015828 0.105109
2 0.811336 0.288578 0.074203 0.147219
1 0.812820 0.238750 0.032359 0.048281
0 0.787195 0.312469 0.025734 0.054375
0 0.993602 0.404937 0.012797 0.053281
2 0.968477 0.348609 0.063047 0.178875
1 0.995930 0.281625 0.008141 0.044094
0 0.958562 0.375422 0.035125 0.152250
