0 0.318977 0.700625 0.027109 0.094656
2 0.184133 0.644648 0.093109 0.182891
2 0.277117 0.648836 0.113297 0.198703
2 0.459570 0.210445 0.043047 0.154578
2 0.600789 0.239250 0.047859 0.133688
2 0.625344 0.272492 0.071000 0.143516
0 0.652320 0.303750 0.017172 0.081250
0 0.454516 0.252289 0.029125 0.117922
1 0.629125 0.221641 0.030156 0.041719
1 0.604875 0.194313 0.040500 0.043375
1 0.465047 0.158531 0.032094 0.050625
0 0.181750 0.726055 0.069437 0.133516
1 0.283031 0.589352 0.046969 0.078172
1 0.201781 0.589773 0.057125 0.072641
