1 0.556336 0.195531 0.027984 0.041250
2 0.701820 0.285117 0.065828 0.160547
2 0.374156 0.477133 0.127094 0.229047
2 0.558422 0.305953 0.073219 0.188063
2 0.552969 0.225344 0.033312 0.101531
2 0.962883 0.285586 0.074234 0.160547
1 0.982258 0.230516 0.035484 0.050156
0 0.946789 0.314500 0.041703 0.101625
0 0.324492 0.553445 0.028422 0.192328
0 0.423898 0.541148 0.025641 0.162734
0 0.584844 0.353031 0.020094 0.100188
0 0.533164 0.341711 0.022172 0.116453
0 0.672680 0.288406 0.019422 0.049156
0 0.701344 0.299805 0.065594 0.075391
1 0.703633 0.230625 0.034172 0.050719
1 0.553180 0.238211 0.033703 0.052047
1 0.364531 0.403742 0.044563 0.083141
