2 0.424695 0.293695 0.067391 0.168422
2 0.454000 0.256953 0.057375 0.136406
0 0.665703 0.210656 0.018094 0.079719
1 0.216594 0.361695 0.040938 0.070672
0 0.249023 0.413633 0.030016 0.088359
2 0.859234 0.356078 0.114719 0.142313
0 0.205758 0.431898 0.083391 0.086828
1 0.573500 0.353906 0.043813 0.062500
0 0.588594 0.386125 0.072187 0.054625
0 0.608234 0.453953 0.048937 0.145625
2 0.171672 0.629578 0.091688 0.195531
0 0.146250 0.612000 0.039250 0.058031
2 0.278078 0.653336 0.112937 0.200203
2 0.682000 0.189672 0.051312 0.122094
1 0.804484 0.517211 0.072188 0.105891
0 0.834008 0.708594 0.091828 0.184344
0 0.743656 0.616086 0.023875 0.082422
1 0.332531 0.806352 0.113625 0.155953
2 0.214125 0.401367 0.099531 0.150297
0 0.469516 0.935367 0.071000 0.129266
0 0.233289 0.968969 0.045078 0.062063
2 0.358211 0.864836 0.293609 0.270328
1 0.281727 0.588828 0.058672 0.072031
1 0.187266 0.569187 0.059687 0.073500
0 0.180648 0.714625 0.070859 0.142000
0 0.322156 0.692344 0.025188 0.065344
1 0.420758 0.230312 0.029016 0.041250
1 0.446922 0.212695 0.043719 0.048172
0 0.463016 0.288016 0.017906 0.073781
1 0.692688 0.146437 0.020781 0.035562
1 0.894961 0.311109 0.043578 0.053250
0 0.838516 0.388437 0.047844 0.122938
2 0.805258 0.617828 0.147391 0.307469
2 0.596367 0.413461 0.090953 0.181109
