0 0.550070 0.436250 0.019203 0.097406
0 0.457430 0.374594 0.038453 0.078625
1 0.423992 0.289031 0.028453 0.045938
2 0.203914 0.374953 0.050578 0.118344
0 0.235805 0.405203 0.076203 0.057406
1 0.201695 0.338844 0.037203 0.045938
2 0.038687 0.453477 0.077375 0.154922
2 0.095430 0.438992 0.100391 0.229078
1 0.077367 0.361328 0.044703 0.074812
0 0.115977 0.418102 0.059547 0.091297
1 0.029828 0.414516 0.059656 0.078219
2 0.472969 0.674523 0.104875 0.243766
2 0.428391 0.335875 0.070812 0.137812
2 0.515727 0.420492 0.088328 0.249391
2 0.780414 0.518258 0.097922 0.225516
1 0.778805 0.443625 0.059547 0.074719
0 0.730641 0.540828 0.031906 0.113281
0 0.778953 0.563242 0.087781 0.124141
0 0.488008 0.727570 0.073578 0.086078
0 0.529109 0.659250 0.067437 0.037094
1 0.473680 0.587250 0.053797 0.069250
2 0.625547 0.256352 0.050375 0.118203
1 0.629789 0.221539 0.028328 0.048859
0 0.638516 0.277734 0.023594 0.058906
1 0.507844 0.334023 0.039750 0.074047
