2 0.419313 0.324688 0.055656 0.209563
0 0.051164 0.415562 0.050797 0.138875
0 0.357609 0.419250 0.037312 0.112125
0 0.359539 0.329422 0.037922 0.058406
1 0.324898 0.307281 0.046016 0.060031
0 0.296656 0.397242 0.014594 0.063797
0 0.435406 0.369250 0.034438 0.135531
1 0.412586 0.246453 0.029797 0.052687
0 0.494102 0.235250 0.031578 0.043938
1 0.513437 0.192727 0.027937 0.040422
1 0.584250 0.353313 0.036500 0.044969
0 0.556336 0.385023 0.021641 0.019297
0 0.554563 0.421883 0.022250 0.049453
2 0.572695 0.388727 0.058516 0.115422
0 0.710813 0.300602 0.010781 0.033234
0 0.675977 0.319969 0.024391 0.069844
1 0.684359 0.248109 0.034656 0.041281
2 0.689758 0.310656 0.052641 0.165875
0 0.556148 0.689297 0.074422 0.088875
0 0.547875 0.646039 0.041375 0.023047
1 0.506922 0.586609 0.047781 0.085688
2 0.499875 0.669398 0.117687 0.250078
1 0.849078 0.530539 0.052750 0.060484
0 0.815977 0.587781 0.031109 0.050062
0 0.835703 0.632164 0.052219 0.074359
2 0.843859 0.585023 0.087469 0.170266
2 0.502836 0.236164 0.048641 0.127672
2 0.332523 0.380375 0.087141 0.206437
1 0.349883 0.269398 0.031953 0.047141
1 0.369258 0.271586 0.011422 0.044828
2 0.355727 0.302266 0.045109 0.112594
2 0.365898 0.291328 0.020703 0.084375
2 0.038266 0.411797 0.076531 0.147781
