2 0.494055 0.137883 0.047859 0.116422
0 0.493313 0.279602 0.026906 0.089484
1 0.600008 0.392492 0.048766 0.047984
0 0.268117 0.658469 0.040516 0.090562
0 0.351023 0.702594 0.057672 0.093312
1 0.341641 0.577937 0.057469 0.066344
0 0.236391 0.632523 0.062469 0.038922
0 0.227867 0.568258 0.104453 0.149422
1 0.164859 0.553594 0.059656 0.069062
1 0.498312 0.096891 0.016875 0.034375
0 0.510914 0.152297 0.012328 0.049156
2 0.486422 0.217687 0.042469 0.144094
2 0.508625 0.252586 0.056906 0.144297
0 0.602367 0.466164 0.057859 0.068922
0 0.563156 0.460664 0.026219 0.080547
0 0.863687 0.337758 0.044281 0.109484
0 0.759109 0.259930 0.083687 0.049203
2 0.309609 0.647555 0.122750 0.203641
2 0.188977 0.623836 0.109922 0.209453
2 0.596000 0.434945 0.092062 0.132609
2 0.813711 0.295992 0.094328 0.181141
1 0.829070 0.232813 0.038922 0.053906
1 0.491258 0.167133 0.031578 0.043203
1 0.508578 0.200211 0.034844 0.039266
