2 0.844242 0.608570 0.126422 0.177109
1 0.026703 0.228844 0.033906 0.047625
2 0.512602 0.666000 0.140234 0.204875
2 0.085055 0.387266 0.114078 0.232344
2 0.263211 0.483625 0.097859 0.250125
2 0.210945 0.377820 0.054266 0.124047
2 0.623289 0.262727 0.047453 0.120578
2 0.518375 0.337492 0.072781 0.130766
1 0.510258 0.292727 0.026234 0.041578
1 0.625875 0.223391 0.027187 0.041875
0 0.638719 0.277398 0.023812 0.060203
0 0.546320 0.349313 0.015328 0.052031
0 0.491578 0.367125 0.019469 0.070281
0 0.128906 0.430961 0.025312 0.135047
0 0.085820 0.433391 0.081641 0.104094
0 0.235734 0.541883 0.042406 0.132859
1 0.873695 0.558594 0.054391 0.076563
0 0.806469 0.633695 0.051031 0.133859
0 0.845180 0.657039 0.110578 0.079672
0 0.602172 0.728914 0.090750 0.141859
0 0.462070 0.676313 0.071016 0.078000
1 0.539773 0.607547 0.049391 0.087344
1 0.245125 0.397617 0.050937 0.077422
1 0.201852 0.339609 0.036109 0.046406
1 0.050273 0.302828 0.044484 0.064000
2 0.026562 0.295961 0.053125 0.181172
