2 0.203992 0.379344 0.088359 0.123500
2 0.787789 0.426695 0.122734 0.250547
1 0.200680 0.344648 0.035984 0.053516
0 0.085437 0.417000 0.018719 0.098563
0 0.235000 0.374539 0.032563 0.073391
0 0.199305 0.410273 0.075328 0.061641
1 0.486156 0.133852 0.024500 0.045578
2 0.494102 0.173273 0.052391 0.124703
1 0.023406 0.323672 0.046812 0.072844
0 0.507352 0.199328 0.023734 0.073031
0 0.475734 0.204164 0.014875 0.063547
0 0.817430 0.494250 0.063922 0.179281
0 0.752789 0.446258 0.051859 0.156078
1 0.819937 0.335516 0.057437 0.066469
2 0.048875 0.394211 0.097750 0.214141
