2 0.671828 0.371422 0.057656 0.191719
2 0.850008 0.467055 0.131359 0.204422
0 0.818273 0.459422 0.067391 0.087687
1 0.587156 0.226531 0.029687 0.051219
1 0.662352 0.303375 0.038047 0.055094
1 0.887625 0.398094 0.051812 0.066906
1 0.496102 0.216359 0.026609 0.045219
0 0.672586 0.404500 0.027766 0.071906
0 0.487523 0.269328 0.027297 0.069469
0 0.510445 0.276922 0.028953 0.093312
0 0.557789 0.305227 0.024422 0.084203
0 0.603359 0.307461 0.030844 0.086203
1 0.571773 0.351906 0.032734 0.048813
0 0.535555 0.424734 0.057797 0.062813
0 0.527313 0.400766 0.061281 0.025406
0 0.339500 0.466219 0.030875 0.135531
0 0.244039 0.443133 0.037672 0.063109
0 0.215313 0.448039 0.044969 0.156672
1 0.220742 0.363227 0.025922 0.047547
1 0.304367 0.329500 0.048922 0.058375
0 0.865289 0.469031 0.100766 0.066625
1 0.205305 0.313898 0.042109 0.056703
1 0.167234 0.300773 0.035219 0.044984
2 0.164586 0.312102 0.041453 0.067703
2 0.190117 0.396172 0.096703 0.222656
2 0.235406 0.411594 0.055406 0.144594
2 0.306562 0.408211 0.096344 0.216203
2 0.484031 0.646078 0.093312 0.255969
0 0.584125 0.591883 0.116187 0.115516
0 0.520477 0.570891 0.022328 0.061094
1 0.481414 0.550016 0.058797 0.063156
2 0.517047 0.248930 0.068094 0.110578
2 0.588438 0.275594 0.061531 0.150188
2 0.564734 0.385828 0.047969 0.116844
