2 0.266297 0.623508 0.119906 0.296109
1 0.211172 0.339453 0.048531 0.052281
0 0.234055 0.413039 0.063172 0.052484
1 0.250648 0.526430 0.086266 0.098203
0 0.245617 0.632922 0.118734 0.096031
1 0.625648 0.217766 0.041422 0.047656
0 0.649406 0.274211 0.016000 0.052766
2 0.631273 0.247297 0.052047 0.106656
0 0.792539 0.634180 0.037078 0.074297
0 0.929797 0.714680 0.088969 0.131422
1 0.852445 0.613312 0.048641 0.087563
1 0.946406 0.810172 0.060719 0.067844
0 0.823594 0.918789 0.073750 0.115234
2 0.854812 0.662500 0.130375 0.187813
2 0.878867 0.879516 0.196922 0.209219
2 0.210195 0.379102 0.058141 0.134203
