0 0.648508 0.302977 0.047016 0.065734
2 0.172922 0.336984 0.058000 0.112281
2 0.341602 0.343672 0.094953 0.188188
2 0.551102 0.299078 0.062953 0.102062
2 0.644758 0.294305 0.054016 0.141703
2 0.485984 0.670219 0.115688 0.231438
2 0.530305 0.373164 0.071859 0.104891
0 0.512078 0.379391 0.035469 0.045312
1 0.541219 0.336977 0.025000 0.032672
1 0.553422 0.270047 0.028438 0.044531
0 0.530156 0.316016 0.031687 0.057937
0 0.550961 0.324422 0.062766 0.050969
1 0.630023 0.246766 0.024641 0.046719
2 0.869844 0.477055 0.155594 0.204828
1 0.884797 0.407266 0.052500 0.065688
0 0.907500 0.498750 0.080531 0.099688
0 0.816688 0.505570 0.048312 0.147172
1 0.496922 0.589180 0.069469 0.069234
0 0.544070 0.625062 0.053547 0.060656
0 0.533250 0.707344 0.062437 0.108969
0 0.312469 0.365633 0.036156 0.091234
0 0.388938 0.368633 0.036688 0.063484
2 0.298633 0.245078 0.063422 0.147344
1 0.353266 0.278500 0.038156 0.058937
1 0.315266 0.196734 0.029375 0.048750
0 0.281234 0.260898 0.028469 0.081078
1 0.160672 0.302984 0.033125 0.044844
0 0.190789 0.358422 0.051109 0.041875
0 0.029906 0.378203 0.043406 0.112031
2 0.026047 0.378719 0.052094 0.132844
