0 0.511031 0.608602 0.027250 0.036609
0 0.564781 0.252336 0.021875 0.041891
2 0.829031 0.632758 0.121188 0.161047
2 0.555477 0.225516 0.041234 0.097094
2 0.403172 0.360391 0.068969 0.130156
2 0.216437 0.248133 0.064688 0.109484
2 0.484094 0.688898 0.143187 0.234391
0 0.797172 0.613641 0.057438 0.076469
0 0.853305 0.646133 0.070047 0.133047
1 0.852828 0.589477 0.069094 0.072609
1 0.551891 0.193742 0.025156 0.032828
1 0.206562 0.210156 0.023437 0.033125
0 0.242969 0.287266 0.017281 0.075781
0 0.193312 0.279563 0.019125 0.045562
1 0.405055 0.320586 0.028234 0.050391
0 0.429477 0.358539 0.016703 0.050109
0 0.401156 0.377805 0.051562 0.058141
1 0.467687 0.605055 0.071937 0.064859
0 0.517203 0.661367 0.076781 0.115391
