0 0.806680 0.470133 0.069578 0.089641
2 0.662641 0.365648 0.057406 0.184266
2 0.329617 0.325133 0.088328 0.169109
2 0.356773 0.222008 0.035047 0.147828
2 0.420016 0.706813 0.107938 0.206375
2 0.546391 0.300758 0.069469 0.098484
1 0.669344 0.298359 0.044063 0.049063
0 0.686773 0.391266 0.014703 0.034844
0 0.661719 0.385203 0.056875 0.099281
1 0.548109 0.274844 0.027344 0.046406
0 0.526828 0.319688 0.030281 0.050000
2 0.534930 0.362078 0.064828 0.097094
1 0.396297 0.648820 0.060750 0.091109
0 0.448836 0.742797 0.052422 0.088344
2 0.857953 0.469344 0.172844 0.211313
1 0.874391 0.396969 0.050437 0.065437
1 0.161375 0.303078 0.041250 0.046719
0 0.181227 0.338469 0.038672 0.057437
2 0.171242 0.339484 0.061047 0.118219
0 0.292172 0.335398 0.013000 0.053766
0 0.362461 0.322617 0.022703 0.059891
1 0.315961 0.265766 0.033922 0.050781
0 0.363344 0.237742 0.020969 0.050703
1 0.356742 0.170648 0.027016 0.044047
1 0.554305 0.331578 0.025641 0.036719
0 0.519617 0.379937 0.034703 0.039062
0 0.550383 0.323484 0.061609 0.053094
0 0.898094 0.478531 0.091031 0.076438
