0 0.179453 0.356875 0.040781 0.044344
0 0.094750 0.429562 0.049281 0.139000
1 0.019938 0.312508 0.039875 0.065984
0 0.299648 0.531617 0.058391 0.137703
0 0.227172 0.537109 0.025813 0.181563
2 0.271820 0.485289 0.114016 0.247859
2 0.568859 0.379586 0.047906 0.113984
2 0.512273 0.363023 0.075578 0.172641
2 0.384867 0.382680 0.065578 0.196484
0 0.570312 0.479914 0.033313 0.092734
2 0.601328 0.424992 0.094687 0.202203
2 0.277492 0.343281 0.095922 0.179375
2 0.175586 0.334000 0.059984 0.113219
2 0.046664 0.383789 0.093328 0.208922
1 0.607961 0.354695 0.036484 0.062922
1 0.690898 0.932359 0.114547 0.135281
2 0.677023 0.932141 0.144047 0.135719
1 0.579445 0.347234 0.026734 0.048594
2 0.556977 0.234750 0.053266 0.096156
1 0.559117 0.209063 0.027359 0.043906
0 0.533367 0.264398 0.019516 0.072141
0 0.563219 0.251781 0.038969 0.060812
1 0.502258 0.301961 0.032484 0.050734
1 0.378430 0.309148 0.047484 0.049578
0 0.486680 0.399188 0.024391 0.070000
0 0.563594 0.366484 0.011250 0.021406
0 0.563781 0.388281 0.038438 0.030562
0 0.540219 0.377922 0.018000 0.071500
0 0.402555 0.416094 0.029922 0.113750
1 0.295102 0.397531 0.062109 0.070281
0 0.317555 0.356070 0.037516 0.104422
1 0.254461 0.283578 0.036422 0.060312
1 0.161727 0.298586 0.028766 0.041891
0 0.223844 0.379602 0.055937 0.090922
