1 0.584109 0.211375 0.024375 0.041312
2 0.391484 0.358875 0.066094 0.129750
2 0.579758 0.241234 0.041078 0.101406
2 0.819836 0.633813 0.132453 0.171875
2 0.523953 0.646883 0.103937 0.195672
0 0.781195 0.640625 0.054359 0.119375
0 0.819156 0.671711 0.131625 0.096891
1 0.841617 0.584836 0.069453 0.072203
0 0.581086 0.611867 0.060766 0.049547
0 0.584516 0.658438 0.084781 0.106562
1 0.549273 0.585625 0.053234 0.071875
0 0.597766 0.267367 0.058906 0.048703
0 0.413586 0.355516 0.028453 0.048281
0 0.398477 0.364531 0.051172 0.070312
1 0.382430 0.317109 0.045953 0.045156
