1 0.513945 0.576812 0.054266 0.072875
0 0.558922 0.679141 0.056344 0.097281
2 0.028523 0.266383 0.057047 0.166078
0 0.062812 0.225859 0.071750 0.052094
1 0.013156 0.209133 0.026312 0.051672
0 0.588031 0.364477 0.014031 0.059922
0 0.649766 0.390602 0.020313 0.074703
2 0.617367 0.376242 0.087547 0.192203
2 0.585234 0.243672 0.049531 0.106469
2 0.501352 0.652516 0.124453 0.225844
2 0.540109 0.375289 0.065844 0.120859
1 0.580789 0.214187 0.038453 0.044563
0 0.587258 0.274109 0.043516 0.042281
0 0.623547 0.226742 0.056687 0.042891
1 0.617797 0.319305 0.043500 0.075297
0 0.508469 0.382484 0.038938 0.049094
1 0.537859 0.333984 0.027844 0.037437
2 0.209570 0.489766 0.103328 0.261156
2 0.210781 0.371703 0.068062 0.114250
1 0.855320 0.564508 0.056734 0.067703
2 0.844695 0.622789 0.131766 0.185734
0 0.867297 0.654023 0.085875 0.086734
0 0.773609 0.594117 0.108437 0.052047
0 0.548727 0.630727 0.041422 0.020078
1 0.197813 0.334766 0.041469 0.040594
0 0.225414 0.404070 0.026609 0.044234
0 0.239820 0.411336 0.017391 0.029141
1 0.184977 0.398094 0.053516 0.076719
0 0.202156 0.561992 0.032750 0.170828
