2 0.399453 0.359742 0.052969 0.119891
1 0.318570 0.321133 0.036828 0.061297
0 0.358211 0.373422 0.026172 0.063781
0 0.308766 0.440336 0.039531 0.138391
1 0.408625 0.322859 0.034125 0.043438
0 0.426375 0.362523 0.049625 0.076172
1 0.536922 0.196172 0.027187 0.036406
0 0.560906 0.247266 0.022344 0.043281
1 0.567961 0.586766 0.085922 0.101937
0 0.516844 0.775500 0.037563 0.197781
0 0.608016 0.733922 0.021406 0.124094
1 0.887406 0.546141 0.052500 0.070906
0 0.913570 0.667789 0.049859 0.113484
0 0.798992 0.609766 0.052703 0.049781
0 0.432664 0.343281 0.024797 0.063094
2 0.321594 0.364859 0.065531 0.149219
2 0.547820 0.224922 0.048453 0.094656
2 0.558641 0.683922 0.122125 0.294969
2 0.881320 0.616977 0.112016 0.214266
