1 0.539836 0.333734 0.029078 0.040000
0 0.550938 0.327023 0.058594 0.051609
0 0.526961 0.319250 0.023609 0.047344
0 0.654617 0.382328 0.010797 0.045156
0 0.024047 0.378727 0.035187 0.110672
0 0.182430 0.334562 0.035141 0.063375
1 0.160758 0.302203 0.040484 0.043750
0 0.338125 0.342086 0.043156 0.041359
1 0.305664 0.299734 0.028453 0.028906
0 0.433531 0.224719 0.032562 0.052969
1 0.426250 0.165453 0.022500 0.044531
2 0.021289 0.378875 0.042578 0.123719
2 0.170219 0.333680 0.059594 0.107172
2 0.302539 0.356922 0.115391 0.142531
2 0.421992 0.208188 0.035484 0.130406
1 0.875016 0.395820 0.051219 0.066516
0 0.896719 0.477344 0.091156 0.079312
0 0.802492 0.469797 0.057516 0.085125
2 0.530859 0.371484 0.068938 0.114687
0 0.753516 0.380914 0.116688 0.043672
1 0.689766 0.322391 0.050437 0.049719
0 0.512641 0.379453 0.032031 0.043094
2 0.411133 0.712242 0.129734 0.181422
1 0.382312 0.659883 0.070875 0.075609
0 0.445797 0.732836 0.058500 0.109109
2 0.858359 0.469250 0.169156 0.213063
2 0.684703 0.371836 0.070188 0.148453
2 0.549633 0.302023 0.069328 0.100516
1 0.548000 0.275609 0.028750 0.048438
