1 0.570273 0.230664 0.037422 0.054422
2 0.582641 0.301789 0.063344 0.197984
0 0.019094 0.294195 0.038187 0.111922
0 0.597938 0.339367 0.030687 0.146359
2 0.682266 0.361797 0.078906 0.230469
2 0.365859 0.289891 0.088906 0.198656
1 0.009641 0.190109 0.019281 0.049844
2 0.022281 0.243836 0.044562 0.158703
1 0.069445 0.367547 0.056109 0.072094
1 0.187797 0.330180 0.044719 0.050641
1 0.363766 0.225008 0.031281 0.065828
0 0.526437 0.310078 0.054563 0.096719
0 0.398828 0.338836 0.025469 0.143891
0 0.657500 0.412906 0.062125 0.158062
0 0.157008 0.495156 0.031609 0.149063
0 0.044109 0.497859 0.031625 0.067094
0 0.334391 0.277031 0.026688 0.073063
1 0.685117 0.279594 0.049609 0.063656
0 0.204109 0.407320 0.094094 0.074203
0 0.241773 0.375961 0.061891 0.094922
2 0.200898 0.373945 0.088172 0.140641
2 0.092375 0.448758 0.126625 0.235141
0 0.706945 0.428164 0.024953 0.101922
