2 0.592375 0.299102 0.065188 0.116047
0 0.667766 0.319703 0.020781 0.025937
0 0.200242 0.350766 0.024234 0.019687
1 0.158641 0.300875 0.038594 0.043594
0 0.035836 0.369828 0.035109 0.113781
2 0.692500 0.293375 0.054250 0.151719
1 0.698352 0.241531 0.032984 0.047656
2 0.879602 0.477156 0.159484 0.208188
1 0.889930 0.407164 0.053172 0.069797
0 0.819438 0.505875 0.038094 0.141188
0 0.918008 0.494914 0.082984 0.086047
1 0.600078 0.264461 0.025625 0.045453
0 0.695734 0.311422 0.047750 0.076938
2 0.567023 0.384664 0.112141 0.098047
0 0.617312 0.379070 0.015469 0.071766
0 0.604578 0.328234 0.040937 0.057281
0 0.520781 0.414000 0.018281 0.039406
1 0.563438 0.346312 0.025312 0.021750
0 0.555844 0.319437 0.039000 0.037625
1 0.382148 0.663742 0.079484 0.071547
2 0.351937 0.341008 0.111250 0.183297
2 0.027109 0.364367 0.054219 0.126703
2 0.170859 0.339617 0.062219 0.121078
2 0.410609 0.717313 0.136094 0.178500
1 0.348555 0.265906 0.031453 0.046281
1 0.360008 0.272875 0.027984 0.046719
0 0.390406 0.344641 0.033250 0.064625
0 0.313898 0.348578 0.034047 0.085969
0 0.202656 0.361172 0.071656 0.053000
0 0.434820 0.686953 0.039609 0.057313
0 0.448734 0.725719 0.058375 0.133812
2 0.328031 0.325469 0.072500 0.165781
