0 0.500680 0.363242 0.028266 0.076703
0 0.440203 0.338023 0.017594 0.036141
1 0.471328 0.279312 0.028281 0.049875
2 0.473453 0.336797 0.083781 0.165469
1 0.563648 0.411359 0.054453 0.091344
0 0.636086 0.586508 0.057516 0.188547
0 0.619883 0.243328 0.016422 0.082281
2 0.846523 0.299984 0.066328 0.189594
2 0.620922 0.215078 0.037281 0.118594
1 0.612844 0.173469 0.020469 0.035781
1 0.855180 0.234500 0.035797 0.057656
0 0.815422 0.360953 0.018188 0.075500
0 0.860523 0.343516 0.037609 0.128906
0 0.533109 0.622258 0.016844 0.063141
2 0.581719 0.510352 0.115625 0.290484
