0 0.560305 0.457734 0.046953 0.064844
2 0.921703 0.383875 0.102781 0.241938
0 0.688883 0.212227 0.026984 0.063672
2 0.693680 0.181234 0.036828 0.095187
2 0.739148 0.213453 0.045047 0.132156
1 0.263344 0.578766 0.060594 0.079656
0 0.322937 0.684078 0.050687 0.057969
0 0.322273 0.712250 0.081109 0.085188
0 0.527039 0.493586 0.070922 0.102203
2 0.510578 0.441969 0.069375 0.134969
0 0.895164 0.397805 0.051859 0.080016
1 0.936148 0.296070 0.047672 0.067078
2 0.290219 0.658766 0.119719 0.240281
1 0.696344 0.149125 0.020313 0.030937
0 0.730586 0.242320 0.028078 0.090391
1 0.748422 0.162812 0.023156 0.030906
1 0.524148 0.403016 0.035797 0.057094
