2 0.207555 0.370203 0.058453 0.110094
1 0.012586 0.209234 0.025172 0.051406
0 0.065406 0.226391 0.064219 0.049469
2 0.028805 0.265227 0.057609 0.162984
1 0.197195 0.333688 0.037828 0.037188
1 0.191070 0.398539 0.054891 0.075328
0 0.171695 0.567219 0.050047 0.177562
0 0.560430 0.692117 0.070578 0.091797
1 0.535461 0.597727 0.050484 0.071703
0 0.540648 0.423453 0.043953 0.108250
1 0.585508 0.307961 0.039141 0.068141
0 0.527703 0.377266 0.021875 0.019844
0 0.516062 0.396953 0.042344 0.050469
1 0.550117 0.343172 0.023922 0.038750
2 0.537188 0.373023 0.048844 0.098141
2 0.561875 0.384789 0.086531 0.221359
0 0.609492 0.261977 0.021953 0.055797
0 0.588688 0.261281 0.042812 0.047813
1 0.590555 0.211891 0.019703 0.043125
2 0.593953 0.239750 0.053344 0.099875
1 0.890945 0.546852 0.055641 0.064641
0 0.809750 0.604977 0.059125 0.071953
0 0.889039 0.650969 0.094953 0.104312
2 0.869609 0.609336 0.133500 0.188672
2 0.518828 0.676688 0.155625 0.227438
2 0.212992 0.490891 0.100891 0.258094
