0 0.588172 0.372758 0.043625 0.087516
1 0.247539 0.391703 0.054766 0.079375
0 0.413102 0.511852 0.030109 0.082672
1 0.376219 0.455602 0.040875 0.071641
1 0.600891 0.281109 0.034906 0.063375
1 0.990703 0.203250 0.018594 0.046219
1 0.703602 0.525516 0.057984 0.077719
0 0.683023 0.550969 0.018797 0.045688
0 0.686305 0.652813 0.063453 0.107656
0 0.638430 0.354203 0.017922 0.081000
0 0.347398 0.547992 0.067047 0.103172
0 0.280477 0.533953 0.068859 0.130625
2 0.742805 0.609531 0.137078 0.250375
0 0.964078 0.311188 0.014375 0.079281
2 0.366836 0.503758 0.078672 0.167172
2 0.607547 0.333344 0.081031 0.169625
2 0.977578 0.253281 0.044844 0.148969
2 0.256953 0.474734 0.098094 0.248219
