1 0.579336 0.217438 0.039234 0.043906
0 0.599648 0.221883 0.029859 0.061859
0 0.753945 0.394930 0.084266 0.215109
2 0.580148 0.273664 0.070234 0.155828
2 0.513766 0.199883 0.059625 0.151484
2 0.174594 0.639102 0.077375 0.196891
2 0.280453 0.670562 0.109906 0.231875
2 0.792086 0.483773 0.108297 0.259328
2 0.701555 0.335352 0.070734 0.175828
1 0.519328 0.146078 0.021562 0.043594
1 0.656742 0.189375 0.024391 0.043594
0 0.633273 0.269992 0.022203 0.091922
0 0.705875 0.341945 0.061688 0.059547
0 0.721602 0.431398 0.073266 0.125234
0 0.749086 0.532398 0.074391 0.166984
1 0.283789 0.593273 0.060797 0.078422
0 0.322156 0.702336 0.026562 0.075641
0 0.181781 0.723961 0.072094 0.142078
1 0.184461 0.578102 0.057391 0.073578
2 0.073984 0.204250 0.060094 0.163156
0 0.061133 0.204687 0.033828 0.058437
2 0.645414 0.235305 0.045922 0.135672
1 0.076398 0.149258 0.026047 0.052797
1 0.797586 0.385039 0.051578 0.061172
1 0.711766 0.272453 0.040313 0.050469
1 0.772148 0.319406 0.046734 0.063750
0 0.575688 0.305891 0.023219 0.090906
0 0.535398 0.233344 0.017672 0.079875
