1 0.609789 0.367414 0.036859 0.066797
2 0.409164 0.220180 0.039828 0.141234
2 0.250203 0.377203 0.116781 0.204344
2 0.171703 0.339062 0.055469 0.124344
2 0.061047 0.344547 0.080562 0.189406
2 0.036289 0.302531 0.072578 0.176781
0 0.397813 0.255617 0.017500 0.089328
2 0.420922 0.359734 0.092594 0.223969
2 0.514031 0.459500 0.093000 0.214188
2 0.579242 0.380469 0.038141 0.109125
2 0.607812 0.276227 0.054531 0.121078
2 0.614180 0.425391 0.091516 0.182750
0 0.574211 0.454469 0.012516 0.087563
1 0.614094 0.239586 0.030906 0.048172
0 0.621141 0.310781 0.027625 0.051781
0 0.625711 0.446969 0.067109 0.071250
0 0.549023 0.444102 0.022672 0.088984
0 0.550180 0.373688 0.047516 0.033594
1 0.583375 0.349250 0.029844 0.045906
1 0.511758 0.383953 0.044484 0.061281
0 0.458469 0.408531 0.019500 0.126344
0 0.389953 0.310867 0.031250 0.087328
1 0.420391 0.275812 0.032344 0.056812
0 0.294664 0.430750 0.046516 0.120375
0 0.210555 0.413055 0.037703 0.088578
0 0.173836 0.356594 0.042391 0.041875
1 0.243023 0.305586 0.047484 0.061078
1 0.162156 0.297531 0.035781 0.041719
0 0.090883 0.368867 0.052609 0.109578
0 0.086352 0.314797 0.043078 0.089063
0 0.010992 0.311898 0.021984 0.082766
1 0.041008 0.272695 0.039422 0.047016
1 0.038023 0.236906 0.033109 0.045562
1 0.411531 0.172812 0.025875 0.046281
