0 0.946125 0.575055 0.049031 0.085828
1 0.652156 0.389422 0.036625 0.060844
1 0.548672 0.168797 0.020156 0.039219
0 0.657422 0.248961 0.019844 0.026984
1 0.571328 0.195609 0.024219 0.041594
1 0.546172 0.242328 0.036094 0.064719
2 0.646734 0.220125 0.056062 0.088125
2 0.854547 0.291914 0.073781 0.113922
2 0.541664 0.185031 0.034516 0.070563
2 0.572688 0.238516 0.036000 0.127031
2 0.534711 0.293102 0.059859 0.166609
2 0.967273 0.545797 0.065453 0.134938
0 0.822438 0.327602 0.030219 0.106984
0 0.880000 0.333719 0.020937 0.093500
0 0.965672 0.590266 0.068656 0.071344
2 0.729437 0.768820 0.143625 0.294391
1 0.662000 0.192234 0.025781 0.034063
0 0.582062 0.263656 0.017531 0.075813
0 0.519773 0.362523 0.026734 0.128641
2 0.639883 0.421617 0.095609 0.124734
0 0.590445 0.422328 0.086516 0.072219
0 0.655633 0.466844 0.062484 0.091000
1 0.863797 0.255836 0.022438 0.040828
1 0.981539 0.502852 0.036922 0.048453
0 0.683672 0.819656 0.080687 0.179125
1 0.724820 0.678891 0.085203 0.115969
