2 0.879281 0.375797 0.105156 0.116219
0 0.602625 0.323852 0.028125 0.053234
1 0.586406 0.258852 0.031000 0.056391
1 0.656969 0.137984 0.021406 0.041094
0 0.657281 0.214336 0.023875 0.078828
2 0.644953 0.179727 0.046156 0.125734
0 0.227648 0.453852 0.099266 0.090422
0 0.254648 0.437023 0.057984 0.030641
1 0.201914 0.336383 0.059891 0.072547
0 0.568844 0.320797 0.041219 0.059969
1 0.862719 0.261953 0.041250 0.057813
0 0.807055 0.350555 0.030141 0.124516
0 0.832180 0.387141 0.050047 0.090563
0 0.883758 0.423258 0.050047 0.102547
1 0.906906 0.343055 0.048969 0.050453
2 0.204836 0.400945 0.079672 0.203672
2 0.582023 0.294281 0.068984 0.126750
2 0.835492 0.310242 0.094422 0.154203
