1 0.848742 0.408531 0.054047 0.093562
2 0.442781 0.240586 0.053812 0.115078
2 0.476359 0.269961 0.051469 0.160703
2 0.580367 0.308477 0.083953 0.153359
2 0.851797 0.352789 0.109156 0.152859
2 0.817594 0.493203 0.138437 0.262031
1 0.884062 0.304234 0.045625 0.056531
0 0.868898 0.542625 0.035766 0.163719
0 0.773117 0.538445 0.046859 0.180328
0 0.447766 0.284984 0.013750 0.019375
0 0.547398 0.356703 0.019891 0.100969
0 0.601305 0.330625 0.043234 0.066562
1 0.588859 0.257898 0.028438 0.053266
0 0.477773 0.309297 0.047797 0.099406
0 0.492961 0.316688 0.016578 0.085344
0 0.415047 0.201539 0.048312 0.073172
1 0.454500 0.204148 0.028125 0.042797
1 0.472930 0.211875 0.034703 0.044531
