1 0.451508 0.198953 0.032828 0.040781
0 0.493805 0.298414 0.015016 0.068016
2 0.445336 0.237945 0.060484 0.119016
0 0.444219 0.282273 0.016719 0.015453
2 0.473852 0.269328 0.053516 0.160406
0 0.413859 0.181406 0.044812 0.103437
2 0.580414 0.299844 0.068297 0.138375
1 0.475578 0.210016 0.032344 0.042500
0 0.475297 0.301234 0.042375 0.092531
1 0.897383 0.457648 0.061547 0.097203
0 0.911133 0.622047 0.058672 0.190781
0 0.789203 0.564289 0.078250 0.160234
2 0.866945 0.547164 0.146953 0.278234
0 0.847898 0.410062 0.044922 0.123531
1 0.895273 0.312453 0.041891 0.055781
2 0.852867 0.356805 0.126203 0.143578
1 0.584320 0.258984 0.029078 0.055625
0 0.600852 0.323727 0.027578 0.054484
0 0.566133 0.320578 0.040016 0.058594
