2 0.541195 0.227398 0.037609 0.144359
1 0.643867 0.406203 0.037672 0.057813
0 0.657891 0.459195 0.037437 0.074422
1 0.657172 0.508031 0.042281 0.066281
2 0.284109 0.653203 0.112031 0.213438
2 0.137539 0.640484 0.107109 0.209969
0 0.104484 0.566563 0.038906 0.063062
0 0.326937 0.683328 0.025656 0.057469
1 0.280578 0.586633 0.061406 0.079234
1 0.126937 0.603641 0.050250 0.078000
0 0.101617 0.638148 0.105391 0.124953
0 0.604906 0.473828 0.031250 0.093062
2 0.634648 0.439422 0.084297 0.124344
0 0.830570 0.327906 0.059047 0.075187
0 0.872070 0.340148 0.026828 0.054922
1 0.869242 0.270688 0.038141 0.064062
0 0.427508 0.407555 0.018953 0.063359
0 0.411906 0.454797 0.056875 0.115094
1 0.408055 0.348313 0.030797 0.052188
0 0.478898 0.273891 0.017391 0.110875
1 0.511328 0.175953 0.026875 0.052969
1 0.538930 0.177125 0.028297 0.043906
1 0.626836 0.163891 0.024391 0.042656
0 0.622844 0.226297 0.047438 0.075219
0 0.548156 0.245219 0.023125 0.057656
0 0.616484 0.611914 0.040437 0.068547
2 0.844930 0.325844 0.087672 0.174625
2 0.648461 0.576680 0.104578 0.204766
2 0.401094 0.396500 0.073250 0.148625
2 0.620086 0.210016 0.053109 0.134594
2 0.497094 0.234820 0.055094 0.171016
