2 0.008687 0.254445 0.017375 0.145609
0 0.016672 0.287094 0.033344 0.114531
1 0.006602 0.202844 0.013203 0.043125
1 0.187484 0.325570 0.054188 0.066734
0 0.236820 0.374438 0.027984 0.065313
0 0.233070 0.483984 0.061641 0.153906
0 0.487250 0.425547 0.023562 0.080375
0 0.419859 0.401422 0.013125 0.049063
1 0.461820 0.308563 0.040172 0.056563
0 0.361336 0.221836 0.018359 0.090797
1 0.322242 0.136617 0.008547 0.038609
2 0.204797 0.371305 0.084562 0.069453
2 0.192602 0.420156 0.096734 0.257188
2 0.456164 0.378641 0.085891 0.196469
2 0.337703 0.191852 0.058656 0.149422
0 0.315883 0.225758 0.016734 0.094547
