0 0.715977 0.607227 0.049453 0.142453
2 0.751984 0.568383 0.121156 0.285422
2 0.653359 0.724695 0.192625 0.399359
2 0.280187 0.662797 0.112062 0.226344
2 0.033305 0.407875 0.066609 0.177219
0 0.680398 0.242703 0.038234 0.044437
1 0.575992 0.149484 0.020016 0.028750
1 0.615359 0.219969 0.036594 0.039719
1 0.638938 0.201914 0.031250 0.048734
2 0.569680 0.169516 0.037359 0.068750
0 0.631633 0.307047 0.016547 0.095844
2 0.608414 0.280883 0.062453 0.160984
2 0.645039 0.251047 0.042359 0.146969
0 0.038586 0.410336 0.054766 0.151828
0 0.252469 0.426641 0.022875 0.094563
0 0.208305 0.442664 0.084234 0.087172
1 0.217586 0.361133 0.040797 0.069922
2 0.215039 0.417680 0.097641 0.183672
0 0.232102 0.630703 0.052516 0.041250
0 0.192375 0.688945 0.073094 0.098984
0 0.323930 0.693875 0.022828 0.064844
1 0.283859 0.592430 0.053219 0.086766
1 0.183141 0.565508 0.054469 0.081078
2 0.171523 0.631687 0.078109 0.215875
0 0.575039 0.723930 0.037266 0.108391
0 0.724617 0.815352 0.046453 0.205234
1 0.668250 0.580398 0.076125 0.111078
0 0.844258 0.578734 0.065484 0.171438
1 0.764273 0.461211 0.061547 0.071141
1 0.852344 0.408469 0.059500 0.073937
0 0.828008 0.397023 0.034766 0.128328
1 0.872773 0.303203 0.045672 0.064719
2 0.844875 0.366289 0.102187 0.189984
2 0.846688 0.494500 0.087875 0.245250
