0 0.595203 0.292023 0.016219 0.093766
1 0.845414 0.279422 0.039859 0.065312
1 0.686203 0.179391 0.022031 0.036250
1 0.610984 0.206344 0.040625 0.040000
0 0.316906 0.694352 0.022344 0.113734
0 0.181617 0.721500 0.070672 0.143875
1 0.282820 0.589594 0.048922 0.074875
1 0.187289 0.582125 0.057516 0.073563
0 0.860156 0.392422 0.038844 0.141562
0 0.790930 0.373922 0.034953 0.127531
0 0.658133 0.249391 0.025953 0.096094
0 0.622242 0.248672 0.018453 0.036094
2 0.671359 0.221109 0.052375 0.119969
2 0.603680 0.262266 0.056703 0.152062
2 0.826711 0.342648 0.107047 0.191203
2 0.273859 0.654461 0.109656 0.209203
2 0.173961 0.640859 0.082891 0.191406
