0 0.665250 0.306750 0.016250 0.076969
2 0.640680 0.279711 0.067609 0.138734
1 0.920062 0.261250 0.044281 0.057594
1 0.757867 0.245336 0.033266 0.052703
0 0.736633 0.356852 0.022703 0.135109
0 0.887258 0.344547 0.029516 0.063500
0 0.658297 0.443461 0.036969 0.152609
0 0.706727 0.441523 0.015266 0.105297
2 0.642070 0.237687 0.061516 0.101094
0 0.666805 0.262930 0.010672 0.048109
1 0.642758 0.204016 0.029234 0.032500
1 0.641977 0.234172 0.030797 0.045312
1 0.697750 0.319172 0.042375 0.067781
2 0.915172 0.311781 0.083938 0.158938
2 0.742898 0.312453 0.068109 0.190844
2 0.679484 0.386406 0.081531 0.203344
0 0.613664 0.297320 0.010047 0.066766
