2 0.179023 0.308305 0.085766 0.234484
1 0.530055 0.232102 0.036172 0.052422
1 0.651172 0.184469 0.024469 0.034281
1 0.639656 0.215367 0.043562 0.041578
1 0.784078 0.271625 0.036250 0.051344
1 0.690133 0.139773 0.024172 0.036516
2 0.643539 0.258531 0.061266 0.129219
2 0.688375 0.166570 0.033437 0.091078
2 0.777508 0.314633 0.063984 0.138047
2 0.521641 0.292359 0.084875 0.174656
2 0.298867 0.406562 0.140391 0.147812
2 0.912805 0.442281 0.085672 0.184969
2 0.827094 0.585430 0.143844 0.275953
2 0.274195 0.664500 0.098422 0.224250
1 0.189141 0.573578 0.055781 0.086781
1 0.287906 0.593219 0.072219 0.081531
1 0.344148 0.366812 0.048734 0.067000
1 0.184469 0.230445 0.045500 0.074422
1 0.855461 0.489953 0.065297 0.083281
0 0.749461 0.332414 0.025703 0.068891
0 0.798375 0.540320 0.072281 0.092609
0 0.928430 0.621336 0.102672 0.133609
0 0.488945 0.327227 0.033672 0.119797
0 0.180539 0.713531 0.069984 0.158562
0 0.252219 0.444492 0.088375 0.113109
0 0.154266 0.368258 0.036250 0.168141
0 0.659719 0.294695 0.021156 0.105328
0 0.555141 0.335031 0.025281 0.130063
1 0.922156 0.388898 0.061219 0.073391
2 0.180555 0.630266 0.074828 0.201469
