0 0.597844 0.275836 0.017875 0.096766
1 0.624117 0.199609 0.027359 0.040313
0 0.318773 0.711258 0.033391 0.075984
1 0.290187 0.602680 0.053969 0.082609
0 0.180453 0.720469 0.071125 0.147812
1 0.178914 0.577727 0.057016 0.075484
2 0.166984 0.639508 0.079281 0.198391
2 0.279953 0.662062 0.110594 0.202125
2 0.614133 0.242391 0.051109 0.126781
2 0.606563 0.229164 0.045719 0.144297
1 0.616273 0.178547 0.026203 0.043188
0 0.632781 0.266570 0.014125 0.044297
1 0.944898 0.542219 0.110203 0.089031
2 0.919836 0.641148 0.158578 0.289172
