0 0.964906 0.526609 0.020719 0.051250
1 0.988320 0.481469 0.023359 0.050687
0 0.400648 0.401562 0.022609 0.048281
2 0.975695 0.526023 0.048609 0.138328
1 0.659586 0.182797 0.021266 0.035469
1 0.675781 0.206445 0.027187 0.039609
0 0.682047 0.250258 0.052969 0.050078
1 0.372711 0.319070 0.041891 0.066547
1 0.450297 0.159328 0.021406 0.043125
2 0.460789 0.209437 0.047672 0.142687
0 0.475063 0.245484 0.018562 0.101344
0 0.364813 0.395641 0.068594 0.078094
1 0.136031 0.187703 0.014031 0.050687
2 0.645211 0.201836 0.049391 0.074453
2 0.669805 0.240813 0.039922 0.108062
2 0.364617 0.359969 0.069266 0.149750
2 0.147875 0.210742 0.036875 0.097234
0 0.957789 0.563109 0.084422 0.065250
