0 0.628453 0.332680 0.044719 0.062734
1 0.797063 0.523062 0.060656 0.057937
0 0.759758 0.582953 0.047328 0.041969
0 0.733945 0.633336 0.105484 0.075016
2 0.959516 0.268313 0.063531 0.173156
2 0.568125 0.272898 0.060312 0.154828
0 0.542047 0.295227 0.008125 0.082953
0 0.591133 0.293945 0.014297 0.092016
2 0.786453 0.588227 0.110406 0.190422
2 0.655687 0.301664 0.057000 0.149578
0 0.981422 0.301234 0.017219 0.102531
0 0.955516 0.309883 0.047281 0.123641
1 0.974617 0.205945 0.031703 0.045016
1 0.646648 0.256219 0.035984 0.057719
1 0.560609 0.215500 0.027469 0.040000
0 0.625773 0.334586 0.016078 0.019172
