1 0.507625 0.380172 0.048188 0.062438
1 0.043812 0.236445 0.037969 0.044109
1 0.051484 0.273148 0.041406 0.044109
0 0.018258 0.315227 0.036516 0.094609
0 0.069758 0.382922 0.057422 0.128281
0 0.089258 0.321313 0.033641 0.072844
1 0.162555 0.299828 0.032359 0.042344
0 0.286023 0.434180 0.042547 0.128828
0 0.379359 0.310047 0.019687 0.080719
0 0.455148 0.385313 0.017922 0.126125
0 0.546797 0.453875 0.016062 0.064813
0 0.611891 0.490656 0.057625 0.094625
1 0.581906 0.411234 0.037625 0.066906
1 0.587148 0.347180 0.034859 0.045984
0 0.550703 0.372422 0.060906 0.036406
2 0.583867 0.358078 0.041484 0.067031
0 0.616180 0.313297 0.023703 0.061469
1 0.604047 0.244906 0.027188 0.049531
0 0.438211 0.193000 0.024703 0.052438
1 0.446883 0.159359 0.019234 0.042344
0 0.470047 0.227133 0.010687 0.074953
1 0.404937 0.273781 0.034875 0.057125
1 0.234141 0.307422 0.040656 0.060031
2 0.597539 0.458117 0.085797 0.161297
2 0.604359 0.281734 0.049281 0.125094
2 0.509336 0.456562 0.091484 0.214437
2 0.416281 0.352453 0.094750 0.212281
2 0.450563 0.201648 0.049875 0.127953
2 0.250750 0.379102 0.099406 0.202203
2 0.167797 0.324813 0.043969 0.093531
2 0.068109 0.349578 0.073906 0.197438
2 0.045828 0.301813 0.091656 0.174563
1 0.188328 0.369273 0.035719 0.046172
2 0.197797 0.402125 0.054625 0.112344
0 0.164125 0.352977 0.023500 0.034078
