0 0.793320 0.535461 0.055234 0.097203
0 0.584039 0.700203 0.134328 0.081781
0 0.541070 0.651898 0.059359 0.045297
0 0.466125 0.250914 0.014125 0.053141
0 0.505617 0.238625 0.020422 0.039750
1 0.641312 0.223484 0.024812 0.046219
0 0.663734 0.312516 0.016125 0.099156
0 0.609656 0.293969 0.023500 0.089156
1 0.561086 0.340930 0.035422 0.045797
1 0.481344 0.278328 0.035812 0.062500
1 0.365094 0.263742 0.019906 0.047828
0 0.527477 0.389602 0.044141 0.040672
0 0.479547 0.406555 0.030344 0.143172
0 0.336508 0.458539 0.047172 0.103516
1 0.319398 0.337594 0.044766 0.066344
0 0.050594 0.410477 0.058594 0.124766
1 0.017539 0.301102 0.035078 0.053828
2 0.317727 0.410828 0.069828 0.211469
2 0.362227 0.290289 0.030047 0.100953
0 0.383203 0.319312 0.059531 0.043437
2 0.488273 0.665055 0.099172 0.246453
2 0.039656 0.377883 0.079312 0.206266
2 0.317992 0.302258 0.058672 0.145141
0 0.358258 0.344422 0.032203 0.051063
0 0.328992 0.338461 0.076422 0.072266
1 0.318336 0.257016 0.033766 0.055625
2 0.635609 0.281961 0.073906 0.161391
2 0.548078 0.378352 0.061875 0.120578
2 0.472766 0.358375 0.059781 0.223094
2 0.487656 0.229047 0.056719 0.096063
1 0.484602 0.199219 0.021578 0.036094
2 0.837789 0.602141 0.082516 0.183719
0 0.837297 0.649461 0.080688 0.088266
1 0.846242 0.543125 0.049359 0.065688
1 0.494273 0.572898 0.054859 0.063453
