0 0.869125 0.346367 0.044781 0.122703
1 0.422344 0.460633 0.055000 0.079047
0 0.385719 0.587383 0.049563 0.101797
0 0.470797 0.564273 0.027469 0.063172
0 0.570547 0.465992 0.089625 0.058953
0 0.550375 0.443953 0.056813 0.048781
1 0.602492 0.389656 0.050141 0.047000
1 0.871641 0.244125 0.038156 0.058625
0 0.977492 0.539008 0.045016 0.182984
2 0.964531 0.537141 0.070937 0.187188
0 0.804727 0.280406 0.058578 0.049562
0 0.644906 0.237031 0.015750 0.094625
1 0.676156 0.162297 0.023750 0.046406
1 0.144133 0.166523 0.034828 0.047109
2 0.074984 0.235133 0.072594 0.173047
2 0.151250 0.199922 0.050000 0.115156
1 0.055586 0.178883 0.033359 0.058859
2 0.427914 0.529109 0.114391 0.217719
2 0.600461 0.431242 0.072328 0.128453
2 0.847188 0.302734 0.088438 0.178594
2 0.667016 0.211523 0.059719 0.145422
