1 0.857898 0.568453 0.053141 0.069063
2 0.831625 0.617914 0.107031 0.168859
2 0.027477 0.317914 0.054953 0.164984
1 0.005219 0.261117 0.010437 0.041516
2 0.034156 0.277078 0.068312 0.192062
0 0.027219 0.319305 0.054438 0.063484
0 0.068578 0.226961 0.060094 0.060266
1 0.016742 0.205758 0.030984 0.051109
1 0.092172 0.296953 0.042531 0.058406
0 0.164203 0.372008 0.038094 0.091828
0 0.076414 0.391484 0.057141 0.108312
1 0.205398 0.341344 0.043672 0.045031
0 0.228102 0.409789 0.070859 0.056047
0 0.563461 0.642750 0.072609 0.036875
1 0.499492 0.594617 0.076703 0.069859
0 0.588289 0.688234 0.125328 0.054781
1 0.649609 0.749695 0.069562 0.110609
0 0.694703 0.834516 0.043844 0.162656
0 0.820547 0.620680 0.085688 0.081141
0 0.839156 0.645422 0.085437 0.111969
2 0.115906 0.367695 0.137437 0.199922
2 0.211734 0.383477 0.055406 0.128984
2 0.676227 0.324523 0.065266 0.130047
2 0.712766 0.315930 0.061437 0.166891
1 0.717664 0.257734 0.025203 0.050594
1 0.676945 0.281109 0.029641 0.044062
0 0.696750 0.376430 0.023062 0.097453
0 0.722156 0.321875 0.040719 0.062375
2 0.498383 0.678617 0.125453 0.239641
2 0.633930 0.847625 0.163859 0.304750
0 0.244156 0.405266 0.037500 0.014531
0 0.559586 0.839539 0.013297 0.048078
