2 0.445352 0.221914 0.018203 0.078141
2 0.438867 0.421875 0.085859 0.224687
1 0.846031 0.262195 0.041625 0.058078
0 0.460594 0.485430 0.059906 0.160047
1 0.444867 0.204523 0.017516 0.042047
1 0.457023 0.273969 0.038453 0.052031
1 0.433000 0.342047 0.047625 0.064156
1 0.667336 0.243953 0.036203 0.051875
2 0.453680 0.329180 0.048734 0.162328
2 0.840531 0.315648 0.080625 0.165703
2 0.650734 0.297766 0.069594 0.160812
0 0.454172 0.380422 0.025406 0.032906
0 0.667578 0.314156 0.025938 0.059406
0 0.807047 0.335734 0.017563 0.067969
0 0.849180 0.346578 0.062391 0.071219
