2 0.378992 0.346828 0.083016 0.178969
2 0.682414 0.232594 0.052609 0.135250
2 0.085938 0.496898 0.134250 0.257391
1 0.686797 0.188133 0.025750 0.044359
1 0.374453 0.284648 0.035156 0.052703
1 0.062195 0.410844 0.069484 0.083500
1 0.932023 0.336156 0.057359 0.070469
0 0.070484 0.546914 0.102438 0.096359
0 0.434563 0.382344 0.054750 0.127688
0 0.349672 0.394820 0.023000 0.145516
0 0.964063 0.439312 0.023469 0.099375
0 0.868859 0.441383 0.030531 0.097172
0 0.647797 0.266852 0.026344 0.096422
0 0.121773 0.533797 0.047953 0.152281
2 0.914844 0.399250 0.122812 0.198781
