1 0.513016 0.190906 0.028937 0.039219
0 0.495375 0.236508 0.033812 0.051359
1 0.672352 0.247148 0.033766 0.045516
0 0.661953 0.325359 0.028281 0.062312
2 0.566867 0.374930 0.065234 0.092359
1 0.586391 0.348516 0.026125 0.039719
0 0.552508 0.373352 0.036266 0.074953
0 0.434602 0.370836 0.038047 0.128703
1 0.417828 0.248359 0.032562 0.055937
1 0.348070 0.268320 0.032516 0.044609
1 0.325086 0.308086 0.045703 0.060266
0 0.054062 0.416766 0.051219 0.133656
2 0.503367 0.230859 0.052953 0.118813
0 0.357766 0.421320 0.036344 0.110203
2 0.673766 0.310344 0.052844 0.172469
0 0.295516 0.398977 0.013687 0.054016
2 0.332766 0.379914 0.088125 0.205703
0 0.360297 0.329727 0.032844 0.059891
1 0.368539 0.271664 0.011578 0.044484
2 0.336766 0.302969 0.078406 0.113969
2 0.362758 0.290602 0.026109 0.082641
2 0.418992 0.323609 0.054484 0.207063
0 0.548352 0.645781 0.038016 0.023438
1 0.506641 0.580945 0.049312 0.074484
0 0.554047 0.685055 0.084969 0.097922
2 0.497344 0.665641 0.115937 0.243375
1 0.847391 0.534164 0.052094 0.060609
0 0.836359 0.627430 0.058812 0.070141
0 0.808734 0.598875 0.021938 0.048031
2 0.841062 0.587477 0.086500 0.167547
2 0.040109 0.409914 0.080219 0.148297
