2 0.941727 0.379492 0.111547 0.211734
0 0.662008 0.304219 0.017203 0.053594
1 0.955875 0.308438 0.042625 0.070625
2 0.742578 0.275703 0.072687 0.127656
0 0.980078 0.336727 0.033906 0.099234
1 0.613391 0.221391 0.027187 0.054063
1 0.639563 0.233344 0.030469 0.042969
1 0.740508 0.231125 0.030484 0.037187
0 0.772461 0.293687 0.011797 0.035250
0 0.714359 0.297422 0.016500 0.047906
0 0.890047 0.417344 0.046781 0.136344
2 0.605766 0.256883 0.044531 0.124766
2 0.634844 0.297094 0.073000 0.170500
0 0.596508 0.291727 0.026797 0.054141
0 0.606992 0.339289 0.018797 0.115266
