2 0.254734 0.341805 0.076281 0.121953
0 0.268648 0.394961 0.048953 0.080672
2 0.278617 0.656211 0.129141 0.302828
2 0.830586 0.646164 0.129672 0.217672
2 0.606172 0.254828 0.046000 0.112094
1 0.903945 0.846039 0.086672 0.104141
0 0.255375 0.666891 0.115125 0.092219
1 0.842313 0.576273 0.069875 0.078078
1 0.260742 0.553320 0.094609 0.099328
1 0.274336 0.307086 0.042766 0.048922
0 0.605523 0.280813 0.044828 0.044844
0 0.611125 0.276477 0.026750 0.049547
2 0.873375 0.879289 0.150500 0.170641
0 0.914578 0.721141 0.089469 0.155469
0 0.791547 0.634203 0.052156 0.107250
0 0.284523 0.351539 0.024984 0.078078
1 0.609602 0.218891 0.033266 0.039375
