0 0.869086 0.334180 0.040797 0.096641
2 0.631695 0.426469 0.096922 0.148312
2 0.566492 0.283055 0.057734 0.173578
2 0.859445 0.276156 0.059609 0.112375
2 0.975359 0.546633 0.049281 0.134578
2 0.729492 0.761586 0.144797 0.291203
2 0.649563 0.218258 0.057594 0.090266
0 0.656789 0.247187 0.020203 0.032281
0 0.576555 0.320937 0.037578 0.098531
0 0.589438 0.417156 0.066563 0.062250
0 0.636328 0.463219 0.087656 0.074812
0 0.684969 0.816258 0.076187 0.182172
0 0.960617 0.588703 0.078766 0.064125
0 0.944187 0.576250 0.049312 0.077844
1 0.979297 0.503344 0.041406 0.048250
0 0.834562 0.264008 0.032031 0.057109
1 0.567703 0.224016 0.036875 0.053531
1 0.873156 0.240102 0.031313 0.040484
1 0.652641 0.381703 0.040594 0.058781
1 0.726203 0.676750 0.083594 0.119937
1 0.664992 0.190672 0.027203 0.034594
