0 0.319180 0.486109 0.045359 0.135094
1 0.211563 0.363508 0.039250 0.050078
1 0.283984 0.342609 0.050625 0.065219
0 0.278086 0.281070 0.024766 0.065891
1 0.285930 0.198156 0.028922 0.048750
0 0.316789 0.276430 0.013547 0.040203
1 0.169648 0.296031 0.031109 0.038125
0 0.091148 0.364164 0.032297 0.075797
0 0.154477 0.350469 0.024172 0.049687
0 0.521062 0.679977 0.081688 0.113859
2 0.075508 0.429766 0.093547 0.242344
2 0.072531 0.337141 0.070375 0.156656
2 0.477375 0.677578 0.104531 0.223313
2 0.165477 0.337297 0.045891 0.121531
2 0.220898 0.417000 0.064766 0.157750
1 0.476938 0.600961 0.065875 0.069359
0 0.617320 0.413875 0.031922 0.139469
0 0.583180 0.367812 0.026109 0.025625
1 0.578414 0.353203 0.030016 0.045156
0 0.555055 0.384766 0.019547 0.018281
0 0.537961 0.416039 0.058109 0.059578
2 0.567359 0.388367 0.052062 0.116234
0 0.634000 0.293094 0.019688 0.067187
1 0.610586 0.226969 0.026109 0.045312
1 0.592117 0.287297 0.034391 0.062438
1 0.728078 0.411156 0.042844 0.077031
0 0.679844 0.509391 0.020563 0.110844
0 0.746102 0.535562 0.060953 0.128500
2 0.723492 0.485836 0.107516 0.228016
2 0.616797 0.265148 0.054156 0.122484
2 0.292469 0.424312 0.099125 0.228313
2 0.294547 0.243922 0.058000 0.140313
2 0.608328 0.362070 0.066281 0.211797
1 0.056484 0.341086 0.056625 0.064141
0 0.093359 0.493336 0.070219 0.156391
0 0.230992 0.442414 0.041109 0.065016
0 0.106016 0.460406 0.018219 0.055437
1 0.060453 0.284938 0.046125 0.051844
