2 0.518477 0.459977 0.070109 0.202891
0 0.077219 0.385664 0.073500 0.112922
0 0.015195 0.318430 0.030391 0.086141
1 0.041352 0.236922 0.040641 0.041875
1 0.045711 0.278352 0.044078 0.054203
0 0.087938 0.319133 0.039469 0.090766
1 0.188148 0.321172 0.051891 0.060469
0 0.205922 0.465719 0.069688 0.142656
0 0.427758 0.408500 0.046109 0.128438
0 0.522633 0.511219 0.054234 0.120937
1 0.523906 0.389422 0.058875 0.061187
1 0.428008 0.281141 0.037234 0.064281
0 0.381641 0.346016 0.014531 0.070031
0 0.632852 0.462836 0.068016 0.117453
1 0.635469 0.347773 0.051812 0.061609
0 0.616695 0.308719 0.021922 0.068344
0 0.515883 0.225531 0.019234 0.061531
0 0.480781 0.238070 0.030281 0.077422
1 0.491742 0.166055 0.020328 0.043422
2 0.495531 0.212406 0.059625 0.136125
1 0.599187 0.245586 0.027500 0.046766
2 0.605289 0.287805 0.045047 0.130641
2 0.628742 0.418086 0.075922 0.200547
2 0.412734 0.361570 0.076406 0.225234
2 0.197648 0.402750 0.071672 0.222719
2 0.060719 0.346414 0.074531 0.190922
2 0.044758 0.301125 0.089516 0.171594
1 0.163266 0.306000 0.033875 0.056688
2 0.163562 0.324141 0.034469 0.094625
