0 0.485766 0.215109 0.032125 0.047625
0 0.456273 0.217516 0.027516 0.044063
2 0.472797 0.208188 0.059844 0.130500
0 0.464883 0.587766 0.086953 0.148219
1 0.510625 0.517047 0.051063 0.086406
2 0.550180 0.371391 0.062203 0.120406
1 0.559664 0.332578 0.033297 0.042656
0 0.523281 0.388422 0.061469 0.052531
1 0.477398 0.403539 0.042891 0.068922
2 0.169398 0.331437 0.050141 0.106250
2 0.226219 0.396859 0.092156 0.131906
0 0.267148 0.439031 0.035641 0.108375
2 0.478031 0.448703 0.090125 0.159969
0 0.218758 0.429180 0.075891 0.066328
1 0.204687 0.359695 0.039813 0.057109
0 0.169383 0.360414 0.049016 0.046641
1 0.161719 0.300828 0.034906 0.044656
2 0.147945 0.450141 0.108453 0.234875
0 0.108539 0.499078 0.031016 0.100906
1 0.119188 0.368703 0.051781 0.070500
2 0.043188 0.381180 0.086375 0.199172
0 0.055844 0.386266 0.051531 0.098375
1 0.010453 0.309406 0.020906 0.056062
0 0.519516 0.597844 0.043688 0.103375
2 0.466016 0.562125 0.151812 0.175750
1 0.562727 0.871648 0.085828 0.114516
0 0.630859 0.961758 0.073375 0.076484
0 0.611672 0.915180 0.045906 0.054953
2 0.582344 0.907438 0.174969 0.185125
0 0.553266 0.527977 0.032156 0.028141
1 0.469477 0.164828 0.020172 0.042656
