2 0.949422 0.354422 0.101156 0.178781
2 0.512344 0.313477 0.063625 0.155859
2 0.547133 0.227266 0.024641 0.085687
2 0.557648 0.366547 0.076297 0.203469
2 0.640320 0.292523 0.068266 0.163391
0 0.610250 0.298187 0.008469 0.058094
0 0.663859 0.299391 0.018875 0.065344
0 0.499500 0.337695 0.036313 0.068516
0 0.582875 0.413430 0.047156 0.158078
0 0.966953 0.414141 0.066094 0.084875
0 0.986414 0.375914 0.027172 0.057703
1 0.977453 0.303109 0.045094 0.072844
1 0.646656 0.233320 0.031844 0.045016
1 0.542891 0.293695 0.041594 0.055859
1 0.528063 0.261156 0.028594 0.047906
1 0.547016 0.208078 0.023156 0.044781
