2 0.027773 0.323867 0.055547 0.136609
2 0.637094 0.819297 0.122250 0.248281
0 0.557906 0.832766 0.117344 0.075406
1 0.645914 0.765547 0.101766 0.136094
2 0.204484 0.372281 0.094187 0.137625
2 0.441492 0.306953 0.086266 0.176719
2 0.580953 0.305094 0.077906 0.193281
2 0.648828 0.368422 0.093375 0.242719
1 0.658680 0.285445 0.056422 0.076609
0 0.601289 0.338453 0.038578 0.147781
0 0.532875 0.305125 0.067375 0.100063
0 0.673953 0.424437 0.041188 0.160938
0 0.621352 0.355180 0.039078 0.093078
1 0.572664 0.232578 0.039172 0.047969
0 0.460484 0.345641 0.040937 0.137781
1 0.415828 0.247391 0.034844 0.059594
0 0.204602 0.407125 0.093984 0.067625
0 0.239133 0.376297 0.063422 0.091156
1 0.185930 0.330367 0.042984 0.053953
0 0.038047 0.330906 0.035406 0.122656
