1 0.620977 0.201211 0.024922 0.043828
2 0.527898 0.674625 0.119859 0.366062
2 0.695508 0.395422 0.063891 0.209844
2 0.705594 0.228688 0.060937 0.144750
2 0.625586 0.247312 0.061141 0.136313
2 0.576773 0.291453 0.075891 0.146156
0 0.549734 0.289023 0.021563 0.067047
0 0.600242 0.249297 0.011359 0.047094
0 0.715586 0.219859 0.040078 0.063312
0 0.647797 0.274961 0.015594 0.100766
0 0.605023 0.305922 0.017297 0.052219
1 0.691242 0.324266 0.043734 0.066969
0 0.681063 0.456500 0.047750 0.154469
0 0.581305 0.709680 0.107109 0.144391
1 0.548961 0.551727 0.079859 0.120453
1 0.698695 0.178367 0.027859 0.044359
1 0.573797 0.243828 0.028875 0.050469
