2 0.628148 0.259352 0.064953 0.112547
0 0.642242 0.242969 0.035797 0.064531
1 0.321945 0.415492 0.053328 0.072172
1 0.331547 0.334125 0.035937 0.057656
1 0.473594 0.650969 0.055625 0.117250
1 0.871805 0.566297 0.052953 0.079375
1 0.612477 0.225937 0.032203 0.044531
2 0.851437 0.609625 0.105844 0.168719
2 0.477008 0.712742 0.143109 0.240984
2 0.327758 0.492836 0.099891 0.228547
2 0.333500 0.386164 0.076781 0.164391
0 0.790438 0.627383 0.070500 0.120328
0 0.840578 0.656234 0.119594 0.076281
0 0.537383 0.807852 0.042109 0.210547
0 0.420492 0.799734 0.028672 0.236813
0 0.366133 0.553242 0.032109 0.146328
