0 0.438094 0.371352 0.051344 0.069609
0 0.379617 0.362945 0.025859 0.067984
1 0.427891 0.292484 0.043750 0.064062
0 0.662227 0.276172 0.060859 0.060781
1 0.659242 0.216281 0.027359 0.041562
1 0.659266 0.181031 0.020781 0.032187
1 0.891633 0.297000 0.044078 0.058500
0 0.831703 0.399945 0.044969 0.130891
0 0.883711 0.417617 0.019891 0.040078
0 0.971633 0.614203 0.056734 0.058063
0 0.961578 0.578469 0.050250 0.094500
2 0.984977 0.563406 0.030047 0.124094
2 0.861258 0.358617 0.105016 0.182391
2 0.652367 0.242859 0.041578 0.095469
2 0.650922 0.193305 0.038000 0.057078
1 0.344203 0.165031 0.012812 0.043437
2 0.349352 0.184500 0.023266 0.083500
2 0.408047 0.341344 0.083969 0.161844
