0 0.577664 0.295156 0.042453 0.063500
0 0.599680 0.282570 0.027516 0.065078
2 0.330219 0.632305 0.099125 0.228141
2 0.531516 0.452977 0.090469 0.159359
0 0.564117 0.464109 0.023609 0.086094
0 0.356133 0.674992 0.044734 0.126047
1 0.543391 0.403164 0.034563 0.058453
0 0.968281 0.372180 0.040250 0.080078
1 0.984688 0.435117 0.030625 0.094828
0 0.958695 0.603773 0.082609 0.179953
2 0.965695 0.520680 0.068609 0.265422
2 0.503875 0.261313 0.018750 0.152000
1 0.581531 0.227625 0.027969 0.052531
2 0.956328 0.356180 0.087344 0.136109
2 0.584375 0.275453 0.057469 0.149094
1 0.347062 0.557109 0.061313 0.075781
0 0.528008 0.514297 0.059109 0.142281
1 0.501719 0.202687 0.009344 0.033688
