0 0.653586 0.328586 0.031109 0.094391
1 0.632094 0.240688 0.032500 0.047812
2 0.638563 0.296344 0.060969 0.159812
2 0.298516 0.237094 0.060125 0.139187
2 0.170281 0.335156 0.056031 0.109219
2 0.369945 0.375133 0.102297 0.200359
0 0.612242 0.605438 0.108953 0.113375
1 0.524680 0.554398 0.064703 0.066609
2 0.504391 0.641445 0.125938 0.239984
0 0.889828 0.489102 0.109031 0.066922
1 0.797312 0.436633 0.048500 0.071453
0 0.724062 0.515570 0.052500 0.092391
1 0.297039 0.191594 0.028297 0.047344
1 0.356453 0.304297 0.038563 0.059250
0 0.327359 0.255859 0.019375 0.058281
0 0.276461 0.278445 0.016578 0.092172
1 0.160016 0.300000 0.034688 0.040313
0 0.195398 0.364891 0.066891 0.049281
2 0.024992 0.377984 0.049984 0.133063
0 0.028828 0.375750 0.041750 0.110687
1 0.354297 0.268531 0.036562 0.041438
2 0.330469 0.328313 0.084250 0.161000
0 0.405352 0.426250 0.031016 0.135000
0 0.520203 0.383594 0.036250 0.047656
1 0.544367 0.335484 0.032828 0.044375
2 0.540391 0.373859 0.076187 0.121219
0 0.550641 0.324570 0.062250 0.050234
0 0.528734 0.316289 0.030156 0.055047
1 0.550719 0.268125 0.026250 0.042969
2 0.547617 0.298211 0.068703 0.102828
2 0.795055 0.498531 0.098516 0.195125
