1 0.919508 0.350828 0.054234 0.074125
0 0.931945 0.522500 0.053578 0.193438
0 0.828773 0.493984 0.044516 0.155750
2 0.350516 0.738687 0.139937 0.205562
0 0.433703 0.797102 0.149469 0.086734
1 0.337914 0.682406 0.070016 0.091437
2 0.895031 0.448719 0.128500 0.268187
1 0.969594 0.627484 0.060812 0.126000
0 0.965539 0.912820 0.068922 0.051734
2 0.944398 0.751227 0.111203 0.375672
0 0.412602 0.386930 0.025859 0.126422
0 0.358945 0.397586 0.014547 0.104172
1 0.380156 0.278391 0.032187 0.063406
2 0.388438 0.346227 0.074594 0.200047
0 0.672508 0.408195 0.036922 0.086109
1 0.714328 0.297852 0.038312 0.070484
2 0.693797 0.374383 0.080313 0.223828
