1 0.631133 0.166172 0.025328 0.046719
1 0.582664 0.174789 0.027859 0.052516
2 0.564047 0.314148 0.051469 0.195422
0 0.562266 0.307711 0.038031 0.068578
1 0.569922 0.238211 0.040781 0.043297
2 0.348789 0.183117 0.023828 0.087359
2 0.446414 0.266750 0.047266 0.185719
0 0.464664 0.289516 0.009578 0.058531
0 0.450109 0.291250 0.038844 0.084375
0 0.649555 0.242469 0.019109 0.097875
2 0.728547 0.295305 0.071687 0.162391
1 0.748141 0.241555 0.032781 0.055172
0 0.753086 0.337336 0.013484 0.090609
1 0.445172 0.196297 0.037969 0.043750
1 0.346805 0.160516 0.019391 0.041250
2 0.579594 0.211023 0.034250 0.125578
2 0.628219 0.216484 0.064125 0.149000
0 0.691461 0.324875 0.050047 0.108656
