0 0.082086 0.409672 0.025766 0.122563
0 0.055508 0.330258 0.035641 0.065422
1 0.016211 0.267859 0.032422 0.041875
1 0.015492 0.216062 0.030984 0.056250
0 0.544023 0.666016 0.056891 0.083094
2 0.684000 0.314516 0.069281 0.168531
0 0.217797 0.398773 0.034188 0.054953
0 0.235516 0.410523 0.019719 0.033266
0 0.629070 0.361156 0.040797 0.021719
1 0.608523 0.332250 0.028766 0.048594
0 0.610078 0.397531 0.033188 0.068250
2 0.605805 0.364016 0.035922 0.113062
0 0.692617 0.320844 0.051891 0.058000
0 0.666609 0.318766 0.029531 0.070781
1 0.690063 0.258328 0.027031 0.056875
2 0.204789 0.378281 0.059828 0.125312
2 0.026672 0.242961 0.053344 0.111734
2 0.114359 0.366953 0.091469 0.206562
2 0.036375 0.326250 0.072750 0.159875
2 0.832578 0.613906 0.115688 0.164625
0 0.841477 0.641219 0.082078 0.108188
0 0.819211 0.623789 0.088359 0.085422
1 0.860398 0.570992 0.059547 0.078984
2 0.620773 0.836461 0.146859 0.327078
2 0.493648 0.669242 0.114078 0.220172
0 0.556156 0.842875 0.018406 0.069031
0 0.670969 0.911141 0.046594 0.135406
1 0.629633 0.723242 0.066422 0.098516
1 0.518586 0.592977 0.062391 0.067297
0 0.554383 0.619875 0.029234 0.016719
0 0.065727 0.226141 0.063203 0.051875
1 0.190258 0.339430 0.029328 0.045922
1 0.102641 0.290625 0.038906 0.053437
