2 0.533914 0.376906 0.068078 0.121500
2 0.385547 0.227102 0.046438 0.104859
0 0.385547 0.239937 0.045937 0.051875
1 0.392656 0.193281 0.011250 0.038281
2 0.436219 0.347734 0.084531 0.177969
2 0.390141 0.354195 0.050125 0.123391
1 0.392070 0.314852 0.045766 0.043797
1 0.430172 0.285250 0.033688 0.053781
0 0.403172 0.354516 0.018219 0.066313
0 0.466883 0.371953 0.023641 0.077969
0 0.516695 0.382406 0.033984 0.048000
1 0.538805 0.337234 0.026734 0.042344
2 0.222703 0.408195 0.069000 0.127953
2 0.065609 0.451297 0.062469 0.196469
2 0.136344 0.506727 0.135250 0.275297
2 0.176836 0.448375 0.112266 0.260437
2 0.305906 0.449133 0.117063 0.237078
0 0.353500 0.461000 0.021219 0.078844
1 0.282828 0.365719 0.049000 0.070000
1 0.211555 0.368453 0.045703 0.050312
1 0.144539 0.352500 0.049141 0.069687
0 0.261320 0.496617 0.026922 0.110203
0 0.223453 0.430133 0.014031 0.076141
0 0.188938 0.506164 0.032750 0.111734
1 0.103047 0.402219 0.056406 0.062531
1 0.062547 0.389742 0.047344 0.072578
