1 0.016695 0.271492 0.033391 0.059297
1 0.012766 0.208453 0.025531 0.047969
0 0.063680 0.227305 0.065797 0.047766
2 0.029609 0.261539 0.059219 0.154828
2 0.034961 0.352719 0.069922 0.221469
1 0.204391 0.338047 0.031719 0.053437
1 0.249984 0.396992 0.051375 0.073891
0 0.226234 0.538391 0.035781 0.123656
0 0.458844 0.656039 0.067875 0.067484
0 0.554539 0.752617 0.028266 0.171891
1 0.541383 0.603680 0.049609 0.082297
1 0.862328 0.569594 0.052969 0.076750
0 0.810820 0.612422 0.053516 0.089594
0 0.852812 0.633859 0.067500 0.107281
0 0.528211 0.399461 0.068516 0.052922
0 0.527070 0.380812 0.030797 0.014219
1 0.549922 0.339766 0.030312 0.047500
0 0.637750 0.279438 0.020938 0.057688
1 0.626422 0.222016 0.027500 0.047188
2 0.623805 0.260195 0.049297 0.123234
2 0.553789 0.377148 0.051359 0.122141
2 0.836242 0.609398 0.104984 0.156516
2 0.263469 0.485328 0.108906 0.250594
2 0.211469 0.384711 0.060625 0.147297
0 0.210430 0.407547 0.036734 0.051562
2 0.510383 0.675828 0.138578 0.228344
