1 0.841000 0.238211 0.036000 0.058891
1 0.639625 0.411125 0.058031 0.056406
1 0.286914 0.591164 0.051172 0.085172
2 0.487672 0.128203 0.044250 0.100469
1 0.492414 0.094625 0.016422 0.033594
2 0.821008 0.297203 0.091859 0.178406
2 0.622836 0.443344 0.092859 0.120187
2 0.187688 0.624844 0.092219 0.206875
2 0.275430 0.649609 0.111859 0.203594
2 0.647016 0.600172 0.128812 0.202469
0 0.207859 0.689898 0.029281 0.076766
2 0.903328 0.421430 0.107219 0.197453
0 0.313578 0.711078 0.031969 0.080031
1 0.204695 0.557125 0.058141 0.071375
0 0.889164 0.448313 0.104922 0.066188
1 0.931492 0.350344 0.050641 0.054969
0 0.655391 0.485656 0.087437 0.081188
0 0.846063 0.344578 0.039719 0.124281
0 0.669219 0.570359 0.082094 0.033656
0 0.615195 0.654477 0.063516 0.093234
1 0.669352 0.530516 0.050641 0.063344
0 0.673578 0.466203 0.038094 0.070719
