2 0.252320 0.446117 0.131922 0.240797
2 0.498234 0.665695 0.114500 0.244453
2 0.503594 0.230641 0.050938 0.115187
1 0.502617 0.191453 0.027328 0.037094
2 0.637289 0.274805 0.061016 0.130016
1 0.626883 0.232141 0.027234 0.045250
0 0.647156 0.301875 0.039562 0.074406
1 0.576055 0.353703 0.032703 0.046375
1 0.505016 0.583648 0.046656 0.080984
2 0.844187 0.590258 0.077750 0.167297
1 0.851719 0.536617 0.062219 0.060016
0 0.824195 0.638305 0.075922 0.070578
0 0.553953 0.683656 0.090500 0.096750
0 0.546219 0.646547 0.047906 0.029281
0 0.521547 0.238734 0.013281 0.043594
0 0.494836 0.239672 0.033484 0.045531
1 0.414188 0.243500 0.030375 0.051250
0 0.426453 0.353148 0.023969 0.105453
0 0.358078 0.329437 0.037187 0.058469
1 0.242625 0.361633 0.042906 0.071141
0 0.303500 0.475258 0.028656 0.101891
0 0.200055 0.483469 0.029141 0.106156
0 0.054109 0.406148 0.047438 0.112078
2 0.333336 0.328359 0.091047 0.160969
2 0.039609 0.402539 0.079219 0.164328
2 0.560852 0.386898 0.064547 0.114016
0 0.532508 0.415430 0.060453 0.056641
2 0.414344 0.318195 0.047937 0.200391
1 0.346422 0.270750 0.033625 0.045375
1 0.369031 0.271992 0.011531 0.046422
2 0.365914 0.291016 0.022516 0.084125
