0 0.114328 0.568891 0.062562 0.040375
1 0.136305 0.605258 0.055391 0.072359
1 0.266289 0.587703 0.062703 0.079375
0 0.322125 0.680312 0.022781 0.062469
0 0.505312 0.397766 0.037125 0.134781
1 0.485063 0.273086 0.040656 0.046422
0 0.396133 0.275977 0.026453 0.074328
1 0.421523 0.234063 0.036422 0.045156
0 0.576453 0.319180 0.028844 0.119141
0 0.630453 0.317633 0.018594 0.110891
0 0.692227 0.387500 0.032422 0.131563
1 0.733055 0.275438 0.039703 0.054844
1 0.618203 0.224945 0.029188 0.056359
0 0.134703 0.644539 0.120875 0.118109
0 0.711805 0.562461 0.085766 0.107266
1 0.724320 0.533836 0.048516 0.075172
1 0.830602 0.725195 0.098703 0.148984
0 0.836461 0.422711 0.038734 0.148422
1 0.858602 0.305039 0.049484 0.064703
1 0.906133 0.365227 0.041766 0.054359
0 0.674922 0.253000 0.050687 0.094531
1 0.679070 0.172273 0.027391 0.042234
2 0.487609 0.351086 0.072594 0.202078
2 0.601328 0.281258 0.077250 0.168453
2 0.714336 0.340117 0.076516 0.185109
2 0.829258 0.370469 0.107672 0.196344
2 0.888656 0.369008 0.077281 0.062141
2 0.678906 0.220164 0.058594 0.137953
0 0.768594 0.799453 0.067438 0.079250
0 0.816977 0.915297 0.174953 0.133781
2 0.417539 0.294813 0.069266 0.167437
2 0.705719 0.600375 0.119469 0.207688
2 0.810984 0.824797 0.187594 0.350406
2 0.274398 0.662625 0.119734 0.230469
2 0.142594 0.649563 0.106406 0.200562
