0 0.825508 0.617039 0.078516 0.111984
0 0.307445 0.324641 0.024734 0.059875
2 0.040602 0.418477 0.081203 0.164203
2 0.309805 0.303516 0.061828 0.136375
2 0.348453 0.380516 0.107844 0.207219
2 0.469773 0.237797 0.044516 0.125719
2 0.454344 0.326641 0.076406 0.201719
2 0.628469 0.289992 0.042438 0.158734
2 0.566750 0.390680 0.048562 0.118297
0 0.544391 0.420937 0.065906 0.057812
2 0.491359 0.679875 0.108094 0.243844
2 0.804766 0.573664 0.122750 0.199547
0 0.732328 0.580703 0.051281 0.053188
1 0.774547 0.510398 0.061406 0.071297
1 0.486320 0.592031 0.070609 0.066438
0 0.554219 0.689164 0.093531 0.085234
0 0.544883 0.647172 0.067203 0.029687
1 0.622727 0.230563 0.031266 0.040937
0 0.632078 0.295367 0.034031 0.065703
1 0.575055 0.355750 0.033297 0.048750
0 0.481547 0.361250 0.021281 0.117281
0 0.424055 0.361344 0.014984 0.114094
0 0.305766 0.400031 0.023313 0.088062
0 0.389016 0.414406 0.027000 0.099063
0 0.480547 0.225602 0.023250 0.050984
1 0.466461 0.194328 0.021109 0.038437
1 0.453852 0.251742 0.034641 0.054359
0 0.054156 0.400555 0.051750 0.110766
1 0.321922 0.258406 0.036875 0.046875
1 0.345578 0.307758 0.039719 0.062203
