1 0.900391 0.293180 0.045156 0.062422
1 0.650258 0.206844 0.022672 0.027344
0 0.657039 0.235813 0.016922 0.039344
1 0.885352 0.248594 0.032266 0.049688
1 0.181367 0.647633 0.066172 0.083922
2 0.202664 0.706125 0.130453 0.200938
2 0.406062 0.404000 0.083062 0.117938
2 0.639453 0.224211 0.053000 0.062203
2 0.609992 0.639398 0.123047 0.177266
2 0.704945 0.598703 0.118828 0.143875
2 0.914352 0.497328 0.095516 0.171781
0 0.982859 0.526234 0.034281 0.091031
2 0.878602 0.393680 0.165484 0.139172
2 0.874344 0.321695 0.096844 0.120422
2 0.857125 0.297797 0.090219 0.147469
0 0.631102 0.226953 0.036328 0.037969
1 0.120438 0.600945 0.058312 0.079922
0 0.228008 0.744039 0.078797 0.125047
0 0.442984 0.433414 0.037250 0.040172
0 0.414016 0.431719 0.068000 0.061875
1 0.412531 0.372984 0.045312 0.056406
0 0.691695 0.627289 0.092953 0.086359
0 0.742297 0.612016 0.043750 0.060031
2 0.117859 0.631828 0.063312 0.141969
1 0.634867 0.586656 0.072797 0.071250
1 0.702914 0.569250 0.056609 0.085656
0 0.829227 0.330242 0.033672 0.126234
0 0.879742 0.442125 0.032609 0.057375
0 0.876305 0.438250 0.061766 0.112875
0 0.898188 0.530555 0.063250 0.134203
2 0.982883 0.526070 0.034234 0.090891
0 0.945500 0.531797 0.031031 0.102344
1 0.930711 0.444398 0.045922 0.066141
1 0.939133 0.354953 0.043609 0.061719
