0 0.761805 0.470805 0.049516 0.087797
0 0.298266 0.458437 0.033156 0.102188
0 0.216336 0.465281 0.037984 0.118625
1 0.191211 0.553359 0.058359 0.075781
0 0.178328 0.705258 0.074219 0.160734
1 0.318016 0.802703 0.108406 0.150562
0 0.322016 0.689992 0.026219 0.064359
1 0.282664 0.595031 0.063016 0.082844
0 0.676633 0.471961 0.051359 0.152453
0 0.825961 0.505555 0.058891 0.161891
0 0.855992 0.359695 0.027766 0.061953
1 0.863070 0.294438 0.035578 0.059187
0 0.669781 0.288156 0.018469 0.117719
0 0.609258 0.279164 0.017141 0.100047
0 0.485852 0.316609 0.035484 0.103469
0 0.387023 0.291867 0.024953 0.052609
1 0.421336 0.236375 0.030953 0.048281
1 0.488758 0.212391 0.034547 0.040625
1 0.279938 0.401430 0.043625 0.071922
2 0.830742 0.344852 0.101297 0.160672
2 0.703742 0.420492 0.105484 0.233141
2 0.812773 0.433586 0.096109 0.238578
2 0.639773 0.249883 0.077891 0.167984
2 0.485719 0.273773 0.051281 0.163484
2 0.414617 0.298313 0.080266 0.172812
2 0.257727 0.436945 0.122234 0.142797
2 0.181375 0.615711 0.078000 0.200141
2 0.279023 0.671047 0.112078 0.235781
2 0.350344 0.863641 0.175687 0.272719
1 0.822719 0.347789 0.056406 0.067047
1 0.716695 0.333969 0.048453 0.060562
1 0.644898 0.187969 0.032828 0.043750
