2 0.568172 0.373219 0.060812 0.094281
1 0.220094 0.427477 0.055437 0.072578
1 0.193742 0.342445 0.045797 0.073203
2 0.192453 0.418273 0.097625 0.224391
2 0.243727 0.527961 0.112422 0.276391
1 0.012750 0.209117 0.025500 0.050422
0 0.066805 0.224383 0.060891 0.049984
2 0.028383 0.267086 0.056766 0.166672
2 0.454961 0.688242 0.084391 0.232891
2 0.653492 0.843789 0.194266 0.312422
0 0.629586 0.275812 0.033078 0.060812
0 0.606359 0.274594 0.037875 0.057375
1 0.616961 0.223164 0.020766 0.046328
0 0.273820 0.558102 0.050828 0.093078
1 0.457836 0.611313 0.077141 0.080344
0 0.498930 0.722820 0.026141 0.059297
0 0.492953 0.740500 0.088469 0.095688
1 0.664953 0.736437 0.061813 0.100906
0 0.709227 0.867687 0.081672 0.141188
0 0.570773 0.836094 0.028578 0.084719
2 0.826828 0.605609 0.133656 0.176813
1 0.853219 0.558812 0.046812 0.083344
0 0.786633 0.627719 0.053109 0.112281
0 0.853414 0.627531 0.078766 0.124313
2 0.616883 0.265820 0.059078 0.131484
1 0.584852 0.338328 0.027359 0.023906
0 0.159664 0.476680 0.032078 0.158703
