0 0.295273 0.639266 0.043766 0.052781
2 0.736797 0.694211 0.140656 0.157109
2 0.349313 0.483195 0.100406 0.136484
2 0.299203 0.671992 0.155781 0.130953
2 0.358047 0.735930 0.124469 0.208547
2 0.711078 0.455648 0.083562 0.164203
0 0.665953 0.711430 0.021844 0.037797
0 0.706977 0.711617 0.075516 0.116641
0 0.337812 0.507922 0.076563 0.079063
0 0.376547 0.490266 0.021531 0.080844
0 0.408391 0.794242 0.082625 0.088234
0 0.402656 0.736430 0.049656 0.029234
0 0.672680 0.461711 0.020797 0.046172
0 0.725375 0.504352 0.050750 0.103984
1 0.742977 0.662266 0.062703 0.089906
1 0.344117 0.679172 0.060578 0.088875
1 0.344117 0.446031 0.040547 0.062750
1 0.688289 0.408531 0.038078 0.067625
1 0.258117 0.648586 0.071766 0.082109
