2 0.520180 0.667750 0.106547 0.195594
1 0.368258 0.314820 0.041422 0.051891
1 0.613195 0.226234 0.032203 0.045000
1 0.545734 0.609828 0.055687 0.078094
0 0.578734 0.642461 0.070688 0.036703
0 0.617734 0.698961 0.136406 0.064797
0 0.642820 0.237438 0.034234 0.076406
0 0.631023 0.221188 0.016578 0.036094
0 0.412617 0.409789 0.035016 0.121172
0 0.818039 0.631969 0.102359 0.093250
0 0.765273 0.615687 0.052297 0.030969
1 0.816461 0.565508 0.067484 0.068891
1 0.118797 0.711469 0.110250 0.096062
2 0.375008 0.380070 0.097297 0.183891
0 0.171125 0.910289 0.064125 0.179422
2 0.140102 0.831375 0.157203 0.337250
2 0.830008 0.611203 0.094922 0.160656
2 0.627266 0.268836 0.066094 0.131703
