0 0.346773 0.343648 0.060453 0.037703
1 0.291063 0.249945 0.038438 0.053234
0 0.310930 0.316883 0.056734 0.056547
1 0.379836 0.400859 0.052484 0.076875
0 0.437094 0.519539 0.027000 0.114359
0 0.518023 0.383695 0.035641 0.046359
1 0.563438 0.258750 0.026406 0.058438
0 0.596141 0.312672 0.027625 0.053719
0 0.539977 0.283891 0.018641 0.057219
1 0.647641 0.244188 0.036562 0.041875
0 0.665305 0.292484 0.032203 0.067719
2 0.400492 0.482828 0.093172 0.240594
1 0.171234 0.449398 0.068531 0.077453
0 0.201875 0.563828 0.063406 0.047656
1 0.252406 0.505164 0.073687 0.091547
1 0.227602 0.359508 0.043297 0.048484
0 0.262219 0.421094 0.025937 0.079500
0 0.225820 0.438305 0.044359 0.066203
2 0.239148 0.403469 0.072516 0.136938
2 0.185320 0.547164 0.097172 0.269734
0 0.322055 0.630602 0.050734 0.113484
0 0.210109 0.633805 0.028188 0.082297
2 0.271469 0.601789 0.151844 0.285484
0 0.382211 0.563172 0.035734 0.181469
2 0.402195 0.359648 0.092797 0.187891
2 0.297703 0.285258 0.052094 0.123234
2 0.569734 0.292648 0.077594 0.127516
2 0.649977 0.296250 0.064172 0.145688
2 0.536586 0.373312 0.072609 0.121812
1 0.403648 0.288687 0.029859 0.046250
0 0.322797 0.306766 0.020313 0.029531
1 0.543336 0.333719 0.031578 0.042969
