2 0.420836 0.419320 0.082703 0.203234
1 0.008508 0.308000 0.017016 0.052031
0 0.037039 0.423844 0.042016 0.117156
1 0.166523 0.299156 0.030328 0.043875
1 0.191930 0.346797 0.053172 0.070469
1 0.181773 0.448813 0.065203 0.084875
0 0.197211 0.596258 0.090828 0.113734
1 0.867289 0.855680 0.089828 0.120828
0 0.225031 0.459984 0.028219 0.105938
0 0.404281 0.436094 0.059813 0.079688
0 0.538414 0.371578 0.032359 0.018281
0 0.543688 0.399711 0.063594 0.055891
0 0.571234 0.255547 0.018500 0.067562
0 0.599164 0.261961 0.049078 0.065547
1 0.589375 0.195031 0.030781 0.051500
1 0.566367 0.334719 0.033359 0.049937
1 0.390023 0.319430 0.042703 0.055641
1 0.418156 0.348906 0.057531 0.059375
2 0.594016 0.232125 0.064156 0.125750
2 0.561734 0.371602 0.043156 0.123828
2 0.392617 0.378078 0.049453 0.174781
2 0.209836 0.411875 0.089391 0.202188
2 0.162938 0.323719 0.042563 0.092875
2 0.034180 0.381953 0.068359 0.200469
2 0.212227 0.548328 0.124891 0.283344
2 0.579375 0.907531 0.169313 0.184938
0 0.609461 0.900094 0.049891 0.048000
0 0.628672 0.961227 0.071000 0.077547
2 0.848398 0.889602 0.128984 0.189547
1 0.563375 0.873469 0.080375 0.114000
