0 0.754828 0.327328 0.027188 0.106125
0 0.815750 0.566492 0.062688 0.143484
0 0.956344 0.550016 0.053000 0.077969
2 0.964438 0.557086 0.071125 0.108547
0 0.627320 0.570633 0.024234 0.020609
0 0.205320 0.694266 0.048609 0.136469
0 0.612383 0.624047 0.038203 0.078281
1 0.734687 0.218086 0.028875 0.049578
2 0.728297 0.285273 0.080594 0.182578
0 0.817812 0.316078 0.044156 0.097844
1 0.856078 0.243172 0.035250 0.061656
1 0.872305 0.422359 0.068734 0.063656
2 0.850734 0.514867 0.131344 0.247984
2 0.837063 0.291531 0.081594 0.158531
0 0.971063 0.593016 0.057875 0.036094
0 0.319203 0.709625 0.024938 0.079062
1 0.220289 0.559445 0.046016 0.081578
2 0.193742 0.621984 0.098266 0.207094
1 0.657930 0.530844 0.056078 0.059281
2 0.645961 0.591984 0.105953 0.180281
1 0.286695 0.594844 0.048734 0.076563
2 0.276273 0.665031 0.109453 0.215594
0 0.703805 0.246820 0.031766 0.067922
