0 0.152312 0.447547 0.085531 0.150531
1 0.203000 0.364281 0.045625 0.050406
1 0.251109 0.359164 0.047281 0.068609
0 0.307031 0.507563 0.036406 0.136437
0 0.210703 0.466922 0.021969 0.078656
0 0.346664 0.441297 0.036422 0.149656
0 0.364992 0.301172 0.065234 0.079531
1 0.417672 0.300234 0.039375 0.052031
0 0.427859 0.408219 0.027281 0.109937
1 0.347875 0.300195 0.042688 0.065234
0 0.562242 0.250227 0.038141 0.066109
1 0.560352 0.204750 0.028766 0.043906
0 0.532672 0.264578 0.016937 0.080750
2 0.555008 0.233102 0.052609 0.100172
0 0.702789 0.358797 0.021078 0.069875
0 0.645500 0.342508 0.014312 0.072109
1 0.685219 0.286859 0.028188 0.053156
2 0.675484 0.332992 0.075719 0.145266
0 0.524977 0.388422 0.020078 0.033063
1 0.563531 0.344672 0.045750 0.062531
2 0.425836 0.368266 0.062172 0.190344
0 0.551812 0.463602 0.041531 0.132078
2 0.367969 0.381453 0.083750 0.227937
2 0.258313 0.442227 0.117062 0.233984
1 0.379891 0.646039 0.077250 0.117453
0 0.273062 0.794609 0.088875 0.129531
0 0.487828 0.746687 0.091875 0.108531
2 0.349297 0.775711 0.240281 0.377641
2 0.205039 0.386492 0.050078 0.094516
2 0.148406 0.396031 0.084625 0.233750
2 0.171328 0.330242 0.036688 0.105016
2 0.563664 0.421297 0.065453 0.217219
1 0.139422 0.309344 0.052531 0.060688
1 0.164945 0.298453 0.023453 0.042656
