1 0.643750 0.527336 0.051906 0.066734
0 0.669016 0.467617 0.032594 0.072359
1 0.642992 0.414570 0.052109 0.054172
1 0.958570 0.371078 0.042203 0.059375
0 0.972813 0.499492 0.032344 0.117266
0 0.922016 0.501461 0.051187 0.136359
2 0.818203 0.310250 0.085688 0.188937
1 0.841250 0.245344 0.039219 0.059125
0 0.829813 0.348125 0.016781 0.091438
0 0.792195 0.351773 0.018234 0.134703
0 0.649797 0.486484 0.081469 0.098375
0 0.315773 0.707922 0.027766 0.085906
0 0.202531 0.666820 0.040625 0.087297
1 0.287219 0.591812 0.049313 0.085688
1 0.213711 0.560219 0.051016 0.080219
0 0.614031 0.620781 0.034312 0.060937
0 0.569609 0.209031 0.027688 0.080594
1 0.600023 0.135563 0.024391 0.038281
2 0.593898 0.183250 0.048297 0.133688
2 0.942883 0.444672 0.093203 0.206625
2 0.623500 0.448492 0.091750 0.121859
2 0.648641 0.597773 0.103969 0.208172
2 0.275148 0.662305 0.108953 0.227141
2 0.189992 0.623227 0.098953 0.205766
