0 0.535609 0.319445 0.033438 0.062047
1 0.562273 0.271344 0.026422 0.046063
1 0.632352 0.236656 0.018141 0.030750
0 0.615109 0.347148 0.024469 0.097328
0 0.658922 0.237039 0.025438 0.101641
2 0.036234 0.374969 0.072469 0.150062
2 0.303547 0.293594 0.045094 0.139469
2 0.526141 0.359648 0.069000 0.095078
2 0.561250 0.300977 0.083938 0.104609
2 0.424555 0.353805 0.072453 0.144266
1 0.373914 0.675273 0.073672 0.077266
2 0.418195 0.724344 0.161109 0.176000
0 0.427445 0.680453 0.046578 0.027344
0 0.472719 0.777875 0.123438 0.068000
1 0.016203 0.328305 0.032406 0.057516
0 0.020906 0.396289 0.041813 0.081359
1 0.300563 0.249914 0.032500 0.052984
0 0.320180 0.315797 0.060484 0.055594
0 0.330883 0.306047 0.025641 0.027969
1 0.418594 0.306406 0.032656 0.049375
0 0.463383 0.386727 0.047297 0.077172
0 0.508180 0.381344 0.032828 0.051062
1 0.547172 0.330852 0.026250 0.036734
0 0.592328 0.322102 0.022812 0.061422
2 0.634461 0.298539 0.061266 0.154172
