2 0.446305 0.258672 0.054547 0.155250
2 0.887484 0.351359 0.085469 0.169719
2 0.852031 0.346172 0.109500 0.191531
2 0.727836 0.278562 0.078234 0.164094
0 0.707867 0.312602 0.038234 0.083734
0 0.842203 0.397008 0.028625 0.131422
0 0.903359 0.396750 0.028875 0.113688
0 0.507109 0.254039 0.047500 0.043797
0 0.540063 0.266711 0.023250 0.054953
2 0.555688 0.248391 0.055187 0.122313
2 0.511102 0.226156 0.038984 0.111469
0 0.437203 0.289141 0.036000 0.094250
1 0.909719 0.295875 0.040000 0.058281
1 0.884437 0.281172 0.044094 0.060906
1 0.752086 0.225719 0.029234 0.057969
1 0.565117 0.208641 0.034078 0.043125
1 0.513625 0.191219 0.028437 0.042188
1 0.453547 0.202859 0.027969 0.043594
