0 0.627906 0.274492 0.020094 0.098516
0 0.501016 0.264078 0.029031 0.099625
0 0.550617 0.277273 0.008328 0.046422
0 0.463148 0.154922 0.018297 0.062687
1 0.802891 0.241719 0.030938 0.037969
1 0.836414 0.257266 0.042797 0.053938
1 0.408086 0.122719 0.005328 0.031875
1 0.175672 0.569266 0.060750 0.074781
1 0.282328 0.591867 0.060500 0.079078
1 0.493180 0.098414 0.018922 0.036609
1 0.537070 0.192180 0.034109 0.044891
1 0.655242 0.195672 0.030328 0.044844
2 0.172117 0.634375 0.077078 0.206875
2 0.279398 0.654898 0.114891 0.208016
2 0.779938 0.298766 0.076656 0.152781
2 0.719992 0.368766 0.077422 0.180531
2 0.823242 0.322820 0.070266 0.184672
2 0.643812 0.241438 0.053750 0.136937
2 0.522687 0.234961 0.065187 0.131891
2 0.478555 0.133086 0.049609 0.106734
2 0.401047 0.179031 0.020781 0.146000
0 0.753625 0.295398 0.024656 0.062547
0 0.817102 0.363680 0.058391 0.103078
0 0.396070 0.205211 0.009766 0.094516
1 0.731984 0.306617 0.053875 0.055328
0 0.320453 0.697203 0.029031 0.079656
0 0.182141 0.719922 0.072375 0.143594
0 0.214195 0.610531 0.037672 0.055938
0 0.693789 0.407773 0.024797 0.101016
0 0.740141 0.404820 0.015969 0.091203
