0 0.047273 0.377875 0.049484 0.070844
2 0.541883 0.213766 0.049578 0.123438
1 0.537430 0.174820 0.025141 0.044484
0 0.511797 0.245094 0.024375 0.048750
0 0.542961 0.241422 0.045797 0.067969
0 0.540953 0.432742 0.050906 0.066078
2 0.554789 0.368117 0.038578 0.115016
2 0.589961 0.424141 0.068578 0.202344
0 0.576953 0.462320 0.073750 0.106484
1 0.591406 0.352133 0.056375 0.058672
2 0.574406 0.902664 0.158656 0.194672
1 0.554828 0.862086 0.079094 0.109578
0 0.607836 0.868437 0.028922 0.042344
0 0.624109 0.935695 0.058312 0.128609
0 0.538984 0.393055 0.050312 0.056703
0 0.524219 0.365555 0.043594 0.017641
1 0.551078 0.334687 0.028281 0.047500
2 0.434273 0.389625 0.072641 0.181688
0 0.463383 0.435961 0.014516 0.052766
1 0.431250 0.327172 0.043594 0.057500
2 0.168961 0.323813 0.046766 0.093250
2 0.205336 0.401758 0.074641 0.216484
2 0.195672 0.569242 0.164594 0.286828
2 0.400672 0.482430 0.092594 0.230141
0 0.170336 0.354406 0.025672 0.031813
1 0.162148 0.297047 0.030484 0.039688
1 0.205844 0.328398 0.044750 0.071016
1 0.402594 0.399000 0.043406 0.061563
1 0.169586 0.469625 0.060953 0.090125
0 0.200367 0.447906 0.063547 0.143250
0 0.365898 0.507703 0.023234 0.088500
0 0.432016 0.519875 0.028187 0.103031
0 0.258844 0.615914 0.036969 0.133172
0 0.134258 0.633219 0.041797 0.084187
2 0.039406 0.425930 0.078812 0.216547
1 0.011453 0.354070 0.022906 0.072734
