1 0.621086 0.245133 0.027047 0.049234
2 0.487711 0.670359 0.100016 0.242219
2 0.858453 0.592086 0.092563 0.190422
2 0.040625 0.379688 0.081250 0.206250
2 0.307469 0.406094 0.089656 0.217063
0 0.266828 0.410398 0.008187 0.070984
2 0.345555 0.319492 0.065234 0.145078
2 0.364383 0.292602 0.022797 0.082422
2 0.424633 0.326000 0.065266 0.208844
2 0.461266 0.234094 0.040781 0.129406
2 0.631563 0.290328 0.074188 0.140062
2 0.570000 0.392922 0.049812 0.112875
1 0.369867 0.274109 0.008609 0.045938
0 0.849711 0.627664 0.074328 0.081078
1 0.868953 0.531820 0.059563 0.068984
1 0.485461 0.588961 0.050297 0.078922
0 0.538641 0.678273 0.093312 0.086734
0 0.542945 0.641234 0.063141 0.035469
1 0.304023 0.328641 0.047984 0.061250
0 0.438188 0.370891 0.037562 0.130813
0 0.557312 0.383008 0.026750 0.014828
1 0.580891 0.355703 0.028000 0.038719
0 0.605508 0.304438 0.021984 0.068187
0 0.651602 0.308953 0.035672 0.070125
1 0.466969 0.184625 0.028750 0.031562
0 0.486023 0.236289 0.050453 0.041578
1 0.414984 0.246320 0.033469 0.050453
1 0.348805 0.270453 0.033078 0.047375
0 0.359922 0.329758 0.036156 0.059297
0 0.333656 0.447570 0.037812 0.105016
0 0.063711 0.413125 0.035016 0.106562
1 0.021664 0.304180 0.043328 0.055203
