2 0.652328 0.689648 0.127531 0.383516
0 0.695359 0.776859 0.061719 0.211281
2 0.622578 0.308055 0.068281 0.164047
2 0.692148 0.357656 0.067359 0.202813
1 0.759680 0.524953 0.050828 0.070906
2 0.744750 0.223687 0.048562 0.140594
0 0.739445 0.230453 0.036266 0.040469
2 0.762086 0.598391 0.118859 0.218969
0 0.744680 0.224672 0.048922 0.039844
1 0.604531 0.254336 0.032437 0.056484
0 0.647906 0.351133 0.028875 0.134297
0 0.678578 0.399516 0.039500 0.129406
0 0.575656 0.336813 0.037031 0.051250
1 0.678891 0.287016 0.036562 0.060937
0 0.936406 0.635547 0.038469 0.087000
1 0.988719 0.517367 0.022563 0.092016
1 0.663336 0.551852 0.070984 0.105984
0 0.745102 0.640203 0.084797 0.105719
0 0.719039 0.636000 0.052672 0.042281
1 0.747727 0.173969 0.023766 0.040625
2 0.958203 0.621109 0.083594 0.299406
