0 0.213844 0.574641 0.025719 0.071969
1 0.173812 0.579352 0.053375 0.080016
2 0.179031 0.638820 0.095625 0.199109
2 0.276398 0.657078 0.112391 0.206031
2 0.642352 0.205961 0.063828 0.083891
2 0.637297 0.268922 0.051938 0.147031
1 0.657641 0.183266 0.032813 0.039531
1 0.641922 0.216719 0.043438 0.042969
2 0.818055 0.326617 0.102453 0.172984
1 0.849531 0.269430 0.040062 0.058359
0 0.795289 0.367406 0.032141 0.128750
0 0.674391 0.274328 0.054281 0.046687
1 0.283055 0.589969 0.049797 0.073500
0 0.320016 0.706484 0.024844 0.086563
0 0.180453 0.720891 0.069469 0.145406
