2 0.601766 0.277523 0.053937 0.128078
1 0.036031 0.284039 0.038875 0.056828
0 0.089492 0.305961 0.022109 0.073953
0 0.099719 0.365016 0.040875 0.083406
0 0.017438 0.392687 0.022656 0.105594
0 0.014094 0.297867 0.028187 0.071328
1 0.044141 0.227687 0.034781 0.046156
1 0.202852 0.363680 0.043672 0.047641
1 0.173461 0.416016 0.058078 0.074781
0 0.261031 0.545008 0.036031 0.136547
0 0.153094 0.588742 0.041250 0.146297
0 0.176461 0.362922 0.038328 0.054594
0 0.251914 0.449211 0.094703 0.080953
0 0.385539 0.417219 0.026859 0.142969
0 0.453609 0.510906 0.041812 0.077750
1 0.470422 0.408078 0.048844 0.061750
0 0.589117 0.453336 0.026859 0.135078
1 0.587789 0.333117 0.048734 0.059203
1 0.162930 0.298063 0.030734 0.044281
1 0.379914 0.283203 0.037297 0.063875
0 0.551758 0.267148 0.045047 0.084984
0 0.618391 0.304758 0.020000 0.072641
1 0.592875 0.235438 0.027531 0.045250
1 0.549109 0.189531 0.024719 0.043906
0 0.529562 0.261430 0.019000 0.078578
2 0.398828 0.364391 0.074344 0.227156
0 0.562039 0.382141 0.012984 0.022969
0 0.546883 0.412906 0.035797 0.065125
2 0.468633 0.484836 0.072391 0.216703
2 0.583141 0.402742 0.059750 0.198516
2 0.550727 0.229898 0.048266 0.124016
2 0.221406 0.414875 0.080188 0.150562
2 0.171070 0.333242 0.048109 0.113828
2 0.205477 0.507391 0.146797 0.257094
2 0.050227 0.273984 0.100453 0.137656
2 0.055328 0.358578 0.097469 0.205781
