2 0.497617 0.214758 0.036328 0.142359
0 0.611336 0.914594 0.046703 0.055906
2 0.581125 0.907219 0.175656 0.185562
1 0.577227 0.571664 0.050547 0.079141
0 0.517914 0.627164 0.089641 0.127422
2 0.508148 0.604430 0.189797 0.144203
0 0.541977 0.507148 0.056391 0.064141
0 0.514852 0.395656 0.041422 0.045375
1 0.563562 0.332000 0.031094 0.037969
2 0.548008 0.365539 0.063109 0.106234
1 0.477789 0.404500 0.046984 0.064156
0 0.441984 0.527391 0.029125 0.080094
2 0.474836 0.469930 0.096172 0.195297
0 0.503023 0.222477 0.046828 0.045734
1 0.501961 0.165703 0.020953 0.044219
0 0.630336 0.959172 0.072609 0.081656
1 0.557953 0.870867 0.079750 0.113578
2 0.165828 0.332969 0.051219 0.104969
0 0.173570 0.360211 0.034953 0.050422
2 0.226383 0.396492 0.086297 0.129672
0 0.221813 0.428625 0.075625 0.065250
0 0.265211 0.438570 0.039234 0.107547
1 0.204500 0.360609 0.037906 0.056438
1 0.166664 0.297664 0.034547 0.034172
2 0.146148 0.450945 0.109609 0.228734
1 0.117578 0.370586 0.049375 0.067984
0 0.107984 0.502969 0.033375 0.104062
2 0.054805 0.377766 0.094297 0.219156
0 0.051234 0.417203 0.084969 0.114344
0 0.075594 0.382031 0.048406 0.091563
1 0.036375 0.302633 0.044281 0.069734
