0 0.441844 0.536828 0.021750 0.124750
2 0.631266 0.971859 0.102375 0.056281
1 0.630891 0.972102 0.103281 0.055797
1 0.555164 0.864422 0.078391 0.112094
0 0.628453 0.912781 0.033031 0.077594
1 0.021992 0.299234 0.043984 0.063375
0 0.056102 0.381047 0.070953 0.110156
2 0.047859 0.368406 0.095719 0.203813
1 0.161703 0.333219 0.060500 0.070844
1 0.219813 0.345688 0.036687 0.057687
0 0.151070 0.465367 0.033391 0.114078
0 0.245711 0.421758 0.064141 0.051547
0 0.267641 0.406414 0.028313 0.086891
1 0.555898 0.333305 0.031922 0.048172
0 0.532125 0.369914 0.021875 0.013016
0 0.521000 0.386539 0.070531 0.045203
1 0.477648 0.406898 0.046047 0.061234
0 0.542773 0.508805 0.055766 0.064797
1 0.470648 0.168094 0.020953 0.041250
0 0.461898 0.213563 0.039703 0.047812
0 0.483633 0.205773 0.011734 0.044859
1 0.897000 0.575023 0.065969 0.068609
0 0.816969 0.552531 0.099344 0.106844
2 0.857922 0.625086 0.140562 0.167109
2 0.554086 0.370820 0.066391 0.124078
2 0.466172 0.206250 0.048781 0.119594
2 0.242258 0.392672 0.081359 0.149812
2 0.175469 0.410391 0.087187 0.225875
2 0.477742 0.477594 0.093859 0.202750
0 0.553500 0.863680 0.113969 0.024359
2 0.569430 0.895914 0.153328 0.176578
