2 0.637648 0.362602 0.082203 0.240234
2 0.441352 0.311000 0.081703 0.202594
0 0.607547 0.421750 0.044531 0.132281
0 0.605953 0.353383 0.031563 0.130266
0 0.539891 0.303578 0.047000 0.092531
1 0.451414 0.241016 0.039766 0.062750
0 0.476320 0.355367 0.011859 0.118109
0 0.419289 0.356461 0.037922 0.110484
2 0.202148 0.377430 0.083766 0.131703
0 0.202508 0.409578 0.083016 0.067719
2 0.585242 0.302500 0.073953 0.196156
1 0.588672 0.234070 0.032813 0.058734
1 0.640477 0.277250 0.039547 0.071687
0 0.665563 0.431625 0.027188 0.115031
1 0.205539 0.340719 0.035359 0.057313
0 0.018406 0.361937 0.027344 0.075187
0 0.061453 0.514086 0.033625 0.075047
0 0.033672 0.424586 0.067344 0.054609
0 0.273789 0.329734 0.088609 0.062437
2 0.017734 0.426828 0.035469 0.141937
2 0.086102 0.454805 0.106391 0.220391
1 0.065836 0.383078 0.064891 0.074594
