1 0.011023 0.208969 0.022047 0.048531
1 0.622242 0.218930 0.026703 0.038109
2 0.621539 0.258688 0.044391 0.118219
0 0.633125 0.281281 0.021344 0.059000
2 0.202266 0.364516 0.058813 0.100250
2 0.829391 0.625641 0.116594 0.139656
0 0.853977 0.651008 0.066109 0.089141
0 0.803758 0.603023 0.064047 0.078641
1 0.857617 0.583016 0.060016 0.054688
2 0.514156 0.672258 0.145031 0.202641
0 0.454836 0.665430 0.073391 0.074141
0 0.567445 0.675000 0.038609 0.098969
1 0.543539 0.612102 0.049859 0.081797
2 0.269289 0.384398 0.073391 0.245359
2 0.544320 0.380828 0.071609 0.117344
0 0.528383 0.377117 0.030016 0.016453
1 0.549648 0.344969 0.029234 0.045156
0 0.525547 0.391508 0.047906 0.046766
2 0.234703 0.543172 0.099469 0.268969
0 0.216016 0.627703 0.038812 0.169937
0 0.182016 0.516156 0.042875 0.048625
1 0.214156 0.448313 0.057375 0.079656
0 0.248867 0.391180 0.032266 0.082078
1 0.285609 0.295492 0.038687 0.067141
1 0.194750 0.333734 0.036719 0.038875
2 0.026070 0.262703 0.052141 0.155562
0 0.063984 0.227016 0.067187 0.049969
