0 0.111461 0.348008 0.026578 0.118609
2 0.567453 0.398906 0.069156 0.199719
2 0.628828 0.334977 0.075469 0.114109
1 0.547172 0.208305 0.026375 0.049266
0 0.524938 0.393992 0.018438 0.025766
1 0.608766 0.303336 0.035125 0.051359
0 0.532023 0.264891 0.017234 0.066875
0 0.553469 0.269133 0.049656 0.078891
0 0.411719 0.418320 0.027719 0.113922
1 0.411016 0.310219 0.047031 0.054000
1 0.562031 0.330602 0.033437 0.063578
0 0.655078 0.336961 0.022344 0.055141
0 0.579289 0.445906 0.044984 0.136313
0 0.137406 0.643891 0.101438 0.166500
0 0.308516 0.498156 0.037969 0.131813
1 0.141219 0.468453 0.061656 0.088094
1 0.259852 0.353688 0.045047 0.069063
1 0.206062 0.363445 0.038344 0.051703
2 0.268828 0.434492 0.116937 0.232266
0 0.048438 0.373961 0.039125 0.124109
1 0.153516 0.287680 0.043750 0.064328
0 0.178711 0.307648 0.054172 0.114922
0 0.218797 0.446578 0.015344 0.054063
2 0.206133 0.394422 0.038297 0.113656
2 0.157469 0.559727 0.142406 0.270266
2 0.168930 0.368156 0.073547 0.225563
1 0.066227 0.286703 0.035359 0.052469
2 0.551141 0.241227 0.055375 0.114578
2 0.419273 0.379609 0.064266 0.191469
2 0.076937 0.337039 0.096187 0.153422
