1 0.333039 0.494133 0.071734 0.090516
1 0.458352 0.141422 0.025953 0.038125
2 0.463469 0.190242 0.039844 0.137172
2 0.744789 0.443281 0.111922 0.265281
0 0.518742 0.763602 0.052641 0.096234
0 0.782320 0.517867 0.036828 0.207203
2 0.012008 0.366391 0.024016 0.111344
0 0.690438 0.481023 0.056062 0.142328
1 0.204820 0.343812 0.034734 0.055000
2 0.203922 0.379148 0.084844 0.124516
2 0.329680 0.588742 0.101328 0.278172
2 0.572578 0.756406 0.159844 0.292812
0 0.365953 0.623578 0.075281 0.091594
0 0.381398 0.590203 0.056703 0.057719
0 0.455102 0.223070 0.023578 0.097984
0 0.203594 0.407016 0.084719 0.068469
0 0.239172 0.377023 0.038156 0.071797
0 0.020516 0.372055 0.041031 0.099859
1 0.610523 0.658195 0.062391 0.095703
1 0.759930 0.354227 0.050078 0.084922
