1 0.192930 0.335594 0.040391 0.041406
0 0.050500 0.383063 0.033031 0.122094
2 0.615133 0.386617 0.043859 0.100516
2 0.824375 0.619211 0.109313 0.165266
0 0.528937 0.660930 0.061844 0.027297
1 0.483203 0.597398 0.052656 0.070734
0 0.714219 0.348508 0.023031 0.033047
0 0.693523 0.339938 0.053953 0.060250
0 0.611992 0.413047 0.030547 0.047031
1 0.620477 0.360844 0.031891 0.049219
0 0.362148 0.457258 0.032797 0.155703
0 0.276352 0.470555 0.025922 0.153391
0 0.265117 0.492609 0.048109 0.064844
1 0.210508 0.397555 0.062359 0.072703
1 0.067133 0.262742 0.041234 0.055141
0 0.125953 0.357141 0.026031 0.094562
0 0.021641 0.392484 0.032531 0.119281
2 0.693758 0.324836 0.065953 0.150641
0 0.068312 0.234898 0.059969 0.054422
2 0.617211 0.841016 0.149016 0.317969
2 0.480055 0.667156 0.103828 0.211000
2 0.314148 0.414117 0.100172 0.205766
2 0.233680 0.481977 0.108578 0.244453
2 0.191891 0.365422 0.043469 0.101594
2 0.084672 0.331055 0.103938 0.193203
2 0.020078 0.354977 0.040156 0.163953
2 0.027586 0.253984 0.055172 0.141406
1 0.013867 0.206766 0.027734 0.043844
0 0.806211 0.645625 0.073359 0.109375
0 0.831273 0.644437 0.095359 0.090031
1 0.851008 0.576219 0.054078 0.078812
0 0.667516 0.937422 0.048094 0.125156
0 0.553859 0.844094 0.021781 0.097437
1 0.702828 0.272172 0.033125 0.045156
1 0.640836 0.735992 0.065047 0.107297
0 0.532281 0.717758 0.094875 0.090734
1 0.305312 0.344844 0.046563 0.067500
