0 0.490313 0.352586 0.022813 0.136078
1 0.617219 0.239336 0.037062 0.046234
1 0.475867 0.233672 0.034766 0.051062
1 0.477852 0.129367 0.028453 0.043141
1 0.513836 0.772234 0.074734 0.119844
2 0.203422 0.378812 0.085625 0.127375
2 0.477242 0.169672 0.054234 0.123438
2 0.617281 0.295445 0.092062 0.159391
2 0.459195 0.303297 0.087234 0.189656
0 0.421055 0.317391 0.010234 0.083594
0 0.652102 0.323492 0.020266 0.065266
0 0.582047 0.320695 0.021531 0.065797
0 0.494492 0.188742 0.016891 0.055922
0 0.455383 0.205938 0.010203 0.086312
0 0.234523 0.375219 0.037266 0.075875
0 0.201016 0.408227 0.079156 0.068547
2 0.508961 0.838680 0.138766 0.251078
1 0.202672 0.342984 0.034000 0.055500
