2 0.242539 0.480461 0.102828 0.259547
2 0.239430 0.390867 0.057484 0.167797
1 0.196398 0.335250 0.038266 0.049375
2 0.196648 0.364758 0.038359 0.108391
2 0.833648 0.615633 0.122266 0.166859
2 0.624531 0.835891 0.150000 0.328219
0 0.476258 0.725406 0.056797 0.121063
2 0.602219 0.278133 0.052000 0.144359
0 0.611234 0.278094 0.032344 0.048438
1 0.635055 0.724766 0.065172 0.105031
1 0.474766 0.587289 0.068031 0.066797
0 0.498305 0.711117 0.015359 0.075922
1 0.598680 0.227063 0.024078 0.043281
2 0.466336 0.680430 0.086203 0.252891
0 0.836984 0.647703 0.097500 0.101469
0 0.817617 0.626195 0.090391 0.096047
0 0.556703 0.843461 0.014781 0.067891
0 0.674977 0.911203 0.045922 0.133594
1 0.045484 0.331688 0.047438 0.058812
0 0.067086 0.223758 0.064016 0.051672
1 0.012258 0.206672 0.024516 0.046562
2 0.027758 0.266148 0.055516 0.166141
0 0.120117 0.409398 0.029609 0.076297
0 0.034430 0.456258 0.034734 0.101984
2 0.075273 0.421766 0.117859 0.239344
0 0.264070 0.507313 0.056047 0.093719
1 0.223180 0.388039 0.058766 0.075391
1 0.235188 0.337094 0.049406 0.060750
0 0.529937 0.429266 0.034063 0.025000
1 0.578500 0.346312 0.026250 0.027812
2 0.565039 0.386883 0.054234 0.109703
0 0.597141 0.283563 0.040531 0.061250
1 0.859031 0.571797 0.056094 0.078625
