2 0.219773 0.461555 0.087859 0.248453
2 0.316773 0.321641 0.064172 0.174750
2 0.556477 0.373992 0.060016 0.122547
2 0.358414 0.290477 0.033234 0.107109
1 0.017406 0.298719 0.034813 0.051719
0 0.056086 0.404969 0.058328 0.127969
0 0.219281 0.528844 0.077563 0.119781
2 0.042852 0.379875 0.085703 0.212438
2 0.834336 0.626344 0.096547 0.180125
2 0.501734 0.672453 0.124875 0.242344
2 0.632586 0.287875 0.042547 0.170469
2 0.511398 0.429547 0.073359 0.238469
1 0.211688 0.372289 0.061656 0.069484
0 0.357336 0.341594 0.037078 0.056219
0 0.327680 0.337984 0.082641 0.076844
1 0.319914 0.263687 0.034078 0.058875
1 0.362172 0.259094 0.025156 0.044687
2 0.471547 0.238273 0.058469 0.120953
0 0.484977 0.245656 0.031734 0.051406
0 0.453047 0.262062 0.020344 0.071406
1 0.526320 0.346562 0.042984 0.072437
1 0.558852 0.337742 0.026578 0.050922
0 0.544641 0.387055 0.045656 0.044641
0 0.499703 0.493648 0.037125 0.138797
1 0.509672 0.585211 0.051469 0.067984
0 0.547750 0.639391 0.045000 0.032656
0 0.556797 0.684141 0.071594 0.082781
0 0.838617 0.668781 0.087953 0.094625
1 0.841414 0.571344 0.059953 0.068875
0 0.797914 0.623250 0.024891 0.074000
0 0.624867 0.294930 0.026891 0.064203
1 0.631820 0.225047 0.034266 0.044688
1 0.464453 0.196063 0.019375 0.037656
0 0.379148 0.315281 0.065141 0.043750
