0 0.445242 0.346805 0.032359 0.076703
1 0.417969 0.276078 0.037656 0.049375
1 0.536852 0.335344 0.025016 0.044531
2 0.383172 0.230109 0.045469 0.101563
0 0.384141 0.243336 0.042875 0.046828
0 0.291586 0.679961 0.054391 0.161453
1 0.259078 0.505398 0.069250 0.101078
0 0.211352 0.527297 0.056891 0.077687
1 0.196523 0.416633 0.056266 0.083609
1 0.234359 0.358594 0.034844 0.052344
2 0.381594 0.355906 0.033781 0.128500
2 0.426891 0.341430 0.068875 0.180578
2 0.535820 0.373492 0.066391 0.119891
2 0.241109 0.398977 0.057594 0.131953
2 0.192469 0.511617 0.096844 0.273484
2 0.155469 0.429648 0.074656 0.241953
0 0.256656 0.447328 0.065156 0.036563
0 0.520852 0.387266 0.036578 0.046094
0 0.144742 0.461672 0.031391 0.077813
1 0.143672 0.348000 0.049344 0.077438
2 0.274938 0.597328 0.100500 0.285656
1 0.391875 0.196211 0.009531 0.033922
