2 0.707062 0.333180 0.073813 0.151766
2 0.274789 0.650023 0.114047 0.199391
2 0.175852 0.641312 0.083141 0.194031
0 0.928883 0.514219 0.032641 0.071625
2 0.955836 0.511570 0.088328 0.151578
1 0.186672 0.581328 0.061906 0.073281
1 0.279141 0.588641 0.051875 0.078031
0 0.317828 0.693211 0.026281 0.112859
0 0.181797 0.721156 0.068937 0.142687
1 0.571922 0.301828 0.055156 0.057656
1 0.719547 0.282906 0.048469 0.051406
1 0.974477 0.464172 0.044422 0.056344
0 0.963930 0.548617 0.072141 0.078391
0 0.555984 0.422813 0.028844 0.131219
0 0.750422 0.336531 0.031250 0.062031
0 0.689031 0.375984 0.027625 0.104594
2 0.560633 0.369711 0.078641 0.194453
