2 0.812312 0.301547 0.056219 0.196281
2 0.755164 0.343789 0.070328 0.175859
2 0.595102 0.447687 0.096516 0.125562
2 0.670164 0.202969 0.050547 0.124062
1 0.675055 0.163234 0.024078 0.044531
2 0.345531 0.191906 0.014875 0.075094
1 0.342148 0.173687 0.009828 0.037844
0 0.750180 0.384219 0.027078 0.095406
0 0.776203 0.384781 0.027594 0.094469
0 0.824500 0.348734 0.030875 0.133844
1 0.813992 0.229211 0.038766 0.051266
1 0.768055 0.281250 0.041266 0.051250
0 0.559281 0.463203 0.024906 0.077656
0 0.601859 0.462750 0.061594 0.094500
1 0.594773 0.410680 0.046109 0.051453
