2 0.173648 0.332516 0.060797 0.115094
1 0.553844 0.860016 0.077031 0.104969
0 0.621250 0.936500 0.062281 0.127000
2 0.572797 0.903633 0.162094 0.192734
0 0.600836 0.861406 0.019172 0.022063
0 0.271937 0.751281 0.065813 0.145812
1 0.228367 0.582953 0.072828 0.100250
0 0.182125 0.513242 0.044219 0.128828
1 0.113789 0.376500 0.051547 0.071625
2 0.126961 0.465625 0.125609 0.249656
0 0.080383 0.493906 0.030016 0.082781
0 0.325703 0.392742 0.021062 0.059047
1 0.293859 0.299648 0.037250 0.051703
1 0.163008 0.295703 0.036734 0.040156
0 0.188406 0.363727 0.083187 0.051172
0 0.246102 0.421250 0.018141 0.102188
2 0.286977 0.379930 0.098109 0.212016
0 0.187117 0.331375 0.022047 0.032031
1 0.099961 0.329758 0.054797 0.061234
2 0.087148 0.393516 0.079703 0.189500
0 0.440383 0.524750 0.021953 0.107344
1 0.476000 0.395016 0.042063 0.054813
0 0.559570 0.484602 0.040703 0.105953
2 0.258141 0.678937 0.131375 0.292875
1 0.521328 0.378391 0.057156 0.056844
1 0.557992 0.334437 0.034547 0.045781
0 0.453398 0.356773 0.089578 0.084891
2 0.516344 0.443969 0.126469 0.185688
2 0.556898 0.370938 0.037078 0.119438
2 0.474758 0.472266 0.090266 0.209062
0 0.495672 0.213750 0.040625 0.053438
1 0.491086 0.158930 0.019391 0.041891
2 0.495750 0.204086 0.039938 0.133203
