0 0.498289 0.242109 0.026891 0.042813
2 0.581781 0.387891 0.048500 0.120969
2 0.644648 0.276727 0.045422 0.127953
1 0.652969 0.237016 0.026562 0.048438
0 0.650984 0.325734 0.032219 0.102688
1 0.590062 0.351820 0.031594 0.048734
0 0.558687 0.421680 0.042875 0.055016
0 0.510594 0.354930 0.038500 0.090359
0 0.376898 0.306000 0.047984 0.038594
0 0.367758 0.318813 0.073453 0.039219
1 0.329313 0.264094 0.034062 0.047969
1 0.302828 0.287453 0.037969 0.050000
1 0.236680 0.359109 0.053328 0.069063
0 0.256383 0.500227 0.056266 0.137672
2 0.040906 0.376164 0.081812 0.203859
1 0.015555 0.299992 0.031109 0.051891
0 0.052773 0.408211 0.057734 0.130641
1 0.505633 0.584461 0.046328 0.076797
0 0.822508 0.617805 0.082328 0.074484
0 0.465359 0.443195 0.013375 0.044641
2 0.836477 0.590125 0.112016 0.185094
1 0.856437 0.528445 0.062375 0.060859
1 0.492602 0.295805 0.038359 0.066078
2 0.496750 0.364156 0.066219 0.202812
0 0.585805 0.701664 0.130234 0.060766
0 0.546156 0.645187 0.045312 0.034844
2 0.247102 0.440367 0.074484 0.231266
2 0.338461 0.288945 0.052516 0.098672
2 0.320234 0.360969 0.099844 0.197000
0 0.354508 0.350148 0.030891 0.050172
2 0.492883 0.660977 0.106891 0.230922
2 0.484398 0.240398 0.054703 0.111172
1 0.483727 0.203797 0.020172 0.037344
0 0.463687 0.265328 0.012906 0.070563
