0 0.319055 0.717680 0.089234 0.081516
1 0.654141 0.246688 0.034219 0.045625
0 0.622875 0.335500 0.021031 0.049625
0 0.631117 0.344930 0.043984 0.095359
2 0.940625 0.573680 0.103937 0.306266
1 0.924867 0.465273 0.072828 0.090172
0 0.879289 0.628461 0.113359 0.176703
2 0.279586 0.663258 0.123172 0.235047
0 0.680281 0.253641 0.021094 0.044531
0 0.320695 0.678695 0.067984 0.041203
1 0.256562 0.586102 0.067750 0.079359
2 0.674602 0.249250 0.035547 0.142750
2 0.536602 0.445937 0.077578 0.138750
0 0.524664 0.517539 0.053109 0.132422
0 0.563992 0.461641 0.021047 0.072687
1 0.540375 0.407758 0.031250 0.063234
2 0.452391 0.243984 0.024719 0.105156
1 0.451180 0.212664 0.018984 0.042172
2 0.649359 0.296766 0.045969 0.146031
1 0.670086 0.200531 0.026266 0.045156
