0 0.511375 0.747289 0.100281 0.095734
1 0.477531 0.649992 0.072813 0.079078
1 0.179734 0.820984 0.113438 0.137062
1 0.195008 0.620109 0.089578 0.114469
2 0.787820 0.500570 0.112516 0.230734
1 0.008227 0.373961 0.016453 0.066734
2 0.033391 0.433297 0.066781 0.186188
0 0.548758 0.359812 0.043391 0.059438
2 0.391688 0.355469 0.054312 0.126875
0 0.418820 0.368633 0.039828 0.057578
1 0.404133 0.310078 0.028266 0.036719
1 0.497938 0.295234 0.030312 0.041094
0 0.823430 0.567289 0.044766 0.165609
1 0.798406 0.423172 0.051031 0.074281
2 0.506898 0.345164 0.091047 0.142234
0 0.467250 0.411031 0.030031 0.129813
2 0.467648 0.709391 0.092578 0.200906
2 0.510547 0.900211 0.170719 0.199578
2 0.181508 0.877266 0.191109 0.245469
2 0.218086 0.719773 0.163703 0.316391
2 0.478625 0.203180 0.033406 0.092922
0 0.486125 0.227297 0.018594 0.041031
1 0.476172 0.175289 0.027031 0.036922
1 0.545656 0.883258 0.100844 0.165672
0 0.465070 0.940992 0.081172 0.118016
0 0.217281 0.789781 0.162375 0.112844
0 0.744109 0.525406 0.025625 0.137000
0 0.250711 0.765305 0.062328 0.227203
0 0.529094 0.747500 0.063375 0.086563
