2 0.908203 0.320312 0.072656 0.196875
1 0.715859 0.335938 0.041719 0.068750
2 0.415625 0.474375 0.150000 0.273125
1 0.397500 0.372656 0.049375 0.070312
1 0.588320 0.167625 0.021484 0.033719
0 0.746484 0.344922 0.046094 0.086719
0 0.903516 0.350781 0.057031 0.079687
0 0.585258 0.235945 0.020828 0.078453
2 0.584195 0.202906 0.030734 0.104281
2 0.707812 0.404297 0.090625 0.208594
0 0.680078 0.456641 0.047656 0.141406
1 0.916797 0.251953 0.041406 0.060156
0 0.361328 0.516016 0.044531 0.153906
0 0.468750 0.518359 0.053125 0.186719
