1 0.379984 0.316719 0.043281 0.046094
2 0.520500 0.668187 0.108656 0.193938
2 0.830539 0.627836 0.114391 0.178266
0 0.405984 0.373609 0.021563 0.070187
0 0.815539 0.670719 0.139828 0.091094
0 0.767922 0.620859 0.088094 0.082094
1 0.847586 0.575688 0.062984 0.072719
0 0.618047 0.704578 0.152250 0.061000
0 0.575688 0.641406 0.058844 0.034844
2 0.339820 0.954398 0.101922 0.091203
0 0.362063 0.384648 0.037531 0.072359
2 0.380117 0.356352 0.073109 0.128203
1 0.547906 0.611023 0.049344 0.075391
1 0.339641 0.954328 0.102625 0.091344
2 0.601289 0.255844 0.046859 0.113594
0 0.617523 0.273109 0.011766 0.046281
0 0.601344 0.283422 0.031813 0.056406
1 0.597727 0.219328 0.037266 0.039969
