0 0.873664 0.474070 0.022797 0.057391
0 0.912078 0.490273 0.066656 0.108172
2 0.275062 0.670141 0.109969 0.227937
2 0.184156 0.625461 0.094125 0.205578
0 0.203398 0.676719 0.037266 0.093531
0 0.316797 0.697562 0.026281 0.108469
1 0.286062 0.597398 0.049125 0.082016
1 0.203445 0.561016 0.055953 0.077656
2 0.483680 0.127258 0.035641 0.110141
1 0.491953 0.088078 0.019687 0.031094
2 0.619313 0.475648 0.119469 0.257141
1 0.933148 0.357422 0.051484 0.065062
0 0.850102 0.345422 0.033516 0.119281
0 0.794016 0.330461 0.031187 0.114672
0 0.666172 0.509164 0.024562 0.101797
0 0.575992 0.513578 0.033203 0.133625
1 0.624664 0.380391 0.040609 0.064969
2 0.826242 0.302367 0.089984 0.171109
2 0.916813 0.429133 0.090750 0.208328
1 0.852289 0.245500 0.037016 0.057625
