0 0.622352 0.936781 0.061203 0.126437
1 0.554039 0.861695 0.074953 0.110141
2 0.572500 0.903078 0.160500 0.193844
1 0.466391 0.409133 0.039531 0.066422
0 0.433961 0.542297 0.018859 0.109187
0 0.573805 0.483563 0.033922 0.108937
1 0.553250 0.376641 0.040656 0.069219
1 0.557133 0.330922 0.031109 0.039844
0 0.518922 0.363094 0.035594 0.015500
2 0.463492 0.215313 0.050234 0.131250
1 0.452898 0.170422 0.021547 0.041000
0 0.442977 0.219188 0.009234 0.042188
0 0.466781 0.218836 0.042312 0.048609
2 0.466828 0.486477 0.085469 0.219547
0 0.173344 0.359094 0.028313 0.044250
2 0.164430 0.329844 0.048922 0.105281
2 0.221750 0.385641 0.078281 0.219031
0 0.149141 0.392094 0.068719 0.068031
2 0.092289 0.342273 0.064641 0.177734
1 0.102500 0.283508 0.042063 0.058984
1 0.164422 0.297883 0.032187 0.041047
1 0.211320 0.308180 0.042359 0.063891
2 0.119148 0.461398 0.126641 0.246266
1 0.090625 0.373719 0.047938 0.070969
0 0.071820 0.500281 0.032484 0.080375
0 0.170023 0.498750 0.060703 0.145625
0 0.197563 0.440828 0.029344 0.132250
2 0.556297 0.359687 0.047406 0.097844
2 0.549977 0.435469 0.082109 0.186969
0 0.484063 0.377359 0.080250 0.095594
1 0.312336 0.876023 0.101672 0.151547
2 0.308977 0.899828 0.163578 0.200344
