2 0.947945 0.518172 0.104109 0.251406
2 0.662797 0.564312 0.118344 0.186156
2 0.279148 0.656844 0.116359 0.212813
2 0.403094 0.395094 0.069875 0.128375
0 0.113469 0.645883 0.083938 0.107297
0 0.148469 0.576539 0.055750 0.069109
2 0.142516 0.656422 0.103406 0.175906
0 0.937070 0.515359 0.063578 0.104344
0 0.984797 0.555703 0.030406 0.037656
2 0.886797 0.372250 0.155656 0.105813
2 0.724664 0.301852 0.084047 0.165047
0 0.427055 0.401734 0.019859 0.053437
0 0.851086 0.375648 0.085078 0.100266
0 0.688758 0.330398 0.039453 0.116766
0 0.601969 0.472695 0.027781 0.098484
0 0.704648 0.587516 0.032891 0.075469
1 0.987328 0.436539 0.025344 0.089953
1 0.939281 0.352672 0.048438 0.047812
1 0.744398 0.247367 0.032516 0.056078
1 0.636719 0.402094 0.038750 0.059687
1 0.407734 0.353875 0.045937 0.047188
1 0.664344 0.499086 0.052125 0.055297
1 0.121750 0.600758 0.060500 0.065359
0 0.415664 0.442508 0.063203 0.107172
0 0.325289 0.684633 0.023328 0.060578
0 0.752203 0.343875 0.027156 0.112094
2 0.636633 0.434141 0.097297 0.123906
1 0.276055 0.590797 0.061484 0.080219
