2 0.455656 0.206828 0.035531 0.140406
2 0.493141 0.189641 0.034750 0.148875
2 0.772641 0.358359 0.085219 0.160469
2 0.649117 0.268594 0.058547 0.160656
2 0.664477 0.189117 0.044766 0.101891
0 0.632875 0.214516 0.015313 0.023594
1 0.487383 0.137656 0.022984 0.043906
1 0.450977 0.160000 0.022047 0.047344
0 0.451984 0.240125 0.027687 0.027156
0 0.465836 0.235219 0.016578 0.082375
0 0.501125 0.224609 0.020156 0.101562
0 0.745484 0.368984 0.031562 0.064062
0 0.804523 0.386195 0.021203 0.053484
1 0.789031 0.304250 0.040313 0.052187
0 0.633086 0.297227 0.026609 0.084297
0 0.661156 0.301609 0.034563 0.095125
1 0.653156 0.212477 0.031656 0.048984
1 0.654586 0.159688 0.024766 0.043938
