0 0.320141 0.707023 0.030781 0.077109
2 0.899938 0.625172 0.135875 0.289750
1 0.931461 0.524953 0.056703 0.089781
0 0.181781 0.719391 0.070500 0.147156
1 0.293008 0.591406 0.062922 0.065625
2 0.168367 0.637836 0.075328 0.201734
2 0.280992 0.661523 0.110672 0.204359
0 0.608586 0.289789 0.016016 0.103547
0 0.664992 0.263789 0.039953 0.073766
1 0.645148 0.196680 0.032453 0.046891
1 0.607414 0.203555 0.035984 0.050203
1 0.176055 0.575664 0.059453 0.075047
2 0.593641 0.260039 0.063438 0.163984
2 0.636289 0.237398 0.050984 0.128328
