2 0.281687 0.296539 0.042500 0.149109
2 0.354219 0.266961 0.037625 0.158047
0 0.362781 0.301938 0.025125 0.087063
2 0.626367 0.291195 0.043203 0.156016
2 0.468547 0.235852 0.047094 0.116109
1 0.461695 0.196266 0.020484 0.037656
1 0.621250 0.233727 0.032031 0.040297
2 0.570914 0.385625 0.049266 0.117500
2 0.498148 0.669070 0.124047 0.212047
2 0.839195 0.639023 0.105484 0.160703
1 0.859789 0.595281 0.064609 0.071781
0 0.856062 0.668727 0.059062 0.100672
2 0.539852 0.414789 0.052266 0.058297
1 0.580523 0.351297 0.029734 0.047875
0 0.626219 0.304055 0.042469 0.069016
0 0.468297 0.247438 0.040594 0.054187
0 0.201078 0.432383 0.050875 0.121172
1 0.504789 0.602719 0.078547 0.080406
0 0.559883 0.647312 0.063297 0.035781
0 0.563555 0.696617 0.096234 0.083266
1 0.321063 0.275563 0.035781 0.059062
0 0.361391 0.371211 0.025719 0.081203
1 0.175867 0.312656 0.050422 0.064375
0 0.280750 0.376094 0.022656 0.087500
1 0.362172 0.213805 0.020156 0.051703
1 0.283820 0.248266 0.035328 0.051281
2 0.184750 0.386328 0.069000 0.212969
2 0.322422 0.357789 0.107094 0.223797
