1 0.730102 0.224570 0.037234 0.050609
1 0.013062 0.383539 0.026125 0.082203
2 0.928813 0.709789 0.142375 0.311234
2 0.695406 0.869008 0.187000 0.261984
2 0.044531 0.464359 0.089063 0.244906
2 0.965719 0.358570 0.068562 0.224328
2 0.736203 0.283883 0.057031 0.172922
0 0.079109 0.492148 0.053781 0.170078
0 0.742102 0.326047 0.038234 0.111781
0 0.757945 0.337711 0.011609 0.083922
0 0.977414 0.410141 0.045172 0.173687
0 0.879570 0.747352 0.045047 0.134141
1 0.731086 0.822078 0.106891 0.162219
1 0.969289 0.611469 0.061422 0.112469
1 0.965953 0.281883 0.043281 0.066078
