0 0.065586 0.227867 0.063297 0.049547
0 0.214578 0.363422 0.027188 0.031875
0 0.208664 0.408547 0.041828 0.049125
0 0.852195 0.633898 0.066797 0.106578
0 0.810125 0.607141 0.053063 0.098219
1 0.864680 0.571266 0.060766 0.074344
1 0.542570 0.601672 0.051828 0.084000
2 0.550437 0.378219 0.054750 0.120438
2 0.623516 0.264070 0.049406 0.128141
1 0.626102 0.222813 0.030328 0.045469
0 0.637031 0.279602 0.022031 0.054547
1 0.548016 0.340922 0.030469 0.045937
0 0.525750 0.380375 0.030625 0.012656
0 0.526898 0.402164 0.065953 0.053172
0 0.548750 0.750828 0.036219 0.172094
0 0.458055 0.652555 0.064047 0.069891
1 0.248773 0.396727 0.050828 0.073203
2 0.057031 0.483773 0.106250 0.205266
2 0.028875 0.332320 0.057750 0.172078
2 0.027758 0.257148 0.055516 0.150703
1 0.205039 0.338430 0.030734 0.055328
0 0.226914 0.537727 0.035359 0.124203
0 0.110875 0.531328 0.069000 0.110469
1 0.034656 0.419258 0.063531 0.075172
1 0.018234 0.271914 0.036469 0.052078
1 0.011156 0.207250 0.022312 0.049719
2 0.839602 0.610719 0.111734 0.153250
2 0.510773 0.666656 0.138891 0.212938
2 0.263445 0.486469 0.107484 0.251125
2 0.206133 0.372289 0.047984 0.123078
