0 0.177133 0.497664 0.059266 0.048109
0 0.208055 0.632922 0.034703 0.154906
2 0.234813 0.540469 0.104125 0.262500
0 0.323437 0.419984 0.047656 0.113437
0 0.306594 0.391953 0.014000 0.049156
1 0.339461 0.287219 0.042203 0.063125
2 0.333359 0.368328 0.068281 0.225344
0 0.521141 0.392563 0.039531 0.047656
1 0.548797 0.345062 0.029219 0.043906
2 0.534594 0.381117 0.067000 0.116328
0 0.451242 0.667195 0.068047 0.069672
0 0.566633 0.675672 0.040516 0.101594
1 0.543469 0.612500 0.049437 0.082500
2 0.515086 0.669672 0.145484 0.197625
0 0.633344 0.277258 0.022688 0.054609
1 0.623547 0.219797 0.024531 0.041406
2 0.621891 0.256750 0.045812 0.115281
1 0.862953 0.582672 0.066406 0.055969
0 0.802359 0.599930 0.061344 0.076203
0 0.854086 0.649180 0.065984 0.090078
2 0.833625 0.624445 0.124750 0.139859
0 0.220188 0.404406 0.047812 0.043906
2 0.199773 0.371711 0.051797 0.110047
0 0.065242 0.226664 0.064516 0.050297
1 0.011492 0.209359 0.022984 0.052562
2 0.027023 0.265570 0.054047 0.164953
1 0.195336 0.334750 0.037984 0.035937
1 0.211695 0.449617 0.056609 0.079953
