0 0.384687 0.391328 0.056250 0.060469
2 0.384531 0.365570 0.063437 0.117609
0 0.180188 0.347484 0.021625 0.068156
0 0.201938 0.345680 0.029094 0.041391
0 0.406562 0.372656 0.018750 0.054688
1 0.378453 0.330141 0.035031 0.045344
2 0.508648 0.243734 0.066016 0.064094
1 0.159430 0.309797 0.027359 0.033844
2 0.828461 0.612414 0.132391 0.179234
1 0.527250 0.231117 0.029125 0.037766
0 0.497312 0.264617 0.030219 0.022234
0 0.766078 0.613211 0.087625 0.076391
0 0.828367 0.662266 0.131422 0.078906
1 0.852523 0.559281 0.055516 0.072063
2 0.477594 0.690312 0.099500 0.227813
0 0.503164 0.734164 0.049484 0.084172
1 0.487930 0.613625 0.076484 0.076094
2 0.189930 0.311727 0.088109 0.066859
