2 0.560844 0.188328 0.052688 0.124375
2 0.551688 0.292219 0.068250 0.186563
1 0.669750 0.245828 0.040562 0.055062
0 0.543922 0.287117 0.050781 0.061641
0 0.094172 0.263336 0.015594 0.076828
2 0.073586 0.201594 0.058578 0.182344
2 0.149523 0.188219 0.047672 0.119312
1 0.073695 0.133273 0.026703 0.045516
2 0.281055 0.676437 0.108984 0.228625
2 0.164711 0.638250 0.091328 0.198688
1 0.179352 0.576156 0.060047 0.074688
1 0.299312 0.600906 0.056219 0.078281
2 0.657227 0.301906 0.066422 0.166875
0 0.717211 0.656883 0.090766 0.114109
0 0.842859 0.707258 0.051031 0.172953
1 0.823258 0.546992 0.056453 0.095891
2 0.803273 0.646437 0.150328 0.295875
0 0.321117 0.712273 0.027453 0.072109
0 0.682242 0.348281 0.033078 0.113500
0 0.180305 0.724414 0.069984 0.138672
1 0.547789 0.221891 0.025797 0.045312
0 0.574109 0.208492 0.026938 0.059141
1 0.554453 0.149734 0.024063 0.047500
1 0.141367 0.157938 0.030953 0.058750
0 0.577523 0.310570 0.015703 0.083672
