0 0.105445 0.361609 0.031203 0.054594
2 0.075937 0.352602 0.074750 0.194703
2 0.076430 0.297648 0.063641 0.183609
2 0.200414 0.433406 0.082891 0.233594
2 0.232414 0.415172 0.053672 0.145625
2 0.165883 0.325672 0.036484 0.093281
2 0.307594 0.228609 0.051719 0.138750
0 0.080664 0.392133 0.058578 0.130172
0 0.231516 0.474625 0.104500 0.106719
0 0.253734 0.441031 0.069063 0.064375
1 0.184781 0.349484 0.050687 0.064781
1 0.218344 0.365328 0.025562 0.046437
0 0.459414 0.403148 0.027172 0.125891
1 0.487414 0.478539 0.054047 0.073641
0 0.529453 0.552102 0.040094 0.107609
0 0.546047 0.382781 0.061563 0.041406
1 0.593602 0.345758 0.032703 0.043609
0 0.621500 0.311703 0.022969 0.061031
0 0.411109 0.291523 0.046531 0.087828
0 0.291508 0.271539 0.019891 0.108016
0 0.336844 0.254656 0.024313 0.086594
1 0.303437 0.182852 0.028125 0.047328
1 0.421375 0.280055 0.033594 0.048234
1 0.602773 0.238625 0.028984 0.049000
0 0.662195 0.497203 0.023953 0.081937
0 0.719875 0.523398 0.039750 0.122516
1 0.696484 0.394984 0.049375 0.072313
2 0.694883 0.474641 0.089359 0.232281
2 0.493766 0.584703 0.113531 0.283844
0 0.567195 0.414445 0.057797 0.071641
2 0.584352 0.380633 0.050891 0.113953
2 0.602625 0.287320 0.062188 0.145672
2 0.430484 0.363125 0.085281 0.216250
1 0.166016 0.303031 0.036531 0.049000
1 0.061281 0.279148 0.045500 0.047922
1 0.064313 0.230383 0.038969 0.048172
