1 0.461594 0.194484 0.021250 0.036719
0 0.452281 0.261297 0.023719 0.066813
0 0.476766 0.256016 0.027844 0.075656
1 0.671055 0.254414 0.036891 0.053578
0 0.695922 0.380102 0.026750 0.128641
0 0.641984 0.373141 0.020406 0.140687
1 0.585289 0.349773 0.031516 0.047828
2 0.456594 0.687203 0.085438 0.239125
0 0.495016 0.751656 0.078187 0.112156
1 0.457102 0.602672 0.078078 0.069563
0 0.507031 0.651586 0.040781 0.043266
0 0.374992 0.471867 0.047203 0.114891
1 0.358812 0.343133 0.044563 0.067984
2 0.034914 0.404781 0.069828 0.152344
0 0.041867 0.409133 0.041578 0.115609
2 0.647836 0.261750 0.028766 0.077438
1 0.646734 0.243781 0.019625 0.040938
0 0.652703 0.232570 0.038406 0.035328
2 0.889539 0.529594 0.121234 0.161656
1 0.924367 0.487734 0.049516 0.076781
0 0.862227 0.610773 0.034766 0.154453
2 0.669117 0.336195 0.076422 0.215953
2 0.465320 0.240789 0.049141 0.129734
2 0.576742 0.385430 0.049078 0.118641
0 0.556227 0.416078 0.048609 0.057313
2 0.358812 0.419148 0.072656 0.220828
2 0.364734 0.285234 0.023719 0.074063
1 0.369703 0.271281 0.011094 0.046250
2 0.327898 0.324688 0.073422 0.157219
1 0.348539 0.270539 0.032141 0.048297
