0 0.642102 0.207219 0.033578 0.057625
1 0.834102 0.583727 0.056109 0.073047
0 0.847250 0.659469 0.088969 0.108875
0 0.778242 0.628492 0.052953 0.106266
2 0.822484 0.630883 0.139719 0.167422
0 0.540711 0.695148 0.116016 0.073797
0 0.540031 0.658102 0.081875 0.036734
1 0.478297 0.602062 0.077250 0.073594
2 0.475758 0.678211 0.105359 0.225859
1 0.583492 0.814922 0.069016 0.125656
2 0.581461 0.875859 0.141672 0.248281
2 0.163164 0.511062 0.091922 0.262219
2 0.219687 0.427852 0.101625 0.230516
2 0.029273 0.268031 0.058547 0.167187
1 0.013375 0.209328 0.026750 0.048531
0 0.069508 0.225852 0.058359 0.051453
1 0.193797 0.347234 0.049219 0.070625
1 0.152977 0.418727 0.065047 0.079484
0 0.272500 0.448820 0.036469 0.122109
0 0.174500 0.550836 0.094219 0.104984
2 0.546016 0.400320 0.040375 0.049578
0 0.531047 0.393742 0.058125 0.038453
2 0.607391 0.274977 0.036125 0.145734
1 0.610320 0.223062 0.027828 0.042188
0 0.617633 0.284117 0.016641 0.058391
