0 0.255617 0.426852 0.044797 0.134422
1 0.293094 0.187500 0.027500 0.045469
1 0.359336 0.291820 0.037328 0.062984
1 0.586000 0.351547 0.033875 0.045250
0 0.554602 0.390422 0.034391 0.019219
0 0.546266 0.419391 0.067000 0.069875
2 0.578789 0.388477 0.048609 0.119609
0 0.614703 0.314891 0.023562 0.068562
1 0.603734 0.241859 0.033938 0.040750
0 0.506000 0.672500 0.064906 0.119406
0 0.502336 0.628266 0.028609 0.052875
1 0.464969 0.594539 0.065813 0.073516
0 0.742125 0.523188 0.081969 0.134875
0 0.715172 0.525656 0.025531 0.055719
1 0.764984 0.398320 0.049656 0.065266
2 0.758516 0.482344 0.073031 0.233187
0 0.346281 0.349242 0.047438 0.103859
0 0.416383 0.381773 0.007953 0.084266
2 0.371961 0.375906 0.098922 0.231000
2 0.606938 0.285086 0.040437 0.127953
2 0.472805 0.679148 0.109453 0.241891
0 0.333320 0.258477 0.020297 0.076766
0 0.288906 0.268031 0.040937 0.083312
2 0.302820 0.241141 0.067484 0.151781
1 0.013539 0.250891 0.027078 0.053656
0 0.180336 0.408648 0.022234 0.082328
0 0.154969 0.347281 0.028469 0.054594
2 0.162914 0.323383 0.044891 0.102266
2 0.217945 0.383969 0.096391 0.213000
0 0.082102 0.392383 0.063016 0.127109
0 0.030000 0.358109 0.045031 0.127531
2 0.076312 0.348078 0.075812 0.188219
2 0.027531 0.322961 0.055063 0.198047
1 0.199031 0.304836 0.045594 0.057891
1 0.159031 0.294055 0.031562 0.043109
1 0.059734 0.277969 0.043750 0.049844
