1 0.507609 0.382469 0.062375 0.064469
0 0.456031 0.405844 0.027375 0.134875
1 0.423352 0.278875 0.034672 0.055531
0 0.181047 0.333758 0.022000 0.069766
0 0.094703 0.324422 0.025594 0.077438
0 0.397266 0.313023 0.023906 0.075516
1 0.624383 0.232859 0.027828 0.046406
1 0.210367 0.321578 0.041859 0.064625
2 0.065070 0.349727 0.083484 0.191391
2 0.067617 0.288813 0.063359 0.159500
0 0.268813 0.444766 0.039656 0.055250
2 0.268805 0.444852 0.039953 0.055109
2 0.162492 0.322320 0.032797 0.089297
2 0.212945 0.391805 0.084734 0.205453
2 0.427391 0.362148 0.084625 0.221641
2 0.503883 0.446258 0.067078 0.190672
2 0.343023 0.232984 0.061672 0.160281
2 0.586641 0.390305 0.041406 0.139734
2 0.558281 0.410867 0.075000 0.191078
2 0.628219 0.296383 0.042469 0.173703
0 0.326172 0.261734 0.027187 0.101938
0 0.368477 0.246367 0.011641 0.084547
0 0.214453 0.355680 0.051094 0.088328
1 0.338859 0.175687 0.029531 0.045625
1 0.580625 0.342375 0.029219 0.043438
0 0.636875 0.304656 0.023719 0.073094
0 0.525172 0.465930 0.068594 0.070641
0 0.546469 0.434656 0.039750 0.042750
1 0.162547 0.298141 0.032344 0.041563
0 0.618336 0.405914 0.064609 0.071016
0 0.079711 0.395633 0.053953 0.126953
1 0.052617 0.233188 0.031734 0.048281
1 0.046055 0.277641 0.041109 0.047500
1 0.549602 0.347812 0.033141 0.065937
