1 0.596055 0.215641 0.027297 0.047906
2 0.596102 0.264961 0.058859 0.146953
2 0.682836 0.179750 0.038672 0.086812
2 0.914375 0.333531 0.091844 0.209781
2 0.675242 0.239000 0.041203 0.116500
0 0.777187 0.219680 0.017656 0.086797
2 0.794828 0.194625 0.050687 0.114531
0 0.578930 0.318562 0.024641 0.129937
0 0.620789 0.303156 0.009797 0.120406
0 0.668758 0.268656 0.056234 0.069062
0 0.952242 0.396945 0.026672 0.168359
0 0.866055 0.375570 0.033359 0.146609
1 0.678937 0.200531 0.032500 0.039062
1 0.676984 0.153430 0.021781 0.032359
1 0.929766 0.259398 0.044062 0.058641
1 0.796828 0.155562 0.016313 0.035562
