2 0.533242 0.204734 0.049578 0.097187
2 0.543758 0.269734 0.062891 0.144906
0 0.798797 0.384750 0.037906 0.126750
2 0.861953 0.339086 0.103000 0.161516
1 0.454328 0.206375 0.033406 0.049125
0 0.425281 0.226844 0.017375 0.027875
0 0.441445 0.299625 0.029484 0.075313
0 0.523289 0.277648 0.021766 0.050641
0 0.569047 0.320820 0.011844 0.092203
1 0.553086 0.216547 0.035266 0.038688
1 0.891195 0.289289 0.043703 0.060484
1 0.841938 0.272430 0.041000 0.062328
0 0.663547 0.293328 0.032937 0.077719
1 0.703344 0.209242 0.032969 0.057141
0 0.517367 0.225609 0.016766 0.055656
1 0.545312 0.178398 0.024437 0.044109
2 0.807930 0.330680 0.109047 0.179578
0 0.824461 0.349062 0.029984 0.088437
0 0.899805 0.396461 0.020984 0.133016
2 0.683938 0.262789 0.073219 0.165359
2 0.445992 0.259445 0.049766 0.155422
