1 0.272977 0.625391 0.072734 0.119656
0 0.353875 0.839750 0.047938 0.273938
0 0.204359 0.839922 0.040188 0.241375
1 0.467156 0.600461 0.059625 0.068391
0 0.500906 0.724117 0.052719 0.092391
0 0.677281 0.911789 0.043250 0.132672
1 0.634688 0.724688 0.066094 0.099406
0 0.218133 0.406602 0.044984 0.053547
0 0.236031 0.404312 0.025469 0.019844
1 0.196344 0.336969 0.035937 0.044687
2 0.202141 0.377758 0.047531 0.126359
0 0.558516 0.851633 0.014281 0.057953
0 0.555391 0.423469 0.066750 0.059937
2 0.120703 0.482898 0.112250 0.258266
0 0.083703 0.529562 0.037969 0.085406
0 0.169594 0.496617 0.014781 0.096453
1 0.588797 0.358117 0.028188 0.044078
2 0.474273 0.686227 0.108641 0.239297
1 0.044695 0.244133 0.040297 0.044328
1 0.013766 0.208859 0.027531 0.049156
2 0.020250 0.243672 0.040500 0.119875
2 0.046125 0.308594 0.092250 0.173500
2 0.581539 0.394453 0.043047 0.117094
2 0.280039 0.758656 0.192859 0.385187
2 0.625570 0.837523 0.148641 0.324953
2 0.832594 0.610914 0.110813 0.170828
0 0.822055 0.623914 0.089297 0.083734
0 0.838703 0.644711 0.086000 0.103391
1 0.852437 0.564930 0.069719 0.079516
2 0.697734 0.323211 0.067781 0.168516
1 0.695703 0.266242 0.030125 0.055766
0 0.680281 0.332789 0.033062 0.068266
0 0.705187 0.328711 0.053156 0.063203
0 0.064703 0.216891 0.070125 0.031062
0 0.080469 0.314898 0.023937 0.059453
0 0.010195 0.332055 0.020391 0.092328
1 0.097797 0.387562 0.052188 0.066875
