1 0.655102 0.235578 0.026578 0.051531
2 0.648664 0.281695 0.062109 0.144797
2 0.536102 0.445508 0.078766 0.137109
2 0.551547 0.286266 0.054219 0.159531
1 0.976453 0.481992 0.047094 0.099516
0 0.960742 0.568039 0.078516 0.169734
0 0.905187 0.625727 0.036406 0.046203
2 0.958117 0.581523 0.083766 0.298297
1 0.353750 0.565094 0.049875 0.071969
0 0.359961 0.692625 0.048891 0.089750
2 0.332352 0.653805 0.103703 0.249797
0 0.523742 0.515797 0.053141 0.140594
0 0.564164 0.465992 0.023578 0.081922
1 0.543484 0.404266 0.031875 0.054844
0 0.555195 0.289539 0.045203 0.061859
0 0.535578 0.299383 0.022250 0.051891
1 0.550250 0.234297 0.025000 0.055000
0 0.666664 0.324922 0.027141 0.105906
0 0.645602 0.297445 0.056172 0.068547
