0 0.516680 0.364352 0.032266 0.147703
1 0.832055 0.370281 0.064516 0.086188
0 0.260258 0.331172 0.102859 0.056625
1 0.301406 0.383156 0.061062 0.094375
0 0.239516 0.547625 0.034344 0.210844
0 0.343219 0.533523 0.057688 0.135797
1 0.188023 0.334672 0.040109 0.058969
1 0.461258 0.706250 0.089422 0.125625
0 0.394750 0.885969 0.047781 0.155875
0 0.765047 0.462719 0.043531 0.081219
1 0.551469 0.238945 0.050437 0.058234
0 0.820273 0.452781 0.070484 0.134125
2 0.285711 0.486727 0.125484 0.303734
2 0.200289 0.372125 0.088484 0.135750
0 0.544305 0.784008 0.053359 0.097641
2 0.547047 0.309859 0.094094 0.202219
2 0.470117 0.821094 0.198516 0.357812
2 0.809219 0.458719 0.114375 0.266937
0 0.200023 0.405578 0.088391 0.069969
