1 0.183211 0.582703 0.059484 0.073031
0 0.317914 0.693734 0.023266 0.113813
0 0.181141 0.727258 0.067656 0.129859
2 0.274008 0.649805 0.111078 0.203203
2 0.172531 0.642789 0.080313 0.193703
1 0.572914 0.190391 0.028766 0.048438
0 0.635000 0.266586 0.070875 0.080078
0 0.541984 0.300633 0.019219 0.126141
1 0.627211 0.196078 0.035484 0.042188
1 0.681742 0.180672 0.019078 0.038344
2 0.569219 0.258203 0.073750 0.183281
0 0.608539 0.295266 0.015234 0.041875
0 0.653805 0.246375 0.018891 0.077250
2 0.671281 0.223477 0.066938 0.124297
2 0.623586 0.245328 0.044047 0.141625
0 0.826734 0.280164 0.029750 0.088922
1 0.828180 0.201531 0.024234 0.032344
2 0.826984 0.254586 0.030781 0.140516
1 0.281898 0.587250 0.049016 0.076125
