2 0.447930 0.242547 0.077953 0.071469
1 0.435102 0.214234 0.029547 0.045000
1 0.418688 0.226969 0.019500 0.041719
0 0.466383 0.301922 0.027953 0.085531
0 0.436430 0.318609 0.048359 0.090500
0 0.578422 0.340867 0.026219 0.109203
0 0.622953 0.316172 0.014375 0.042813
1 0.612398 0.245047 0.037922 0.050000
1 0.750250 0.274781 0.036750 0.062187
1 0.838313 0.266180 0.037250 0.055141
0 0.840312 0.354781 0.051688 0.065125
0 0.787852 0.318172 0.010078 0.029812
0 0.769320 0.396914 0.037078 0.139922
2 0.822180 0.331523 0.087484 0.185391
2 0.745648 0.342562 0.084516 0.197688
2 0.601086 0.295422 0.062016 0.150281
2 0.446000 0.272477 0.069844 0.161609
0 0.406062 0.310609 0.027656 0.037656
