2 0.198016 0.619148 0.103969 0.200109
2 0.247492 0.917211 0.278672 0.165578
2 0.279766 0.659766 0.113906 0.225469
2 0.214914 0.413234 0.102297 0.184469
2 0.487813 0.272992 0.048750 0.160328
0 0.488570 0.320148 0.030359 0.098297
2 0.648609 0.228203 0.060906 0.151719
0 0.215602 0.550125 0.069234 0.075375
2 0.673406 0.418383 0.098688 0.226109
1 0.213625 0.354367 0.047063 0.065953
0 0.254391 0.425375 0.023031 0.105219
0 0.202180 0.451297 0.076016 0.100375
1 0.284016 0.588805 0.063187 0.083578
0 0.323594 0.693297 0.024375 0.062500
0 0.193969 0.697578 0.053906 0.176719
2 0.828477 0.461523 0.135328 0.234328
2 0.847328 0.341438 0.093000 0.140875
1 0.870008 0.301078 0.047766 0.060156
0 0.349219 0.930680 0.075844 0.138641
1 0.186109 0.553320 0.057531 0.068359
0 0.396352 0.321188 0.058203 0.075781
1 0.432719 0.242547 0.038125 0.052656
1 0.485922 0.216547 0.042031 0.047531
1 0.664609 0.174156 0.028750 0.043437
0 0.667852 0.258313 0.021141 0.092437
1 0.672586 0.335945 0.046109 0.061078
0 0.622938 0.453219 0.039844 0.131719
0 0.707742 0.458852 0.029953 0.143984
0 0.774023 0.500031 0.047578 0.160875
0 0.856250 0.522516 0.078969 0.129875
1 0.857656 0.381711 0.054344 0.073641
1 0.175992 0.912195 0.135109 0.155984
2 0.433469 0.302391 0.061313 0.172563
