2 0.150016 0.658617 0.138094 0.178703
2 0.598312 0.615484 0.125688 0.189719
2 0.081336 0.372633 0.084641 0.285359
2 0.652133 0.577812 0.069859 0.211250
2 0.338000 0.519227 0.086344 0.241609
2 0.399125 0.400992 0.072875 0.140547
2 0.599430 0.300992 0.104109 0.068953
2 0.684688 0.304055 0.084312 0.162328
2 0.743148 0.302570 0.082016 0.163797
2 0.852016 0.294250 0.103313 0.145250
2 0.855648 0.355547 0.100547 0.176344
0 0.884922 0.341531 0.018156 0.056750
0 0.602305 0.339633 0.027453 0.054172
1 0.755148 0.244531 0.034547 0.047813
1 0.624977 0.552953 0.068484 0.064969
0 0.164047 0.636336 0.109406 0.140766
0 0.564984 0.666266 0.059344 0.086844
1 0.077344 0.271758 0.057156 0.085234
1 0.339297 0.443281 0.052500 0.088750
1 0.393211 0.355687 0.043297 0.049375
1 0.115148 0.600133 0.067984 0.062953
1 0.640414 0.500906 0.046891 0.057813
1 0.634258 0.296289 0.033141 0.036859
1 0.687438 0.248563 0.033125 0.051562
1 0.885188 0.247312 0.037187 0.050687
1 0.885578 0.297742 0.041125 0.060078
0 0.114414 0.419406 0.120578 0.137437
0 0.376141 0.573922 0.023469 0.091000
0 0.402820 0.444719 0.065266 0.101500
0 0.423914 0.429242 0.024078 0.095391
0 0.334961 0.585734 0.080453 0.110406
0 0.122055 0.565734 0.049297 0.027281
0 0.581953 0.327094 0.039813 0.093625
0 0.714156 0.317188 0.025563 0.065937
0 0.765320 0.353781 0.036859 0.116500
0 0.828992 0.402508 0.047141 0.134359
0 0.881875 0.395594 0.032500 0.114375
0 0.716805 0.332352 0.029047 0.104891
0 0.818516 0.328055 0.036500 0.109328
