0 0.505547 0.356312 0.031781 0.124562
2 0.468469 0.313938 0.085750 0.157281
2 0.447359 0.192758 0.049844 0.152141
2 0.598875 0.232695 0.033813 0.138359
2 0.506070 0.847211 0.133547 0.261297
1 0.501828 0.775500 0.069469 0.117687
1 0.441891 0.138117 0.024844 0.043141
0 0.433172 0.223844 0.021031 0.081531
0 0.476813 0.195664 0.025781 0.066484
1 0.598883 0.186344 0.033453 0.045000
0 0.599328 0.266883 0.030719 0.069922
1 0.472352 0.252344 0.032047 0.032656
2 0.204203 0.379437 0.083938 0.125063
0 0.204344 0.405312 0.083500 0.074063
0 0.241687 0.379984 0.032969 0.060781
1 0.203141 0.344320 0.034094 0.055422
2 0.024008 0.236461 0.048016 0.148047
1 0.012102 0.183438 0.024203 0.042188
