2 0.281328 0.754242 0.166125 0.171297
1 0.518328 0.311188 0.045531 0.057844
1 0.605938 0.221406 0.025188 0.045750
0 0.598453 0.283602 0.035813 0.060266
0 0.615625 0.273203 0.032938 0.052031
2 0.606625 0.256156 0.052156 0.115344
0 0.477094 0.374273 0.026937 0.054641
2 0.508711 0.369984 0.090859 0.174719
0 0.853148 0.682555 0.108453 0.086453
2 0.846828 0.648469 0.123969 0.154781
0 0.543219 0.416406 0.020812 0.122219
1 0.838859 0.614961 0.057250 0.085891
0 0.789367 0.642234 0.052547 0.079375
1 0.263883 0.711578 0.075391 0.083219
0 0.251008 0.805406 0.102859 0.068000
0 0.222375 0.783000 0.062687 0.034125
