1 0.663695 0.536945 0.055703 0.074766
2 0.272734 0.653352 0.110219 0.210484
2 0.873055 0.326531 0.127953 0.149750
2 0.634500 0.597594 0.120750 0.195406
0 0.617523 0.651688 0.086266 0.087250
0 0.181992 0.725961 0.069016 0.139016
2 0.633633 0.228758 0.064078 0.150922
0 0.652367 0.244703 0.026266 0.069656
0 0.626172 0.243820 0.042313 0.066422
0 0.915398 0.304203 0.042359 0.042188
0 0.825336 0.351102 0.045359 0.128109
2 0.932336 0.500852 0.096141 0.152047
0 0.899211 0.518633 0.029672 0.091484
0 0.940953 0.540156 0.078125 0.074062
1 0.950766 0.455789 0.035906 0.061828
1 0.903820 0.276648 0.045297 0.049578
1 0.641727 0.179375 0.025641 0.051563
0 0.315109 0.697500 0.025219 0.122187
2 0.177578 0.642367 0.084531 0.189953
1 0.187828 0.580539 0.063125 0.066734
1 0.274594 0.586852 0.052188 0.076297
