0 0.429305 0.345969 0.015766 0.058500
1 0.395203 0.258156 0.032844 0.054406
0 0.463813 0.203281 0.023531 0.058344
0 0.493250 0.232047 0.010125 0.077281
1 0.471219 0.166664 0.019875 0.040859
2 0.475344 0.211070 0.046188 0.129297
2 0.393641 0.338141 0.087312 0.214906
1 0.491883 0.398555 0.056172 0.068859
0 0.498273 0.489242 0.069047 0.075578
0 0.619906 0.465906 0.045375 0.071094
0 0.553664 0.464102 0.011953 0.076734
1 0.583859 0.385617 0.034125 0.069703
2 0.174195 0.337266 0.055391 0.117719
2 0.247102 0.378586 0.097047 0.199047
2 0.483477 0.466766 0.074484 0.205063
0 0.522320 0.480563 0.032391 0.035969
2 0.603609 0.282414 0.042406 0.124234
2 0.584086 0.344336 0.032297 0.036484
0 0.611250 0.312281 0.022500 0.064625
1 0.596633 0.242547 0.028766 0.043594
1 0.227422 0.308594 0.041719 0.059312
0 0.279141 0.431273 0.044156 0.125578
1 0.041195 0.236016 0.035266 0.043188
0 0.173148 0.356641 0.036797 0.042938
2 0.065445 0.340391 0.068359 0.182094
2 0.044797 0.300383 0.089594 0.172703
0 0.088609 0.318359 0.029812 0.081000
2 0.595633 0.438344 0.095547 0.174562
1 0.051844 0.273500 0.040625 0.049281
0 0.016578 0.317125 0.033156 0.090750
0 0.193352 0.361156 0.015422 0.055719
0 0.543812 0.377188 0.043125 0.021094
1 0.584047 0.344297 0.031719 0.035937
0 0.069219 0.383633 0.058719 0.126234
1 0.162969 0.299289 0.030937 0.041766
0 0.356664 0.338602 0.012891 0.049703
