1 0.350891 0.300125 0.040406 0.055937
2 0.329242 0.328539 0.082109 0.165922
2 0.363219 0.373688 0.078250 0.202219
2 0.477703 0.236664 0.046750 0.135109
0 0.456961 0.262062 0.009609 0.028125
2 0.639664 0.326734 0.051547 0.184750
2 0.596508 0.275711 0.064797 0.156703
2 0.562133 0.382000 0.058172 0.099250
2 0.412320 0.724406 0.134609 0.188687
1 0.384969 0.665109 0.079750 0.069281
0 0.439227 0.678164 0.037797 0.059953
0 0.452789 0.718016 0.054766 0.140906
2 0.833984 0.474867 0.110781 0.223547
1 0.845820 0.397641 0.042547 0.070094
0 0.809469 0.456078 0.049844 0.092531
0 0.869734 0.465219 0.038250 0.110813
1 0.632508 0.259938 0.027516 0.052344
1 0.579383 0.224000 0.028766 0.052969
1 0.469117 0.187906 0.029391 0.037187
0 0.474578 0.251523 0.033844 0.071891
0 0.633516 0.326102 0.039844 0.058547
0 0.594375 0.297812 0.032063 0.082250
1 0.576484 0.346609 0.028594 0.028594
0 0.535937 0.403523 0.032031 0.056078
0 0.545547 0.377594 0.016875 0.020437
0 0.393195 0.379891 0.017516 0.052969
1 0.348273 0.265125 0.044234 0.038750
2 0.034930 0.402477 0.069859 0.154266
0 0.039844 0.408375 0.039719 0.109094
