2 0.853703 0.271258 0.058000 0.113422
2 0.729453 0.763148 0.144000 0.295578
1 0.663828 0.194109 0.029844 0.030156
2 0.653906 0.219844 0.051000 0.090000
0 0.656789 0.252680 0.017641 0.023484
1 0.605375 0.253969 0.037312 0.061656
0 0.546172 0.343141 0.019937 0.136875
0 0.606852 0.344141 0.037234 0.089719
1 0.660875 0.382078 0.037500 0.055000
0 0.659695 0.468219 0.065766 0.092000
0 0.594500 0.425563 0.061688 0.062938
0 0.864820 0.325281 0.037453 0.101406
0 0.830484 0.271656 0.023906 0.031688
1 0.866555 0.236945 0.027859 0.043297
1 0.994836 0.481187 0.010328 0.046875
0 0.964047 0.530344 0.033719 0.060625
0 0.980117 0.571859 0.039766 0.020313
0 0.683523 0.819156 0.082141 0.180125
1 0.720688 0.677758 0.089219 0.119797
2 0.974297 0.520148 0.051406 0.124484
2 0.580922 0.305742 0.089250 0.166016
2 0.647398 0.422172 0.088484 0.134469
