1 0.162148 0.297078 0.029578 0.042063
2 0.143906 0.469578 0.142875 0.243969
2 0.075063 0.385367 0.109781 0.201766
2 0.069586 0.296211 0.077641 0.138203
2 0.139227 0.378891 0.124047 0.205969
2 0.169711 0.316922 0.043828 0.080906
2 0.230336 0.411734 0.078109 0.140594
2 0.486820 0.460781 0.078328 0.209031
2 0.547781 0.236219 0.048250 0.122031
2 0.631508 0.303594 0.052484 0.165312
2 0.591656 0.407438 0.065000 0.196062
0 0.531281 0.263070 0.014250 0.068516
0 0.185242 0.420930 0.031141 0.120953
0 0.043750 0.323109 0.024375 0.084594
0 0.101078 0.328141 0.048187 0.093531
0 0.090969 0.517664 0.036813 0.046859
0 0.033305 0.425156 0.027391 0.116187
0 0.189938 0.473172 0.046844 0.108875
0 0.214102 0.459680 0.028641 0.106891
0 0.470141 0.505250 0.033094 0.129563
0 0.604461 0.308297 0.014141 0.020469
0 0.603812 0.442141 0.038719 0.127563
0 0.645336 0.320750 0.023234 0.071500
0 0.551664 0.265047 0.040609 0.073406
1 0.544063 0.197984 0.027125 0.044125
1 0.622062 0.244898 0.033688 0.045422
1 0.583172 0.337469 0.036969 0.057438
1 0.477234 0.384750 0.049625 0.058000
1 0.089422 0.254484 0.037656 0.053437
1 0.068859 0.317477 0.040750 0.063297
1 0.121297 0.313016 0.040969 0.073094
1 0.204117 0.362797 0.026203 0.043750
1 0.094336 0.384406 0.047516 0.073156
