0 0.235789 0.373078 0.032766 0.070094
0 0.202453 0.408789 0.083312 0.067422
1 0.492625 0.275414 0.046781 0.064141
1 0.512289 0.139820 0.026703 0.044422
0 0.494289 0.411039 0.037328 0.154172
2 0.482117 0.355773 0.067109 0.225953
2 0.007500 0.317883 0.015000 0.079234
0 0.104117 0.472586 0.046516 0.128766
1 0.071938 0.324758 0.056375 0.081141
0 0.007383 0.317109 0.014766 0.077063
2 0.099383 0.409891 0.111266 0.253656
2 0.202719 0.380445 0.085375 0.124891
0 0.021758 0.431852 0.043516 0.153328
0 0.515641 0.210078 0.045000 0.071531
0 0.486758 0.228023 0.013391 0.025516
0 0.457992 0.392625 0.019109 0.138437
2 0.021797 0.432062 0.043594 0.151500
2 0.515938 0.181711 0.045594 0.128141
1 0.200687 0.344461 0.037437 0.053891
