1 0.199391 0.425047 0.065719 0.077312
1 0.734141 0.723594 0.078594 0.131250
2 0.460992 0.814188 0.179891 0.371625
0 0.367172 0.556766 0.033469 0.079281
2 0.329547 0.576750 0.114656 0.331375
2 0.219625 0.529406 0.127687 0.288062
2 0.199633 0.356312 0.086672 0.091125
0 0.731437 0.421469 0.032563 0.087375
0 0.787891 0.426469 0.072812 0.124562
1 0.788391 0.340117 0.053062 0.080391
0 0.384211 0.848930 0.027516 0.082297
0 0.528625 0.860695 0.046500 0.155172
1 0.453664 0.692063 0.088484 0.125563
0 0.361195 0.598328 0.080422 0.153031
1 0.354914 0.464961 0.062547 0.105391
0 0.243133 0.592289 0.076297 0.119484
2 0.733852 0.749766 0.079234 0.183344
2 0.770234 0.423656 0.110031 0.247375
0 0.263609 0.332891 0.093438 0.060812
1 0.186836 0.339570 0.037047 0.057422
