0 0.264453 0.264742 0.019844 0.035484
1 0.236563 0.226383 0.027813 0.047234
0 0.218055 0.309656 0.016859 0.105375
0 0.398133 0.359594 0.043953 0.070813
1 0.372648 0.323742 0.046578 0.048641
0 0.402297 0.345062 0.016469 0.054062
2 0.543414 0.232313 0.046016 0.097844
1 0.749375 0.635195 0.093687 0.097109
1 0.860148 0.599703 0.050828 0.084656
0 0.735805 0.787711 0.062734 0.127703
0 0.644305 0.690867 0.050359 0.080234
0 0.863625 0.697484 0.087156 0.102844
0 0.807945 0.646727 0.050266 0.118078
0 0.555320 0.256844 0.021547 0.047250
1 0.541578 0.201922 0.029687 0.037094
2 0.384391 0.361406 0.070688 0.123750
2 0.242344 0.258602 0.065969 0.110922
2 0.707383 0.718695 0.178516 0.265672
2 0.845016 0.646320 0.124969 0.179234
