2 0.081953 0.306078 0.084000 0.185656
0 0.083461 0.308937 0.086516 0.058969
0 0.115359 0.342000 0.021219 0.107250
1 0.213039 0.343508 0.043641 0.061328
1 0.162172 0.296719 0.029094 0.041625
1 0.071391 0.238563 0.032219 0.051063
1 0.052328 0.334430 0.053000 0.068016
0 0.064328 0.474156 0.078281 0.138250
0 0.257773 0.485352 0.038266 0.136484
1 0.487766 0.366094 0.036531 0.057844
0 0.617961 0.302539 0.018266 0.077641
1 0.584586 0.240656 0.026422 0.046250
1 0.544453 0.197141 0.026406 0.045312
0 0.552477 0.263359 0.042734 0.075188
0 0.531281 0.263156 0.013563 0.070406
0 0.544594 0.394273 0.021125 0.064641
0 0.588828 0.454641 0.039281 0.105281
1 0.592734 0.344859 0.034719 0.055156
0 0.534812 0.471320 0.015625 0.082672
0 0.161945 0.349109 0.025484 0.029406
1 0.184969 0.360344 0.029500 0.037219
2 0.168750 0.323711 0.043125 0.095578
0 0.164977 0.436484 0.017672 0.065250
2 0.207781 0.423438 0.104781 0.222813
2 0.489781 0.445906 0.084500 0.218125
2 0.593422 0.411656 0.060062 0.191000
2 0.596617 0.281023 0.061078 0.127266
2 0.549031 0.237594 0.048844 0.126375
2 0.185102 0.359797 0.029516 0.037031
2 0.070914 0.415078 0.090266 0.230156
