0 0.013945 0.383109 0.027891 0.095250
1 0.329773 0.415953 0.056391 0.099719
0 0.202945 0.405180 0.087859 0.069016
0 0.237922 0.365836 0.039688 0.063922
2 0.618852 0.341328 0.060516 0.220781
0 0.605344 0.398664 0.047562 0.145797
0 0.339266 0.566414 0.043438 0.117047
0 0.640531 0.389047 0.011688 0.138687
2 0.309383 0.506773 0.105391 0.283047
0 0.364906 0.574570 0.017188 0.036266
2 0.202500 0.376945 0.086969 0.126453
2 0.014227 0.393555 0.028453 0.116484
1 0.619125 0.266672 0.044562 0.069719
1 0.200266 0.341023 0.035219 0.055016
