1 0.580867 0.349766 0.026734 0.031562
0 0.818258 0.501891 0.040891 0.136219
0 0.909734 0.486844 0.088063 0.062563
0 0.040430 0.406016 0.040828 0.113125
0 0.282742 0.387008 0.063734 0.088547
0 0.262203 0.403375 0.091312 0.077312
0 0.358102 0.331750 0.038078 0.055250
1 0.347117 0.268187 0.032672 0.053125
0 0.546180 0.378750 0.021109 0.018906
0 0.539227 0.405195 0.040328 0.049609
1 0.882594 0.410281 0.050125 0.067281
0 0.613539 0.330359 0.052641 0.061813
0 0.599578 0.318883 0.021594 0.055016
0 0.545508 0.327656 0.018922 0.021406
1 0.569398 0.260156 0.025016 0.044531
1 0.622125 0.269914 0.034531 0.054234
2 0.035266 0.410375 0.070531 0.142313
2 0.265125 0.387133 0.098844 0.216047
2 0.318469 0.237125 0.037937 0.116062
2 0.335562 0.325328 0.084563 0.168406
2 0.581719 0.293828 0.057188 0.111344
2 0.633914 0.329469 0.058984 0.174375
2 0.564789 0.382125 0.058672 0.095969
1 0.316562 0.198703 0.034375 0.040156
0 0.330031 0.255102 0.014562 0.048391
1 0.244352 0.311070 0.046109 0.061609
2 0.413492 0.724805 0.135516 0.187578
1 0.384945 0.666984 0.078672 0.071188
0 0.439484 0.683211 0.039000 0.066703
0 0.455078 0.723789 0.052344 0.130984
2 0.876273 0.478273 0.156703 0.202828
