0 0.223750 0.396227 0.038719 0.052703
1 0.009320 0.270906 0.018641 0.057094
1 0.015703 0.207320 0.031406 0.046234
0 0.067352 0.227164 0.058297 0.046359
2 0.028984 0.261984 0.057969 0.154156
0 0.018250 0.384547 0.036500 0.103719
2 0.034266 0.356625 0.068531 0.227719
0 0.248742 0.395414 0.062891 0.176047
1 0.210586 0.445539 0.055953 0.078516
0 0.203898 0.615914 0.036359 0.166828
0 0.530781 0.624547 0.043156 0.120906
1 0.500555 0.585961 0.048172 0.083734
0 0.424336 0.654984 0.055922 0.078656
2 0.474711 0.666766 0.155984 0.244906
0 0.520562 0.407938 0.041312 0.055375
0 0.527062 0.378016 0.028281 0.015781
1 0.549203 0.343648 0.028469 0.046953
2 0.546086 0.380188 0.048609 0.119937
1 0.880641 0.559047 0.065969 0.064406
0 0.821117 0.581477 0.046609 0.074891
0 0.850961 0.623523 0.090109 0.120922
2 0.855539 0.618977 0.115891 0.184234
0 0.637727 0.281656 0.019703 0.052344
1 0.625102 0.221406 0.028141 0.042188
1 0.203523 0.333797 0.030016 0.048594
2 0.213516 0.373570 0.059219 0.128703
2 0.623469 0.269359 0.048781 0.139563
2 0.233453 0.536406 0.098156 0.260937
