1 0.020547 0.328742 0.041094 0.065328
1 0.095242 0.250781 0.037828 0.054375
1 0.162664 0.298352 0.029547 0.042672
1 0.077742 0.321164 0.041578 0.065484
1 0.165375 0.354930 0.047406 0.064828
1 0.195102 0.363742 0.036328 0.048641
1 0.583969 0.340500 0.048125 0.058906
1 0.487320 0.381070 0.039547 0.060672
1 0.592313 0.246000 0.026312 0.046781
1 0.544523 0.197828 0.027609 0.045344
0 0.621430 0.310758 0.018422 0.069953
0 0.560406 0.298586 0.035500 0.060547
0 0.552305 0.265523 0.040359 0.070578
0 0.531719 0.262305 0.014687 0.075047
0 0.582867 0.454555 0.044922 0.125047
0 0.222344 0.469758 0.034656 0.116734
0 0.120023 0.488492 0.046703 0.123016
0 0.248977 0.482062 0.038297 0.084938
0 0.115078 0.322383 0.018594 0.076422
0 0.052000 0.322352 0.026000 0.075953
0 0.128672 0.391773 0.017031 0.042828
0 0.532531 0.457594 0.021188 0.084500
2 0.599320 0.287555 0.063266 0.129984
2 0.548414 0.237586 0.049609 0.124547
2 0.495445 0.465336 0.097297 0.228484
2 0.223336 0.414695 0.093203 0.150609
2 0.167953 0.440562 0.142500 0.236125
2 0.097086 0.384969 0.080141 0.193812
2 0.046844 0.417523 0.093688 0.242016
2 0.579344 0.404711 0.056063 0.188641
2 0.169102 0.331703 0.041547 0.109031
2 0.082328 0.292180 0.085344 0.138141
