1 0.577797 0.172039 0.026938 0.045203
0 0.902477 0.417438 0.035328 0.086156
0 0.812797 0.379414 0.044563 0.112234
1 0.900695 0.315844 0.040953 0.057813
1 0.872656 0.290719 0.041281 0.058531
2 0.857062 0.299023 0.072594 0.075484
2 0.855984 0.377742 0.130750 0.181703
0 0.569063 0.254977 0.038000 0.091922
0 0.320297 0.685766 0.021969 0.065688
2 0.131125 0.645813 0.124750 0.201812
0 0.086023 0.577320 0.035203 0.064578
0 0.117141 0.638477 0.068719 0.129609
1 0.132250 0.603445 0.054406 0.076109
1 0.256297 0.587391 0.050719 0.079562
2 0.813891 0.773070 0.189937 0.380141
0 0.843055 0.717266 0.132453 0.242031
0 0.743250 0.737344 0.045500 0.092687
1 0.827672 0.645648 0.077125 0.125828
2 0.569625 0.401750 0.089938 0.195969
2 0.512859 0.349320 0.067125 0.174766
0 0.474148 0.374031 0.025359 0.116188
0 0.529945 0.384922 0.031234 0.118500
0 0.541109 0.378953 0.015000 0.034375
0 0.545992 0.441523 0.040453 0.116453
2 0.662883 0.425078 0.078422 0.243625
0 0.664133 0.490453 0.054578 0.151187
1 0.649750 0.343250 0.052062 0.079750
1 0.575930 0.330391 0.047203 0.053438
1 0.497500 0.292625 0.036250 0.062250
2 0.271898 0.658875 0.117547 0.223500
2 0.571820 0.222695 0.043859 0.146891
