1 0.495234 0.244594 0.038750 0.051719
0 0.495055 0.349695 0.026922 0.122484
0 0.576797 0.286031 0.022781 0.051344
0 0.632273 0.277891 0.010953 0.041250
2 0.601594 0.257461 0.073094 0.139078
2 0.480586 0.179695 0.059484 0.140078
2 0.202703 0.378406 0.081969 0.127656
0 0.202453 0.408039 0.081250 0.067359
0 0.239719 0.378969 0.029219 0.066406
1 0.203102 0.342187 0.033266 0.055625
2 0.503719 0.843367 0.128500 0.263266
1 0.513203 0.771352 0.073906 0.118578
1 0.481781 0.130492 0.025156 0.042047
0 0.458766 0.201703 0.016844 0.072031
0 0.502883 0.194516 0.013922 0.048594
1 0.603211 0.207578 0.031266 0.040625
2 0.474828 0.310602 0.080156 0.183234
