2 0.794547 0.338438 0.096344 0.190813
0 0.086437 0.283727 0.038719 0.055203
2 0.830250 0.658516 0.148750 0.267594
2 0.968273 0.542148 0.063453 0.145828
0 0.828102 0.379484 0.025484 0.119969
2 0.860805 0.324898 0.076484 0.159891
0 0.756242 0.346687 0.021016 0.084000
0 0.863367 0.731680 0.082984 0.120859
0 0.776984 0.647398 0.039719 0.118828
1 0.838016 0.586039 0.073125 0.122578
1 0.988773 0.491687 0.022453 0.046406
0 0.962328 0.598328 0.075344 0.065500
0 0.949508 0.564578 0.052047 0.109344
0 0.851922 0.371688 0.016969 0.067969
1 0.875828 0.275672 0.047031 0.061250
1 0.817859 0.270359 0.040469 0.053437
1 0.660602 0.183969 0.021891 0.038437
0 0.688688 0.257023 0.023875 0.073641
1 0.093539 0.221914 0.022297 0.056641
0 0.650422 0.224992 0.042969 0.024359
2 0.086102 0.256133 0.042734 0.125391
2 0.645617 0.206687 0.052484 0.085062
2 0.698867 0.238164 0.049922 0.063891
