0 0.314063 0.351742 0.032688 0.079641
0 0.390445 0.346641 0.034453 0.059219
1 0.168781 0.299766 0.041625 0.044219
0 0.194641 0.366531 0.067656 0.047250
2 0.035492 0.404070 0.070984 0.149328
0 0.040180 0.406445 0.041859 0.118172
2 0.173164 0.338305 0.051453 0.120422
2 0.324273 0.326961 0.062766 0.163109
2 0.352648 0.338945 0.109578 0.181797
2 0.879211 0.478656 0.161578 0.206219
2 0.558508 0.390375 0.059359 0.113688
2 0.667617 0.302477 0.053703 0.158297
2 0.592422 0.300758 0.065750 0.112484
1 0.598430 0.266156 0.027484 0.043281
1 0.889656 0.410391 0.053594 0.068594
0 0.819445 0.510188 0.042203 0.142500
0 0.918055 0.496102 0.084109 0.085328
2 0.415758 0.720773 0.144922 0.191578
1 0.383516 0.661648 0.080781 0.072203
0 0.455625 0.717812 0.058250 0.139688
0 0.441625 0.679453 0.048438 0.061719
1 0.674836 0.247547 0.032828 0.047812
0 0.558188 0.314602 0.043063 0.046516
0 0.656523 0.319750 0.054578 0.066500
0 0.536648 0.417531 0.054984 0.059312
1 0.574445 0.354406 0.026891 0.041250
0 0.606922 0.329188 0.036844 0.055125
1 0.342977 0.264016 0.024078 0.037812
1 0.360086 0.273703 0.031109 0.052500
