0 0.579766 0.349055 0.028562 0.078859
2 0.548633 0.300406 0.062797 0.101531
2 0.282469 0.250711 0.043906 0.151047
2 0.171508 0.338680 0.055109 0.120453
2 0.569633 0.371523 0.048953 0.120859
2 0.661937 0.369219 0.089875 0.170000
1 0.288359 0.196953 0.032000 0.043000
2 0.331719 0.330008 0.092188 0.158859
1 0.354898 0.278086 0.033703 0.054172
0 0.356828 0.331703 0.041750 0.057125
0 0.299977 0.266172 0.053484 0.063281
0 0.194125 0.364250 0.067250 0.052969
1 0.160680 0.299977 0.033266 0.042672
2 0.408375 0.719062 0.131531 0.186562
1 0.378766 0.661008 0.071688 0.070016
0 0.449195 0.746836 0.049016 0.087641
2 0.862695 0.472477 0.168359 0.212234
1 0.876727 0.399961 0.049984 0.067734
0 0.901367 0.477398 0.091641 0.079672
0 0.807539 0.471328 0.057422 0.082469
1 0.671203 0.314883 0.029281 0.061266
0 0.695977 0.369070 0.021484 0.061797
0 0.631570 0.364039 0.029828 0.071516
0 0.528273 0.317516 0.031484 0.053344
1 0.557000 0.334594 0.024063 0.046719
0 0.550141 0.324023 0.060031 0.053484
0 0.540086 0.381062 0.011516 0.016938
1 0.550625 0.272656 0.025250 0.046312
