1 0.658266 0.249109 0.035156 0.044687
2 0.485031 0.555172 0.151063 0.255906
2 0.535750 0.371063 0.070281 0.123813
0 0.518258 0.382078 0.035172 0.048656
1 0.541500 0.333109 0.033062 0.046906
2 0.554594 0.303734 0.062688 0.102375
0 0.571570 0.323305 0.029078 0.063078
1 0.551648 0.279266 0.028297 0.052188
2 0.301945 0.284898 0.051672 0.122703
2 0.403867 0.354734 0.097203 0.174594
1 0.403031 0.289656 0.026406 0.044531
0 0.350516 0.346672 0.055437 0.040094
2 0.238969 0.413250 0.072344 0.154125
1 0.228055 0.360063 0.045484 0.046437
0 0.225484 0.436664 0.045031 0.072609
0 0.262031 0.430492 0.025188 0.064141
1 0.298711 0.250906 0.031891 0.054688
0 0.326203 0.308016 0.022656 0.028281
0 0.320234 0.322016 0.052969 0.045469
1 0.488805 0.460984 0.054203 0.068344
0 0.536898 0.588086 0.045078 0.096328
0 0.428188 0.599680 0.037312 0.148141
1 0.260836 0.502078 0.066672 0.103031
0 0.212492 0.630953 0.025766 0.065281
0 0.319602 0.629391 0.048453 0.113687
2 0.192422 0.543086 0.107937 0.268203
0 0.203641 0.558250 0.084250 0.085375
1 0.173180 0.448750 0.069984 0.076250
2 0.655617 0.303266 0.076641 0.152219
0 0.679180 0.300109 0.031172 0.077281
2 0.272031 0.594844 0.145437 0.291563
