2 0.632133 0.326641 0.055203 0.168594
2 0.492383 0.670672 0.122328 0.226375
2 0.542758 0.363000 0.065828 0.097906
2 0.467039 0.229492 0.038109 0.134391
2 0.822836 0.599219 0.122609 0.171562
1 0.266469 0.384531 0.046250 0.076563
1 0.244594 0.287172 0.034375 0.062500
1 0.381555 0.356711 0.045328 0.066891
1 0.496188 0.593703 0.061906 0.071281
0 0.548641 0.670516 0.061031 0.097656
0 0.549180 0.635062 0.062203 0.040938
0 0.833977 0.645344 0.099453 0.079000
0 0.781469 0.606695 0.040813 0.052703
1 0.833461 0.550195 0.062547 0.075297
0 0.364336 0.499062 0.053797 0.153437
0 0.131273 0.534172 0.080391 0.133219
0 0.234672 0.498828 0.027156 0.066406
0 0.208000 0.366180 0.017437 0.056203
0 0.419328 0.467344 0.027187 0.085969
0 0.524852 0.387180 0.029422 0.049203
1 0.559469 0.337203 0.031719 0.046094
2 0.374000 0.441586 0.077062 0.234297
1 0.098336 0.400367 0.063641 0.074578
2 0.239758 0.355867 0.081766 0.199609
0 0.629984 0.323437 0.035313 0.057094
1 0.618617 0.264703 0.027516 0.044844
0 0.472727 0.257445 0.017891 0.078859
1 0.469469 0.179125 0.032969 0.033125
0 0.333375 0.493797 0.029875 0.088094
0 0.041281 0.351273 0.037250 0.119641
2 0.029852 0.346867 0.059703 0.127984
0 0.164313 0.543078 0.028062 0.065094
2 0.119000 0.482203 0.108000 0.240281
2 0.285594 0.496563 0.127656 0.298438
