0 0.544758 0.439086 0.042672 0.055266
2 0.567070 0.223898 0.051516 0.124703
0 0.533734 0.247898 0.030750 0.056266
0 0.573859 0.255375 0.036969 0.066250
1 0.562195 0.184156 0.025953 0.043906
2 0.592406 0.419094 0.069313 0.178156
1 0.593977 0.359945 0.048953 0.058234
2 0.551695 0.369391 0.043109 0.118094
2 0.471625 0.393539 0.067562 0.167297
2 0.412461 0.447609 0.132391 0.187594
2 0.161625 0.323828 0.034594 0.096094
2 0.205523 0.414586 0.114484 0.212703
2 0.092633 0.463070 0.147547 0.254484
0 0.128547 0.631992 0.024969 0.132578
2 0.194633 0.567414 0.159797 0.288609
2 0.578633 0.903914 0.166109 0.192172
1 0.556344 0.863328 0.079094 0.109469
0 0.608266 0.868398 0.029250 0.046109
0 0.624383 0.935602 0.059234 0.128797
0 0.588594 0.489805 0.062563 0.093797
0 0.240172 0.632867 0.071969 0.178016
0 0.538375 0.391469 0.049719 0.040500
0 0.519383 0.363102 0.034391 0.013391
0 0.251383 0.454078 0.032234 0.124469
1 0.079531 0.375313 0.055312 0.076844
0 0.133039 0.409797 0.064203 0.070500
1 0.159906 0.465883 0.068625 0.085109
1 0.184242 0.343406 0.046266 0.070062
1 0.162062 0.295844 0.030563 0.040188
1 0.428203 0.388625 0.047219 0.069219
0 0.371258 0.467445 0.047703 0.092922
0 0.464758 0.493633 0.025766 0.094547
1 0.457875 0.342734 0.040125 0.064219
0 0.449352 0.347086 0.021922 0.070422
0 0.485039 0.351687 0.041203 0.084500
1 0.545070 0.335859 0.028141 0.049687
