0 0.605930 0.322391 0.023109 0.052812
0 0.272531 0.339875 0.027250 0.086188
2 0.844117 0.364227 0.088266 0.133891
1 0.234195 0.245656 0.041609 0.060687
1 0.631016 0.179469 0.029687 0.041719
0 0.613852 0.262500 0.019047 0.078125
1 0.590094 0.259703 0.029219 0.057656
2 0.628961 0.236062 0.049484 0.155062
0 0.875516 0.391937 0.033281 0.108156
1 0.891594 0.287297 0.039844 0.051406
2 0.855547 0.352727 0.112812 0.181797
1 0.870523 0.324453 0.034703 0.053906
0 0.845789 0.396680 0.047203 0.068734
2 0.584937 0.297102 0.066437 0.133016
0 0.573094 0.321219 0.043438 0.059219
2 0.250539 0.299469 0.072766 0.167625
