0 0.904297 0.669148 0.044844 0.115766
0 0.196391 0.337922 0.049375 0.049469
1 0.405984 0.322227 0.027000 0.049297
0 0.402086 0.374570 0.054828 0.063359
0 0.430937 0.364461 0.016875 0.042328
1 0.508687 0.180766 0.026875 0.037531
1 0.532422 0.587750 0.078969 0.077281
1 0.159977 0.315680 0.030484 0.032078
2 0.188234 0.313047 0.086813 0.060781
2 0.510531 0.208328 0.043094 0.093031
2 0.402859 0.360164 0.072906 0.124672
2 0.853969 0.607055 0.145125 0.205578
2 0.519461 0.640977 0.123453 0.184609
0 0.520695 0.228375 0.021891 0.046563
0 0.506406 0.229312 0.028594 0.047500
0 0.550273 0.669070 0.061734 0.070672
0 0.796102 0.594164 0.042328 0.074484
1 0.868172 0.539375 0.065844 0.068750
