2 0.976617 0.332195 0.046766 0.196922
1 0.482211 0.426781 0.055672 0.083937
0 0.530383 0.483352 0.053453 0.071734
0 0.430961 0.511578 0.089359 0.096531
0 0.645234 0.580039 0.044844 0.173328
1 0.654438 0.410273 0.051906 0.081578
1 0.991406 0.259453 0.017188 0.051875
0 0.959898 0.355438 0.030766 0.040375
0 0.974984 0.377508 0.050031 0.022172
1 0.594375 0.166281 0.020938 0.025625
0 0.612094 0.236437 0.011562 0.074687
0 0.572797 0.214562 0.009531 0.036250
1 0.280070 0.256406 0.023672 0.044281
2 0.280883 0.295844 0.035641 0.123438
2 0.665266 0.500922 0.104906 0.263781
2 0.471719 0.533766 0.171938 0.295563
2 0.593203 0.201008 0.050438 0.095203
