0 0.801055 0.625922 0.027328 0.081625
1 0.558336 0.340547 0.026734 0.047812
0 0.492664 0.237914 0.024672 0.047391
0 0.453883 0.260000 0.018953 0.073344
1 0.462844 0.196289 0.019531 0.035484
2 0.474828 0.237625 0.060969 0.118156
2 0.553531 0.376031 0.060937 0.120375
0 0.639258 0.337484 0.033984 0.099406
1 0.650203 0.245875 0.033031 0.045281
2 0.647516 0.304906 0.050875 0.163844
2 0.511492 0.428898 0.072109 0.235703
1 0.850562 0.564492 0.064813 0.066953
0 0.839867 0.670570 0.098297 0.081984
2 0.838797 0.621492 0.102688 0.180766
2 0.500086 0.668562 0.124859 0.242000
0 0.384406 0.318063 0.053281 0.052187
2 0.360109 0.290602 0.032750 0.106234
2 0.309469 0.321203 0.057688 0.177063
2 0.225695 0.453680 0.088266 0.221703
2 0.041609 0.375805 0.083219 0.209484
1 0.017563 0.297742 0.035125 0.053141
0 0.054008 0.407555 0.055328 0.120047
1 0.213273 0.377758 0.062234 0.067391
0 0.328883 0.342391 0.089359 0.066312
0 0.349812 0.324844 0.038750 0.050594
1 0.309031 0.258773 0.037531 0.052047
1 0.366039 0.260688 0.017609 0.045688
0 0.230602 0.522625 0.077984 0.119062
0 0.547766 0.643023 0.038344 0.036703
0 0.551281 0.683531 0.080875 0.083750
1 0.504070 0.581664 0.051672 0.070703
0 0.495391 0.487063 0.026719 0.139969
1 0.526867 0.349297 0.041547 0.076875
0 0.542891 0.388797 0.039531 0.042375
