0 0.651430 0.237953 0.030984 0.049031
1 0.662219 0.193242 0.023687 0.029641
2 0.851977 0.272219 0.067172 0.112125
1 0.868578 0.238078 0.030312 0.042969
1 0.726430 0.679883 0.082922 0.119547
0 0.684195 0.820273 0.083641 0.179141
2 0.728586 0.780375 0.144234 0.321000
0 0.959367 0.539211 0.034828 0.074797
1 0.993266 0.471328 0.013469 0.045000
2 0.971242 0.517664 0.057516 0.137891
0 0.980539 0.573023 0.038922 0.026391
1 0.661141 0.382875 0.038125 0.055938
0 0.659305 0.466664 0.063734 0.094828
0 0.596898 0.425180 0.066078 0.063828
2 0.648609 0.422031 0.086531 0.134531
0 0.614023 0.327797 0.033484 0.084719
0 0.555656 0.335102 0.014969 0.109578
1 0.596008 0.240062 0.033141 0.059375
2 0.653219 0.220836 0.041906 0.084766
2 0.589820 0.291750 0.083672 0.163219
0 0.865547 0.328781 0.039250 0.104719
0 0.831328 0.260891 0.025000 0.044531
