2 0.672461 0.318992 0.078203 0.203891
0 0.645344 0.356797 0.023937 0.113781
1 0.585102 0.345883 0.029453 0.045016
0 0.547711 0.418711 0.025297 0.026484
0 0.558969 0.412617 0.066156 0.058641
1 0.461703 0.194070 0.018906 0.035984
0 0.449555 0.256820 0.014203 0.062234
0 0.469133 0.247734 0.043047 0.057187
1 0.349555 0.268297 0.033172 0.051094
0 0.402664 0.437852 0.045891 0.120828
1 0.380727 0.318734 0.042797 0.062031
0 0.350906 0.326227 0.026031 0.050109
2 0.034672 0.407211 0.069344 0.147797
0 0.038164 0.407039 0.042047 0.115547
0 0.702406 0.349711 0.018938 0.110172
2 0.386070 0.392875 0.065578 0.210125
2 0.327656 0.325609 0.076875 0.166281
2 0.466688 0.240914 0.048188 0.129109
2 0.888961 0.535555 0.120203 0.148172
1 0.915523 0.498297 0.047922 0.074781
0 0.860187 0.614414 0.032844 0.148047
2 0.412289 0.712914 0.129047 0.193234
0 0.474672 0.771578 0.111750 0.075156
1 0.386414 0.652773 0.076828 0.071828
0 0.436148 0.677336 0.033672 0.031266
2 0.577898 0.382867 0.043047 0.118672
1 0.671539 0.241188 0.040516 0.047625
