0 0.502219 0.231266 0.016250 0.039219
1 0.497492 0.633367 0.076234 0.072672
2 0.505047 0.320781 0.072438 0.130312
0 0.519305 0.753023 0.091047 0.094578
2 0.400320 0.364063 0.059984 0.122188
2 0.754078 0.483211 0.115437 0.194203
2 0.332828 0.467641 0.078438 0.275031
2 0.290164 0.743016 0.156203 0.326156
2 0.519875 0.898813 0.197750 0.202375
2 0.123945 0.837539 0.230391 0.324922
0 0.796008 0.524813 0.031234 0.121937
0 0.722719 0.531766 0.053156 0.136781
0 0.465234 0.939844 0.087969 0.118469
1 0.553141 0.878539 0.101094 0.161359
1 0.767586 0.425430 0.049891 0.077266
2 0.486852 0.702625 0.114984 0.210781
0 0.525430 0.754539 0.053797 0.089672
2 0.491055 0.205086 0.042109 0.092359
1 0.039352 0.324406 0.052078 0.075875
0 0.046500 0.419375 0.087063 0.083125
2 0.044000 0.391391 0.082812 0.211281
1 0.092945 0.740914 0.100516 0.131297
0 0.210555 0.863820 0.023609 0.132641
0 0.041563 0.945047 0.064844 0.109906
0 0.292547 0.823523 0.151406 0.166078
0 0.349719 0.768437 0.036313 0.243875
1 0.281570 0.640055 0.075922 0.118859
0 0.342398 0.511555 0.065453 0.101266
1 0.339953 0.372977 0.053969 0.084984
1 0.410773 0.323656 0.037984 0.040781
0 0.390789 0.396563 0.044578 0.056875
0 0.432523 0.364578 0.020984 0.023594
1 0.502531 0.278820 0.032125 0.046109
0 0.530906 0.358211 0.019188 0.060734
1 0.486953 0.176156 0.024844 0.033937
