0 0.257664 0.503664 0.028766 0.195547
0 0.347187 0.492992 0.039688 0.168984
0 0.140609 0.450555 0.021188 0.124891
2 0.821742 0.482703 0.097797 0.238750
0 0.044812 0.457859 0.037125 0.105094
2 0.203266 0.376602 0.086938 0.129078
2 0.089695 0.407023 0.126703 0.201609
2 0.304813 0.445000 0.128219 0.237406
2 0.389664 0.338555 0.069078 0.202516
1 0.806570 0.406102 0.057828 0.084891
1 0.300156 0.371805 0.052281 0.090234
1 0.374727 0.269188 0.043984 0.064875
1 0.205367 0.340609 0.035984 0.057063
1 0.069164 0.344008 0.060203 0.072516
0 0.831078 0.561531 0.078688 0.180625
0 0.417148 0.376133 0.033578 0.103234
0 0.206922 0.405789 0.093344 0.074203
0 0.270453 0.330594 0.096719 0.064938
