1 0.130484 0.419406 0.065000 0.076188
1 0.609852 0.220578 0.028453 0.043594
0 0.604320 0.286406 0.023453 0.053438
0 0.623602 0.277930 0.014203 0.046953
1 0.547805 0.331937 0.027203 0.030469
0 0.510461 0.382781 0.022359 0.037812
2 0.486109 0.686070 0.100531 0.241109
2 0.535305 0.708648 0.142922 0.371016
0 0.852406 0.620594 0.064062 0.100469
1 0.903711 0.561180 0.062234 0.071984
2 0.201656 0.373398 0.057688 0.122422
2 0.147508 0.518133 0.115484 0.274672
0 0.192625 0.553516 0.018594 0.048125
0 0.356789 0.462656 0.015734 0.080594
2 0.530297 0.359117 0.062188 0.085172
2 0.322305 0.428023 0.085703 0.228891
0 0.214328 0.405594 0.064000 0.054813
2 0.028445 0.265555 0.056891 0.163297
0 0.065195 0.226148 0.062578 0.050953
1 0.013008 0.209500 0.026016 0.049531
0 0.137016 0.599500 0.078000 0.164344
2 0.879305 0.610422 0.117953 0.171781
0 0.887555 0.651930 0.099891 0.087391
1 0.570844 0.579883 0.068469 0.113422
1 0.502883 0.596836 0.067453 0.062453
0 0.526656 0.827523 0.095906 0.245672
0 0.576328 0.672937 0.045688 0.120688
1 0.195922 0.335203 0.043094 0.045812
2 0.607492 0.269047 0.046766 0.141219
1 0.315984 0.346703 0.048531 0.067531
0 0.306078 0.480344 0.053312 0.165469
