0 0.762070 0.328695 0.024547 0.116797
0 0.524500 0.343992 0.022344 0.061891
0 0.467430 0.337094 0.017797 0.049906
1 0.499727 0.261148 0.029422 0.046453
1 0.673820 0.161008 0.021859 0.046891
0 0.857914 0.404852 0.067859 0.101484
0 0.815102 0.387609 0.024141 0.108437
1 0.817445 0.239727 0.035922 0.058797
1 0.881227 0.303289 0.038953 0.057578
0 0.552195 0.446313 0.054672 0.048469
0 0.571055 0.468727 0.090203 0.057703
1 0.606094 0.393172 0.043031 0.046094
2 0.607344 0.440836 0.063031 0.145422
0 0.826953 0.310141 0.021875 0.062219
2 0.797664 0.298328 0.080984 0.176844
2 0.849812 0.365625 0.101938 0.182125
2 0.496844 0.310187 0.077719 0.144312
2 0.671008 0.203102 0.052766 0.130234
