0 0.598844 0.337031 0.033500 0.146813
0 0.531289 0.307336 0.062578 0.099953
0 0.633453 0.392930 0.055906 0.139234
0 0.691977 0.413508 0.025953 0.104016
1 0.669711 0.264562 0.047578 0.060875
2 0.665727 0.348609 0.081391 0.228406
2 0.068516 0.426125 0.096281 0.227125
2 0.575891 0.307023 0.080438 0.209172
2 0.364102 0.291273 0.088922 0.193078
2 0.205445 0.374797 0.095516 0.135969
2 0.026562 0.229930 0.053125 0.158703
1 0.049359 0.349844 0.056562 0.076844
1 0.007234 0.176250 0.014469 0.049656
0 0.049875 0.259641 0.031250 0.092906
0 0.005500 0.316742 0.011000 0.030359
1 0.184867 0.331961 0.040953 0.051391
0 0.244328 0.376641 0.053969 0.088594
0 0.204695 0.408008 0.093516 0.069609
1 0.353727 0.226102 0.032641 0.063422
0 0.334578 0.284570 0.028187 0.070234
0 0.396391 0.336164 0.020281 0.147672
1 0.570883 0.229758 0.039734 0.055797
