0 0.377203 0.310367 0.056844 0.041141
1 0.307031 0.340375 0.050844 0.069031
1 0.446055 0.249484 0.031734 0.053438
0 0.475172 0.249063 0.033281 0.047344
1 0.462586 0.195563 0.020016 0.037187
0 0.605930 0.306805 0.045547 0.059172
1 0.566586 0.335047 0.032984 0.046250
0 0.515695 0.397742 0.068172 0.061078
0 0.455711 0.343539 0.032516 0.085109
0 0.351984 0.323500 0.049031 0.059344
2 0.470875 0.239758 0.043531 0.125172
2 0.506367 0.677516 0.138953 0.214969
2 0.842156 0.617867 0.104719 0.183328
1 0.337781 0.259289 0.035625 0.051703
1 0.042234 0.275477 0.040406 0.056391
0 0.092492 0.378594 0.028016 0.115000
0 0.058016 0.406914 0.047344 0.129609
1 0.361172 0.254531 0.024219 0.044531
1 0.518547 0.605977 0.061906 0.072016
0 0.563586 0.646703 0.061266 0.034219
0 0.575914 0.716430 0.116141 0.075859
0 0.831195 0.664070 0.125578 0.091703
1 0.858703 0.565109 0.062031 0.077969
1 0.603781 0.239281 0.033594 0.043281
2 0.361156 0.281383 0.024875 0.097922
2 0.329836 0.322414 0.051891 0.178297
2 0.308602 0.415641 0.077547 0.217469
2 0.048984 0.339812 0.087344 0.185500
2 0.041078 0.407016 0.082156 0.149156
2 0.552039 0.370570 0.062609 0.116703
2 0.438875 0.323953 0.067563 0.202469
2 0.605977 0.304102 0.045672 0.172109
0 0.327664 0.469305 0.046203 0.111453
