1 0.269313 0.322320 0.050625 0.072578
0 0.794937 0.358242 0.017750 0.125578
0 0.819102 0.401375 0.040609 0.098594
0 0.879430 0.421812 0.044453 0.103125
1 0.897484 0.325859 0.034094 0.051031
1 0.852492 0.259859 0.039547 0.058750
2 0.826547 0.319164 0.091906 0.176891
2 0.867891 0.369180 0.094875 0.138391
0 0.602195 0.322086 0.030016 0.054234
0 0.568211 0.316758 0.036891 0.058391
1 0.586828 0.259078 0.030375 0.055500
2 0.583539 0.313938 0.068422 0.165563
0 0.282875 0.422406 0.092219 0.089219
2 0.267859 0.398633 0.071312 0.225078
1 0.702258 0.160953 0.011391 0.029469
0 0.680211 0.202930 0.037422 0.051953
2 0.680320 0.188758 0.056578 0.086859
