2 0.497180 0.682391 0.120797 0.251438
2 0.837828 0.618062 0.119656 0.158875
2 0.770570 0.391641 0.059484 0.153219
2 0.207406 0.381594 0.058813 0.129000
2 0.617508 0.355969 0.088641 0.113531
1 0.644688 0.325008 0.033469 0.051391
0 0.623055 0.407430 0.038547 0.090078
0 0.583727 0.368328 0.040672 0.068344
1 0.866367 0.575820 0.060672 0.074109
0 0.839727 0.642086 0.083453 0.103016
0 0.821344 0.634516 0.087000 0.112062
0 0.557398 0.853266 0.010828 0.071875
0 0.651789 0.840094 0.095141 0.169813
2 0.625266 0.849117 0.146594 0.301766
1 0.654766 0.755695 0.072344 0.113578
0 0.571148 0.704680 0.122453 0.075641
0 0.548039 0.654609 0.054547 0.042812
1 0.498086 0.595086 0.080641 0.075359
0 0.222961 0.410250 0.072141 0.058563
0 0.245016 0.408305 0.038844 0.019828
1 0.202813 0.339891 0.044531 0.045563
2 0.031508 0.268437 0.063016 0.168031
2 0.052070 0.402336 0.104141 0.196234
2 0.022156 0.307352 0.044312 0.069797
0 0.077211 0.423641 0.053859 0.127625
1 0.010922 0.340234 0.021844 0.071594
0 0.022234 0.307320 0.044469 0.069359
0 0.068937 0.230664 0.059125 0.061891
1 0.013930 0.212156 0.027859 0.054719
