1 0.259000 0.539930 0.101375 0.096859
1 0.890844 0.861492 0.087344 0.088016
2 0.858586 0.899336 0.151859 0.201328
2 0.275672 0.319398 0.076500 0.142891
2 0.828578 0.635563 0.120969 0.200125
0 0.248125 0.644437 0.114719 0.099344
0 0.794437 0.633437 0.054219 0.107562
0 0.250758 0.378141 0.025953 0.110813
0 0.304602 0.333641 0.017984 0.081156
1 0.615711 0.219625 0.029297 0.039562
0 0.628602 0.271641 0.014703 0.048750
2 0.612953 0.254883 0.045094 0.110047
0 0.612750 0.280312 0.029844 0.059219
1 0.844609 0.572063 0.062500 0.070688
0 0.912406 0.723711 0.092000 0.137109
2 0.270094 0.631078 0.125031 0.282781
1 0.265516 0.273500 0.034875 0.051719
