2 0.445180 0.595250 0.103391 0.231406
0 0.659969 0.232211 0.026344 0.084016
2 0.847406 0.297461 0.104969 0.170578
2 0.676648 0.199375 0.061328 0.149375
2 0.692359 0.443398 0.086375 0.250078
1 0.594852 0.383852 0.034734 0.045391
1 0.704562 0.349758 0.059219 0.062547
1 0.463383 0.530023 0.068234 0.099328
1 0.689500 0.146242 0.024469 0.041828
1 0.877672 0.240344 0.038281 0.056406
0 0.808695 0.267219 0.080016 0.038906
0 0.873930 0.349133 0.051359 0.121891
0 0.700430 0.492648 0.038203 0.149891
0 0.551562 0.444633 0.059406 0.040578
0 0.566188 0.466430 0.085156 0.059078
0 0.453445 0.655734 0.119672 0.106844
0 0.510563 0.659313 0.038875 0.035188
2 0.600758 0.441156 0.082891 0.162219
