1 0.406289 0.367875 0.039953 0.053344
2 0.396070 0.402766 0.069016 0.123188
2 0.198664 0.712539 0.123297 0.199922
2 0.120789 0.630016 0.068453 0.134094
2 0.613539 0.641031 0.131141 0.186688
2 0.691711 0.590766 0.094766 0.159625
2 0.862656 0.528602 0.148062 0.282203
2 0.662937 0.212719 0.059063 0.098938
2 0.801250 0.358273 0.096594 0.178047
2 0.898570 0.377984 0.053578 0.190594
2 0.853867 0.305273 0.062578 0.166578
1 0.876188 0.434648 0.060281 0.094641
2 0.959703 0.458289 0.080594 0.236641
0 0.935102 0.466563 0.031953 0.073750
0 0.974266 0.545805 0.051469 0.085891
1 0.986227 0.377188 0.027547 0.073688
0 0.783273 0.546219 0.075766 0.138625
0 0.904297 0.612031 0.063344 0.188281
0 0.691656 0.622508 0.065156 0.094359
1 0.704945 0.549078 0.053484 0.075813
1 0.624852 0.580211 0.058641 0.064641
0 0.561398 0.652359 0.027141 0.072594
0 0.224766 0.754836 0.068906 0.115016
1 0.176938 0.655469 0.080281 0.085875
1 0.120188 0.604547 0.068062 0.083594
0 0.774672 0.396539 0.042844 0.101297
0 0.817414 0.434805 0.016609 0.052391
0 0.863430 0.328023 0.025109 0.057078
1 0.901563 0.313312 0.047656 0.060156
1 0.828359 0.297852 0.042469 0.057109
1 0.866734 0.252164 0.036719 0.059828
0 0.646719 0.211820 0.025844 0.053859
0 0.680562 0.237250 0.023750 0.049375
1 0.681227 0.181609 0.019078 0.037031
0 0.416430 0.439398 0.070703 0.072141
0 0.439438 0.430453 0.041844 0.073469
