1 0.525680 0.592281 0.083047 0.073625
0 0.406539 0.383281 0.057641 0.056562
1 0.403180 0.320156 0.025734 0.047500
2 0.182898 0.318477 0.085891 0.071484
0 0.170437 0.352422 0.020938 0.031094
0 0.181062 0.344828 0.033062 0.074719
1 0.156305 0.319188 0.032609 0.034438
0 0.880531 0.631969 0.063562 0.117312
2 0.403859 0.360617 0.072875 0.129703
2 0.513094 0.642734 0.141094 0.174844
2 0.507992 0.209703 0.041578 0.094469
0 0.516773 0.227375 0.025172 0.045938
0 0.504984 0.233312 0.031250 0.047187
1 0.503797 0.181500 0.031094 0.036688
1 0.879641 0.566531 0.067094 0.080375
0 0.554305 0.674563 0.058641 0.060563
0 0.429422 0.363094 0.021875 0.049531
0 0.840297 0.601781 0.050594 0.080813
2 0.863164 0.608383 0.098203 0.164797
