1 0.413508 0.354555 0.047016 0.045016
1 0.874281 0.250711 0.035656 0.058266
1 0.637500 0.409602 0.028469 0.057516
1 0.660281 0.517563 0.057719 0.071125
1 0.130469 0.602961 0.056688 0.070078
1 0.157781 0.694742 0.101594 0.136141
2 0.120984 0.605484 0.077594 0.145344
0 0.353313 0.317531 0.037250 0.128750
1 0.645250 0.157750 0.023281 0.038125
2 0.197461 0.783414 0.182672 0.315359
1 0.608305 0.170953 0.027328 0.030438
2 0.845953 0.301547 0.096156 0.160750
2 0.635688 0.439781 0.091813 0.119188
2 0.653758 0.572305 0.106203 0.181016
2 0.606391 0.261359 0.073313 0.161875
2 0.613227 0.213258 0.059578 0.115672
2 0.642148 0.205023 0.044547 0.133078
0 0.606422 0.454930 0.033344 0.061891
0 0.647977 0.480008 0.066047 0.039891
0 0.198719 0.881875 0.073969 0.117062
0 0.089883 0.591219 0.046609 0.117844
0 0.120695 0.638672 0.065266 0.078594
0 0.626359 0.599289 0.052031 0.075797
0 0.415383 0.447336 0.052984 0.109109
0 0.428953 0.406813 0.013844 0.063562
2 0.402250 0.404312 0.070062 0.143531
0 0.875469 0.339297 0.037500 0.116719
1 0.607555 0.199844 0.027984 0.039844
1 0.373055 0.189859 0.030484 0.055594
0 0.654500 0.217500 0.077812 0.037813
0 0.635805 0.286008 0.011516 0.071484
0 0.585438 0.298172 0.030469 0.105062
0 0.812438 0.326297 0.038094 0.107656
2 0.361453 0.261125 0.053375 0.198750
