2 0.705813 0.321094 0.062313 0.174281
2 0.678344 0.353367 0.076187 0.118797
1 0.706484 0.258227 0.027500 0.050078
1 0.701789 0.320734 0.029703 0.053125
0 0.721133 0.321359 0.029922 0.060656
0 0.708688 0.394570 0.043094 0.035984
0 0.689961 0.387977 0.058359 0.074672
2 0.118820 0.373688 0.111453 0.213750
2 0.206609 0.383484 0.054594 0.130844
0 0.243719 0.405508 0.038094 0.015516
0 0.226922 0.410398 0.061219 0.060453
1 0.202570 0.340477 0.046703 0.045578
0 0.077086 0.414641 0.027297 0.132344
0 0.160500 0.386344 0.028500 0.111969
2 0.025078 0.329219 0.050156 0.143969
1 0.099820 0.291500 0.039547 0.050469
0 0.560031 0.842242 0.012062 0.043922
2 0.491359 0.669711 0.109000 0.225234
1 0.496328 0.593656 0.071812 0.074000
2 0.638805 0.848234 0.171234 0.303531
2 0.831781 0.614922 0.113937 0.156031
1 0.857070 0.573805 0.049422 0.074391
0 0.816594 0.622602 0.083625 0.096234
0 0.843633 0.641617 0.089641 0.103016
0 0.690148 0.829102 0.065453 0.155984
0 0.026898 0.312836 0.046453 0.062547
2 0.027945 0.264898 0.055891 0.160578
0 0.065258 0.226664 0.063953 0.049672
1 0.014523 0.210648 0.029047 0.051891
1 0.650336 0.747687 0.066641 0.102625
0 0.563719 0.678094 0.088344 0.068375
0 0.552891 0.642625 0.066875 0.035312
