1 0.267930 0.388609 0.052609 0.078281
2 0.261555 0.474102 0.093484 0.251609
2 0.340250 0.496594 0.092625 0.172750
2 0.888750 0.312703 0.071563 0.191906
2 0.732734 0.623156 0.133594 0.214312
0 0.679672 0.687688 0.027844 0.061469
1 0.700734 0.555750 0.062062 0.079375
1 0.896125 0.242813 0.039531 0.051875
0 0.910211 0.365539 0.027047 0.133078
2 0.639352 0.333531 0.090703 0.156562
1 0.648398 0.281359 0.037047 0.051719
0 0.603633 0.359953 0.019703 0.055156
0 0.673867 0.362219 0.020484 0.060625
1 0.314016 0.441922 0.043938 0.063656
0 0.336797 0.547164 0.086188 0.072234
0 0.367742 0.501328 0.036609 0.103687
0 0.301945 0.484641 0.037859 0.030125
0 0.270977 0.502867 0.110391 0.080516
