2 0.582531 0.172227 0.041000 0.086172
1 0.591195 0.143734 0.019078 0.029687
0 0.593922 0.192125 0.014375 0.036406
2 0.863625 0.357898 0.072281 0.168266
1 0.199734 0.354766 0.041562 0.067813
1 0.180938 0.566812 0.058594 0.077937
1 0.283039 0.591461 0.057672 0.084266
1 0.835102 0.574891 0.073453 0.101156
1 0.782961 0.492945 0.060891 0.091609
1 0.818398 0.357641 0.051266 0.064437
1 0.879148 0.304680 0.041016 0.060453
1 0.621398 0.216828 0.035797 0.041313
1 0.637367 0.201117 0.034391 0.052703
1 0.003789 0.241695 0.007578 0.057359
0 0.068625 0.378047 0.041812 0.121406
0 0.852086 0.799563 0.052047 0.150937
0 0.744875 0.657258 0.121094 0.157047
0 0.200445 0.682898 0.046297 0.105766
0 0.322242 0.700156 0.024922 0.084375
0 0.730109 0.703125 0.036000 0.163781
0 0.255859 0.422297 0.022312 0.085969
0 0.210023 0.435633 0.086547 0.082484
0 0.631289 0.313914 0.017797 0.084047
0 0.764273 0.449664 0.042672 0.026391
0 0.869086 0.395227 0.015922 0.023641
2 0.792891 0.693719 0.161375 0.340062
2 0.762094 0.572937 0.102094 0.253281
2 0.279305 0.652914 0.111078 0.206359
2 0.181281 0.631641 0.084375 0.207969
2 0.045625 0.326305 0.091250 0.226453
2 0.218414 0.411445 0.103703 0.181734
2 0.610219 0.275969 0.063063 0.159312
2 0.637391 0.241141 0.033625 0.132250
2 0.818828 0.432141 0.068531 0.214250
