0 0.351828 0.335570 0.046656 0.059172
2 0.359938 0.290539 0.035125 0.103609
2 0.835570 0.618125 0.120234 0.185625
2 0.228531 0.457758 0.078094 0.222672
2 0.468555 0.236414 0.051297 0.118609
2 0.304000 0.320797 0.066875 0.177844
2 0.042047 0.374805 0.084094 0.217672
0 0.833727 0.661477 0.116734 0.098609
0 0.800078 0.619758 0.047031 0.082203
1 0.859492 0.558281 0.071141 0.065281
2 0.495445 0.666648 0.114047 0.240109
2 0.511109 0.429102 0.072969 0.233891
2 0.556656 0.376664 0.051719 0.118953
2 0.694203 0.303539 0.065500 0.153984
1 0.700359 0.247531 0.036969 0.042625
0 0.718781 0.320250 0.015594 0.047875
0 0.674805 0.320898 0.025234 0.069422
0 0.541813 0.389633 0.038438 0.040734
0 0.551352 0.683750 0.085297 0.082125
0 0.548445 0.641047 0.044859 0.034219
1 0.504242 0.578234 0.049547 0.062344
0 0.497734 0.486008 0.031406 0.141391
1 0.558156 0.342406 0.028062 0.049250
1 0.525805 0.348703 0.043922 0.073469
0 0.456039 0.260625 0.025234 0.070250
0 0.483383 0.258469 0.021516 0.070938
1 0.463047 0.196234 0.020969 0.038531
1 0.300805 0.260125 0.037203 0.056406
1 0.367578 0.261195 0.017594 0.044797
0 0.384508 0.315297 0.053516 0.050656
0 0.319961 0.338617 0.099609 0.069453
0 0.232180 0.519437 0.073203 0.125531
1 0.223813 0.382266 0.055250 0.070719
0 0.054930 0.406789 0.055016 0.115391
1 0.015500 0.297109 0.031000 0.057344
