1 0.641977 0.239234 0.023766 0.049219
1 0.015930 0.252594 0.031859 0.043438
1 0.013430 0.208453 0.026859 0.049531
0 0.067641 0.226109 0.063125 0.050469
1 0.063492 0.338234 0.047734 0.060750
0 0.126961 0.464469 0.056422 0.156344
1 0.215352 0.337250 0.028297 0.042500
0 0.223969 0.402508 0.028313 0.051141
0 0.239734 0.411391 0.014531 0.031562
2 0.211227 0.383461 0.052484 0.134484
2 0.029102 0.319461 0.058203 0.177328
2 0.028078 0.236945 0.056156 0.108547
1 0.592055 0.342219 0.031891 0.035156
0 0.620773 0.410055 0.013047 0.033266
0 0.649047 0.301828 0.040156 0.045625
0 0.628328 0.300383 0.027844 0.064766
2 0.621383 0.836086 0.151547 0.327828
1 0.627758 0.721398 0.063328 0.098453
0 0.554789 0.841430 0.017578 0.070484
0 0.674312 0.907477 0.044250 0.141734
2 0.831672 0.615023 0.112562 0.165109
1 0.850313 0.570922 0.051594 0.076719
0 0.845156 0.642625 0.084062 0.109750
0 0.820344 0.623211 0.089094 0.084953
2 0.488070 0.658547 0.105672 0.250031
2 0.080883 0.423906 0.103547 0.230531
2 0.185008 0.833023 0.191078 0.333953
0 0.138539 0.948609 0.057359 0.102781
1 0.137000 0.737414 0.096344 0.141703
1 0.499734 0.565445 0.051531 0.062016
0 0.542219 0.616875 0.051906 0.032531
0 0.539664 0.663055 0.066672 0.076484
2 0.601719 0.376125 0.051219 0.102125
2 0.640211 0.292828 0.057578 0.156531
