0 0.441148 0.365328 0.019391 0.096844
2 0.463148 0.320008 0.062953 0.182797
2 0.612797 0.342891 0.076656 0.190812
2 0.906617 0.382375 0.103234 0.238500
1 0.909844 0.296617 0.044531 0.067703
0 0.850391 0.431508 0.029188 0.135109
0 0.937719 0.435875 0.040281 0.166906
1 0.615305 0.280562 0.033922 0.064813
0 0.578781 0.391141 0.025781 0.094906
0 0.656477 0.379391 0.022109 0.110031
1 0.450664 0.254797 0.028922 0.051656
0 0.487016 0.355508 0.025437 0.113984
2 0.355531 0.740812 0.145219 0.200875
1 0.331734 0.684836 0.071156 0.088766
0 0.436508 0.796211 0.139641 0.087891
