0 0.633461 0.318250 0.065266 0.063813
1 0.369570 0.316812 0.039703 0.071687
1 0.087305 0.226125 0.031172 0.061469
1 0.652961 0.218031 0.031891 0.040188
1 0.641477 0.253609 0.046891 0.052344
1 0.658703 0.181797 0.024688 0.033906
1 0.915969 0.318063 0.045625 0.056688
0 0.661594 0.301563 0.023062 0.100625
0 0.366977 0.400047 0.076734 0.075219
0 0.832891 0.370133 0.056094 0.126922
0 0.873609 0.409836 0.055281 0.098141
2 0.871203 0.362008 0.134594 0.143797
2 0.633133 0.289687 0.064797 0.125188
2 0.652609 0.253141 0.031969 0.111469
2 0.646875 0.192883 0.049125 0.056422
2 0.364422 0.359414 0.073656 0.157422
2 0.085594 0.280609 0.057781 0.171063
0 0.065125 0.316406 0.016562 0.093187
0 0.106242 0.344086 0.015547 0.087484
