0 0.314203 0.714938 0.029281 0.082312
0 0.882922 0.467977 0.034187 0.088922
0 0.925750 0.501758 0.076719 0.136172
0 0.658258 0.548102 0.047922 0.064109
0 0.584234 0.439312 0.015281 0.042625
1 0.591187 0.490969 0.046250 0.059625
0 0.567344 0.610117 0.028281 0.129141
1 0.201906 0.560578 0.058812 0.080406
0 0.213172 0.636117 0.072094 0.123078
1 0.482719 0.090203 0.017500 0.033344
2 0.477398 0.133219 0.040703 0.118156
1 0.618844 0.390062 0.038594 0.053438
0 0.629953 0.465609 0.037312 0.085000
1 0.840758 0.238125 0.035797 0.058125
2 0.276203 0.653078 0.109594 0.207469
2 0.185672 0.622812 0.091844 0.205313
2 0.617664 0.567617 0.129359 0.214328
2 0.612992 0.435773 0.072047 0.146172
2 0.920633 0.424633 0.111141 0.176984
2 0.820180 0.299320 0.094703 0.182609
0 0.847594 0.342953 0.037375 0.130500
0 0.791586 0.327078 0.033797 0.125844
1 0.949953 0.368797 0.053125 0.063969
1 0.287492 0.592797 0.052078 0.087219
