2 0.566648 0.383422 0.045484 0.110000
1 0.054469 0.321945 0.058156 0.058984
0 0.105789 0.426547 0.088516 0.083469
0 0.227578 0.495289 0.057594 0.146578
1 0.203914 0.340945 0.057297 0.064297
1 0.173016 0.301297 0.033906 0.044375
0 0.175273 0.365227 0.030891 0.061734
0 0.527492 0.401773 0.065141 0.031172
0 0.530898 0.427984 0.045266 0.030906
0 0.547164 0.326828 0.062016 0.048719
1 0.572789 0.350992 0.032359 0.045453
0 0.528891 0.315750 0.027031 0.051250
0 0.514414 0.276078 0.037484 0.096375
0 0.490070 0.265727 0.032828 0.079391
1 0.504922 0.211359 0.025781 0.045313
1 0.549039 0.275078 0.025359 0.051188
1 0.693008 0.301430 0.031859 0.057141
0 0.701750 0.388922 0.036781 0.085938
1 0.507688 0.581195 0.057625 0.064609
0 0.551156 0.674781 0.050031 0.066437
2 0.504937 0.666578 0.141969 0.234656
0 0.864305 0.469375 0.103359 0.070938
0 0.818281 0.459117 0.064844 0.088359
1 0.885758 0.400172 0.054703 0.065625
2 0.850852 0.467562 0.130453 0.200500
2 0.689352 0.369016 0.062047 0.192094
2 0.552047 0.300672 0.064438 0.101875
2 0.512719 0.229344 0.046875 0.081781
2 0.081141 0.400836 0.112094 0.218359
2 0.217844 0.417367 0.085719 0.218297
2 0.169336 0.337375 0.043203 0.117625
