2 0.424148 0.363055 0.078391 0.173266
2 0.656133 0.320055 0.068234 0.164578
2 0.304203 0.294414 0.044656 0.146172
0 0.333641 0.306063 0.024531 0.029062
0 0.323562 0.317406 0.061563 0.052687
0 0.427922 0.681281 0.048344 0.029531
1 0.374258 0.676258 0.074766 0.080297
1 0.300492 0.248906 0.035641 0.054062
2 0.566008 0.296078 0.074797 0.096281
2 0.552438 0.372500 0.050250 0.110156
2 0.418461 0.723523 0.163141 0.175766
0 0.074211 0.914352 0.077797 0.171297
2 0.057305 0.911594 0.114609 0.176812
0 0.636727 0.365148 0.030172 0.110391
0 0.473289 0.779820 0.124078 0.063797
1 0.658375 0.261805 0.042344 0.048266
0 0.592313 0.318844 0.021000 0.050687
1 0.560070 0.270922 0.027672 0.045969
0 0.542945 0.311781 0.030328 0.061750
1 0.560367 0.337094 0.032984 0.039875
0 0.525438 0.394859 0.041625 0.064656
0 0.462195 0.378898 0.048109 0.090016
1 0.418789 0.301906 0.032422 0.051500
2 0.032953 0.370391 0.065906 0.130781
1 0.009352 0.325758 0.018703 0.042047
0 0.059086 0.420445 0.034047 0.110984
