1 0.220664 0.514750 0.073641 0.105500
0 0.287594 0.618992 0.020625 0.144703
0 0.197820 0.734336 0.085953 0.219453
1 0.380586 0.226805 0.035859 0.060578
0 0.408102 0.345039 0.024484 0.136547
1 0.017141 0.200695 0.032687 0.049859
0 0.047164 0.251188 0.021703 0.073750
1 0.186719 0.330859 0.045312 0.049219
0 0.243664 0.375945 0.056672 0.089078
0 0.598547 0.340750 0.032531 0.142531
0 0.646398 0.387391 0.046203 0.140813
0 0.525000 0.309914 0.053281 0.086234
0 0.690148 0.403102 0.029641 0.116359
1 0.676984 0.267023 0.041063 0.049078
1 0.571656 0.233359 0.033906 0.051719
2 0.667875 0.350258 0.076031 0.215734
2 0.204977 0.374273 0.095453 0.136766
0 0.205844 0.414289 0.092188 0.057047
2 0.576758 0.309492 0.077891 0.205078
2 0.391313 0.294609 0.058156 0.195781
2 0.028984 0.241562 0.057969 0.131500
2 0.228133 0.608023 0.143547 0.294891
