1 0.473797 0.259391 0.036719 0.066375
2 0.163086 0.720633 0.201953 0.391703
2 0.443031 0.230875 0.045469 0.077437
1 0.354703 0.463484 0.060844 0.093844
1 0.204320 0.342586 0.034047 0.054297
2 0.204461 0.380258 0.086141 0.127953
2 0.474469 0.319711 0.060281 0.186516
1 0.452344 0.212250 0.026875 0.039375
0 0.299844 0.593508 0.027406 0.076734
0 0.410438 0.642031 0.052375 0.178906
0 0.239500 0.738570 0.068312 0.225828
0 0.084508 0.834555 0.047953 0.280578
0 0.239141 0.371914 0.035094 0.069453
1 0.127977 0.593391 0.087734 0.138156
2 0.361867 0.585500 0.152578 0.339313
0 0.202070 0.402883 0.080609 0.081734
0 0.481203 0.396023 0.045031 0.121828
0 0.433422 0.252617 0.025938 0.033828
