1 0.116641 0.316609 0.055500 0.057719
0 0.173008 0.359219 0.037984 0.043750
2 0.170094 0.328352 0.044594 0.105359
2 0.133336 0.392695 0.109609 0.209297
2 0.055977 0.298813 0.083422 0.181750
2 0.034336 0.368734 0.068672 0.195875
1 0.162289 0.298516 0.028922 0.045375
0 0.293016 0.402773 0.024156 0.144703
0 0.454703 0.517844 0.028594 0.112750
0 0.550242 0.421508 0.043453 0.052297
1 0.586680 0.333383 0.044078 0.057641
2 0.565344 0.415797 0.019562 0.063281
2 0.585391 0.402281 0.056094 0.195438
2 0.595039 0.280430 0.059984 0.124359
2 0.548320 0.232977 0.050203 0.110109
2 0.485422 0.466844 0.090437 0.215063
2 0.292312 0.347406 0.081125 0.220906
1 0.043500 0.231438 0.031719 0.047750
1 0.207570 0.363289 0.037672 0.051703
0 0.097203 0.444656 0.037062 0.073844
2 0.225977 0.411867 0.076047 0.149891
0 0.251125 0.408781 0.027969 0.038281
0 0.245414 0.447797 0.081547 0.077563
1 0.543172 0.200672 0.025625 0.045469
1 0.587625 0.243328 0.027969 0.050781
0 0.530703 0.256891 0.013844 0.062688
0 0.550563 0.266633 0.045437 0.080953
0 0.616406 0.305453 0.017500 0.075469
1 0.484469 0.392055 0.040500 0.064328
0 0.590773 0.452461 0.027734 0.133203
1 0.282102 0.269680 0.037891 0.066203
0 0.264883 0.283461 0.026828 0.067922
0 0.046602 0.311477 0.064453 0.071734
1 0.010727 0.297789 0.021453 0.055141
