2 0.203758 0.380508 0.088109 0.123484
0 0.482852 0.336352 0.017922 0.080422
0 0.554031 0.341445 0.019688 0.074047
0 0.662312 0.333258 0.031312 0.110203
1 0.530641 0.240625 0.036250 0.053906
0 0.612266 0.309461 0.020781 0.082547
1 0.658195 0.222227 0.033641 0.059297
2 0.518820 0.314531 0.091797 0.203750
2 0.640523 0.287656 0.077516 0.189375
0 0.016563 0.310547 0.033125 0.080594
2 0.016422 0.317086 0.032844 0.114984
1 0.199430 0.345164 0.034234 0.053422
0 0.237234 0.375641 0.024781 0.071594
0 0.200727 0.404336 0.081484 0.075391
