1 0.197992 0.330250 0.045797 0.042344
1 0.109219 0.379289 0.056250 0.086328
0 0.142594 0.547164 0.102937 0.164109
1 0.476734 0.593961 0.060875 0.080109
0 0.530070 0.658383 0.066516 0.037641
0 0.491617 0.744297 0.077453 0.137656
1 0.848086 0.598328 0.047328 0.087812
0 0.794187 0.637734 0.042625 0.081094
0 0.935023 0.721398 0.077203 0.138797
1 0.617992 0.218187 0.042047 0.035625
0 0.637680 0.284562 0.017797 0.057937
2 0.621250 0.256727 0.050750 0.112766
2 0.476547 0.683781 0.094125 0.258000
2 0.135695 0.485297 0.118109 0.297406
2 0.840758 0.643406 0.137797 0.180719
0 0.028563 0.451883 0.038187 0.095922
2 0.024688 0.449406 0.049375 0.141000
0 0.233156 0.413523 0.063563 0.045922
2 0.207547 0.379656 0.068531 0.143563
