1 0.870383 0.237281 0.031109 0.042969
1 0.510641 0.221375 0.031563 0.056250
0 0.518227 0.316984 0.036734 0.092938
0 0.463344 0.319258 0.020062 0.120734
1 0.662937 0.382281 0.036312 0.055969
0 0.659398 0.468641 0.065078 0.092875
0 0.598727 0.424680 0.070047 0.066141
0 0.867523 0.327672 0.038422 0.098875
0 0.834383 0.264813 0.028766 0.042656
1 0.982109 0.505727 0.035781 0.056953
0 0.965508 0.588539 0.068984 0.060547
0 0.949234 0.570070 0.051063 0.060234
2 0.976094 0.544125 0.047813 0.134125
1 0.726578 0.681969 0.083406 0.111906
0 0.683914 0.819492 0.079766 0.187266
2 0.725578 0.769117 0.142719 0.286141
1 0.070406 0.229563 0.047281 0.066344
2 0.081781 0.293250 0.070750 0.193438
0 0.086375 0.299242 0.044531 0.054453
2 0.495008 0.278836 0.082922 0.171203
2 0.649516 0.422164 0.083969 0.134328
2 0.853625 0.272898 0.067656 0.114172
1 0.662742 0.194867 0.025172 0.027984
0 0.652031 0.213859 0.031562 0.025000
0 0.656562 0.252313 0.015469 0.021406
2 0.653008 0.221875 0.045391 0.083344
