1 0.018719 0.319914 0.037437 0.076047
1 0.183367 0.330578 0.039391 0.059437
1 0.451828 0.262648 0.033750 0.060234
1 0.151266 0.454742 0.062562 0.087797
1 0.580937 0.230000 0.031875 0.050313
1 0.712242 0.301586 0.045391 0.067141
0 0.076117 0.435023 0.048266 0.167141
0 0.127125 0.600914 0.036375 0.115484
0 0.609016 0.343383 0.026281 0.138359
0 0.534492 0.312117 0.052203 0.111453
0 0.439953 0.339820 0.026781 0.086516
0 0.695688 0.448508 0.043875 0.164422
0 0.739695 0.440258 0.030391 0.151141
0 0.501570 0.323398 0.040953 0.082609
2 0.586719 0.290125 0.068531 0.172625
2 0.715047 0.379258 0.081156 0.225984
0 0.241344 0.376469 0.062250 0.095906
0 0.205375 0.407727 0.096594 0.070953
2 0.175227 0.536328 0.132297 0.250781
2 0.199289 0.372250 0.084547 0.143937
2 0.478750 0.313680 0.087188 0.164203
2 0.035156 0.390547 0.070312 0.221813
