1 0.744617 0.365469 0.044234 0.081875
1 0.204758 0.340164 0.035047 0.057703
2 0.740531 0.448586 0.105281 0.250328
2 0.536859 0.328367 0.080563 0.199516
2 0.379047 0.380117 0.115594 0.238797
1 0.019836 0.374320 0.039672 0.077734
2 0.049500 0.440484 0.097875 0.210781
2 0.204148 0.376789 0.086516 0.133359
1 0.534422 0.259961 0.042438 0.059641
0 0.783586 0.459680 0.024047 0.151328
0 0.701633 0.455594 0.024078 0.106875
0 0.561625 0.379391 0.026375 0.132094
0 0.494656 0.337805 0.038375 0.121172
0 0.415609 0.442047 0.039187 0.164063
0 0.343875 0.325141 0.044625 0.063250
0 0.270109 0.330562 0.093031 0.063844
0 0.203023 0.403219 0.084859 0.077281
0 0.085461 0.456578 0.027641 0.102125
1 0.381437 0.300531 0.041000 0.075312
