0 0.625820 0.310586 0.024016 0.082578
1 0.607805 0.224437 0.031734 0.052969
1 0.661836 0.191836 0.027828 0.032203
2 0.648555 0.219344 0.055641 0.087219
0 0.656133 0.246320 0.020391 0.034516
2 0.854273 0.271828 0.059266 0.113844
2 0.587273 0.373656 0.098828 0.186781
2 0.600977 0.274688 0.073797 0.155625
2 0.732305 0.762188 0.146641 0.302187
2 0.975898 0.543039 0.048203 0.135328
1 0.979039 0.506953 0.041922 0.063281
0 0.941555 0.584508 0.053641 0.055953
0 0.958359 0.588063 0.083281 0.063500
1 0.732195 0.677109 0.089328 0.130156
0 0.683750 0.823211 0.081281 0.181078
1 0.866844 0.236563 0.033906 0.043281
0 0.829031 0.272187 0.025156 0.034219
0 0.864648 0.324344 0.039266 0.104750
0 0.563969 0.429187 0.056500 0.152562
1 0.569813 0.310500 0.039594 0.060937
0 0.561258 0.324508 0.023172 0.123484
