1 0.658039 0.191523 0.021891 0.036016
1 0.348758 0.202672 0.020922 0.044562
1 0.883664 0.224977 0.035797 0.041297
1 0.822281 0.236922 0.031719 0.041781
0 0.776617 0.320312 0.019047 0.077187
0 0.834633 0.342664 0.025516 0.121859
0 0.942883 0.573188 0.049016 0.075750
0 0.964164 0.586648 0.071672 0.053516
1 0.982984 0.508297 0.034031 0.058563
1 0.621906 0.320000 0.042031 0.076250
0 0.064594 0.256531 0.021406 0.073813
2 0.037687 0.234000 0.075375 0.119719
2 0.331727 0.250891 0.055516 0.141344
2 0.979594 0.546188 0.040813 0.134938
2 0.606609 0.353898 0.072906 0.145328
2 0.875062 0.276477 0.054250 0.145484
2 0.806914 0.302344 0.081578 0.174062
2 0.651180 0.225445 0.039047 0.103484
0 0.641297 0.273031 0.019688 0.100813
0 0.602016 0.392141 0.058719 0.067281
