1 0.041688 0.306922 0.043562 0.064000
1 0.167547 0.300977 0.045156 0.045609
1 0.174500 0.470125 0.065375 0.093187
0 0.103844 0.441141 0.031531 0.141125
0 0.262906 0.606188 0.028563 0.111062
0 0.141531 0.626977 0.044344 0.107203
0 0.468555 0.582977 0.050609 0.089672
1 0.498617 0.448695 0.048141 0.067016
1 0.568992 0.386547 0.057547 0.052500
1 0.441266 0.316750 0.039844 0.051094
1 0.550578 0.332109 0.027031 0.040469
1 0.554219 0.863586 0.076812 0.107578
1 0.560727 0.210766 0.026453 0.045312
0 0.566883 0.253953 0.038391 0.057406
0 0.531367 0.270133 0.030172 0.079922
0 0.521266 0.360375 0.040313 0.021125
0 0.495961 0.397430 0.075641 0.043391
0 0.564633 0.463430 0.060516 0.109703
0 0.192695 0.370711 0.072609 0.045141
0 0.209156 0.362156 0.036250 0.025625
0 0.455562 0.415453 0.033375 0.106594
0 0.623773 0.930172 0.060297 0.139656
0 0.608609 0.867938 0.029719 0.046937
2 0.474086 0.521031 0.097984 0.212000
2 0.573898 0.905109 0.156578 0.189781
2 0.199625 0.569695 0.159969 0.292484
2 0.560578 0.450516 0.073656 0.180312
2 0.548578 0.348133 0.031000 0.072109
2 0.559578 0.235430 0.054344 0.095047
2 0.443336 0.391281 0.059172 0.199750
2 0.176953 0.335430 0.066062 0.115203
2 0.048969 0.392266 0.097937 0.236688
