1 0.250969 0.348703 0.051531 0.070687
2 0.384883 0.229320 0.046516 0.105578
1 0.392445 0.194703 0.009234 0.035625
0 0.386781 0.241242 0.042437 0.050016
2 0.068969 0.450156 0.064500 0.203437
2 0.136047 0.500812 0.136531 0.262437
2 0.185117 0.443773 0.110172 0.265578
2 0.271312 0.419562 0.091375 0.212438
2 0.389547 0.358398 0.049875 0.130547
1 0.392867 0.316758 0.043516 0.048109
2 0.441445 0.345047 0.080703 0.176469
2 0.535023 0.373500 0.069172 0.122375
1 0.535586 0.335828 0.029078 0.047031
0 0.518437 0.383656 0.035625 0.046094
0 0.467508 0.368773 0.028141 0.077453
1 0.436094 0.278242 0.030281 0.045484
0 0.232008 0.426055 0.015078 0.066516
0 0.187750 0.504016 0.034531 0.107969
0 0.263570 0.488375 0.030922 0.123500
1 0.097945 0.404367 0.059109 0.070016
1 0.066422 0.383758 0.050094 0.068516
1 0.154305 0.347070 0.048703 0.071984
