0 0.518078 0.382219 0.035625 0.050563
0 0.514953 0.364516 0.020625 0.020469
1 0.635180 0.247148 0.031422 0.056016
0 0.659828 0.346539 0.027875 0.125047
0 0.608250 0.312656 0.034438 0.075937
2 0.185109 0.414172 0.110375 0.196656
2 0.242281 0.397922 0.066375 0.131656
0 0.344031 0.347258 0.068250 0.052047
2 0.194414 0.543203 0.088016 0.283594
2 0.270344 0.607594 0.162781 0.290438
2 0.632727 0.304164 0.081422 0.168859
0 0.205891 0.644336 0.028875 0.061641
2 0.403328 0.338172 0.086313 0.150531
0 0.359508 0.602469 0.102609 0.131313
1 0.255898 0.510078 0.064609 0.094969
1 0.184289 0.444023 0.068328 0.087266
0 0.143094 0.489641 0.025750 0.158844
0 0.230031 0.435930 0.020594 0.075266
0 0.262859 0.426000 0.024063 0.074875
2 0.531594 0.360977 0.063437 0.093047
2 0.250352 0.276789 0.062891 0.135797
0 0.297281 0.560562 0.047313 0.042000
1 0.178656 0.345195 0.044969 0.059609
1 0.230742 0.359242 0.039109 0.053391
1 0.406734 0.287117 0.031906 0.047922
0 0.275914 0.297242 0.010078 0.043953
0 0.226398 0.300750 0.014609 0.044750
1 0.243766 0.227266 0.025156 0.037500
1 0.549406 0.335578 0.028281 0.041969
