0 0.648273 0.216148 0.048922 0.033297
0 0.416789 0.478664 0.041609 0.158234
0 0.321734 0.468375 0.030031 0.113594
1 0.357469 0.352289 0.048125 0.072578
0 0.555383 0.286023 0.033391 0.103609
1 0.547000 0.200437 0.023281 0.038438
2 0.726516 0.460352 0.101750 0.156172
2 0.365430 0.437070 0.117109 0.242109
0 0.680352 0.473992 0.054484 0.098984
0 0.750617 0.504148 0.068422 0.109516
2 0.953750 0.321727 0.092500 0.189578
2 0.635539 0.208352 0.036078 0.104203
1 0.641164 0.173656 0.022516 0.032344
2 0.548289 0.257297 0.027203 0.155844
0 0.947211 0.336070 0.073672 0.080672
1 0.971148 0.263000 0.045391 0.070000
0 0.988805 0.365867 0.022391 0.146234
1 0.727547 0.410547 0.047594 0.055156
