0 0.224102 0.629609 0.041766 0.167656
1 0.124359 0.496937 0.061687 0.095188
0 0.106133 0.691820 0.061328 0.217797
1 0.411320 0.392266 0.050734 0.074219
0 0.422961 0.468648 0.051891 0.115516
1 0.898492 0.267992 0.040641 0.056828
1 0.585313 0.244625 0.029906 0.055750
0 0.602766 0.307555 0.057187 0.063641
2 0.150516 0.612758 0.152219 0.327922
2 0.402578 0.457555 0.093281 0.205391
2 0.601039 0.297094 0.061109 0.161750
2 0.886539 0.349352 0.091234 0.220047
0 0.850008 0.349078 0.018953 0.067719
0 0.574688 0.302789 0.010000 0.053766
