2 0.573625 0.921359 0.180563 0.157281
0 0.740727 0.464906 0.051578 0.161687
2 0.704961 0.256477 0.058141 0.139078
0 0.686797 0.296438 0.022125 0.116219
0 0.824336 0.329367 0.062953 0.069703
1 0.550117 0.921734 0.134203 0.156531
0 0.502383 0.616391 0.042453 0.214844
0 0.570406 0.515391 0.063937 0.119312
1 0.758570 0.313266 0.050453 0.067781
1 0.849500 0.240422 0.037969 0.049219
1 0.707758 0.211281 0.029391 0.048125
1 0.550242 0.436305 0.055484 0.105516
2 0.837430 0.289922 0.063203 0.148719
2 0.749750 0.397383 0.069281 0.235766
2 0.541609 0.527664 0.122312 0.289609
