0 0.815992 0.394250 0.050859 0.134938
0 0.763820 0.374812 0.050141 0.113937
1 0.387086 0.298953 0.040797 0.057094
0 0.361711 0.408008 0.045734 0.123328
1 0.497766 0.439773 0.059781 0.095766
0 0.451727 0.640930 0.034953 0.208047
0 0.544930 0.597273 0.019328 0.182422
1 0.796016 0.292766 0.034531 0.064531
2 0.495398 0.539023 0.122047 0.300703
2 0.376852 0.357437 0.075734 0.173563
2 0.588289 0.253523 0.045328 0.138516
2 0.651344 0.300703 0.052688 0.179656
2 0.816203 0.337070 0.075281 0.153047
0 0.581875 0.291203 0.026875 0.093187
0 0.653781 0.349984 0.033594 0.128812
1 0.659648 0.238086 0.035234 0.052578
1 0.581953 0.205547 0.024688 0.040000
