2 0.184570 0.409430 0.091859 0.221141
2 0.566750 0.387789 0.054719 0.114859
1 0.651898 0.243375 0.033141 0.038750
0 0.620461 0.282555 0.046578 0.097234
0 0.648180 0.324086 0.023828 0.077141
1 0.756141 0.421898 0.058406 0.071234
0 0.707648 0.494430 0.030703 0.075953
0 0.534922 0.417797 0.055219 0.054719
1 0.580562 0.347266 0.027031 0.033594
0 0.203922 0.467187 0.077594 0.131563
0 0.256922 0.440594 0.074125 0.063187
1 0.209414 0.361578 0.041172 0.049031
1 0.163375 0.333109 0.049125 0.068031
2 0.747648 0.497227 0.095766 0.220984
2 0.650188 0.293586 0.053719 0.139453
1 0.614367 0.199141 0.029078 0.051406
0 0.544109 0.677750 0.066094 0.095188
0 0.541602 0.625484 0.033609 0.030781
1 0.519898 0.592836 0.060234 0.083172
2 0.508734 0.662922 0.138031 0.223906
0 0.744547 0.523734 0.090781 0.069094
2 0.376367 0.221438 0.053234 0.138438
1 0.362242 0.173437 0.015953 0.042125
0 0.359555 0.256688 0.018859 0.104375
0 0.397219 0.241281 0.011594 0.070312
0 0.554555 0.388141 0.019391 0.016719
2 0.221312 0.411875 0.065500 0.148750
