0 0.574992 0.263414 0.018828 0.123109
1 0.799602 0.346562 0.054203 0.057500
2 0.588547 0.226539 0.052156 0.162422
2 0.771734 0.420742 0.109812 0.207266
2 0.953648 0.508125 0.092703 0.167187
2 0.863578 0.387148 0.114062 0.157453
0 0.913453 0.514633 0.052500 0.066359
0 0.969352 0.553156 0.061297 0.078375
0 0.859195 0.432055 0.033078 0.103391
0 0.789312 0.483508 0.034312 0.127016
2 0.171187 0.639820 0.076687 0.194422
0 0.156633 0.567008 0.075516 0.091734
2 0.274094 0.651461 0.111375 0.206766
0 0.316063 0.695617 0.028125 0.117828
0 0.180641 0.722141 0.066750 0.143531
1 0.278180 0.589602 0.049359 0.079859
1 0.180609 0.581586 0.056094 0.076516
1 0.958258 0.450102 0.043328 0.051047
1 0.893539 0.337734 0.052828 0.057344
1 0.600375 0.170641 0.028594 0.050594
2 0.064687 0.206133 0.048469 0.163047
1 0.063023 0.152820 0.036703 0.057141
