2 0.760117 0.322773 0.080297 0.188516
2 0.468688 0.240336 0.033906 0.115734
0 0.874758 0.327133 0.035984 0.123109
1 0.903430 0.236234 0.017516 0.046750
2 0.884250 0.300742 0.055844 0.175953
2 0.578586 0.218844 0.059891 0.128594
2 0.525422 0.226070 0.044750 0.176797
2 0.431586 0.271594 0.063578 0.184313
0 0.443305 0.293219 0.028734 0.083563
0 0.468984 0.263922 0.031812 0.060250
1 0.445758 0.203609 0.035484 0.048125
1 0.466695 0.203063 0.013297 0.041094
0 0.413852 0.192750 0.044797 0.085125
0 0.512820 0.262578 0.019891 0.121562
1 0.522891 0.160805 0.030938 0.046453
1 0.585930 0.173203 0.026422 0.037500
0 0.593898 0.224109 0.028453 0.049594
0 0.558141 0.249891 0.017375 0.065281
0 0.740086 0.304586 0.039234 0.065828
1 0.772563 0.255328 0.035313 0.052656
