2 0.174219 0.425109 0.098937 0.230406
2 0.104937 0.369422 0.096312 0.213562
2 0.162031 0.297297 0.036094 0.033688
1 0.215031 0.353906 0.043031 0.046094
2 0.582180 0.908648 0.171641 0.182703
1 0.561336 0.873727 0.079859 0.113016
0 0.611961 0.914813 0.044828 0.051531
0 0.630211 0.959836 0.073297 0.080328
2 0.505797 0.593820 0.183188 0.166609
0 0.584781 0.620305 0.057437 0.074484
0 0.518055 0.620945 0.088891 0.132797
1 0.573750 0.549336 0.048750 0.078391
1 0.563414 0.333219 0.031734 0.045312
1 0.479797 0.403758 0.041750 0.066359
1 0.162148 0.297406 0.035953 0.033750
1 0.162406 0.343164 0.049812 0.066516
0 0.140344 0.477516 0.031750 0.113094
0 0.076531 0.421570 0.039594 0.167797
0 0.116375 0.382625 0.074375 0.077000
1 0.094500 0.296625 0.043125 0.068938
0 0.526758 0.392086 0.065453 0.046641
0 0.266703 0.443156 0.034406 0.102375
0 0.536117 0.372000 0.024547 0.010781
2 0.552781 0.372055 0.060937 0.123078
0 0.507914 0.228188 0.038297 0.047500
1 0.516789 0.180172 0.022516 0.038594
0 0.532906 0.229875 0.012500 0.020000
2 0.512680 0.213734 0.047703 0.105656
0 0.238648 0.456930 0.041141 0.032734
2 0.232359 0.401609 0.077844 0.143031
0 0.529297 0.496781 0.020438 0.043750
0 0.442313 0.518492 0.023969 0.076141
2 0.478094 0.470367 0.096000 0.199703
