0 0.552000 0.850648 0.014719 0.073234
1 0.017203 0.203781 0.034406 0.045625
2 0.351789 0.401320 0.060078 0.218297
2 0.208781 0.374781 0.053781 0.126375
2 0.640258 0.302336 0.061297 0.143141
2 0.580641 0.386477 0.041219 0.117516
2 0.477094 0.677422 0.096000 0.233594
2 0.622711 0.837242 0.156422 0.325516
2 0.831711 0.609047 0.121484 0.150344
0 0.809617 0.634234 0.077578 0.114812
0 0.837063 0.639734 0.110063 0.087719
1 0.854359 0.568180 0.054625 0.068078
0 0.697469 0.786633 0.088219 0.174234
1 0.628414 0.726047 0.072391 0.101656
0 0.530695 0.661492 0.063266 0.027109
0 0.533539 0.709250 0.097922 0.094500
1 0.479656 0.592961 0.058063 0.064422
0 0.637734 0.314617 0.056094 0.067328
0 0.656047 0.319891 0.029906 0.060250
1 0.646680 0.258930 0.026672 0.056016
0 0.243227 0.406188 0.033766 0.018438
0 0.593609 0.422313 0.050969 0.069156
1 0.587500 0.353844 0.028125 0.051562
1 0.353594 0.322055 0.043437 0.059328
0 0.358320 0.457508 0.052891 0.149984
0 0.236586 0.411508 0.073422 0.052609
1 0.203484 0.333727 0.043719 0.044766
2 0.020594 0.335242 0.041188 0.168547
2 0.078156 0.341070 0.094656 0.206516
2 0.130938 0.462195 0.112125 0.240922
0 0.162750 0.463344 0.049812 0.058969
1 0.103750 0.376906 0.057750 0.070250
0 0.051211 0.383656 0.039828 0.121469
1 0.082469 0.263437 0.040969 0.052469
1 0.009414 0.273844 0.018828 0.046875
2 0.029070 0.249258 0.058141 0.137766
0 0.073742 0.230438 0.056953 0.051094
