0 0.150523 0.610539 0.118453 0.125797
2 0.161281 0.575297 0.143187 0.298500
2 0.454914 0.320422 0.060453 0.178313
2 0.948484 0.346297 0.103031 0.180719
2 0.819266 0.303023 0.071969 0.151078
2 0.653500 0.277742 0.058344 0.157453
0 0.478344 0.363109 0.046938 0.112563
1 0.829477 0.252125 0.037266 0.047719
0 0.676023 0.301883 0.018516 0.072266
1 0.649531 0.227086 0.030375 0.055328
1 0.155039 0.484016 0.065547 0.112781
0 0.227086 0.603156 0.046016 0.195188
0 0.919281 0.392664 0.043313 0.148766
1 0.980461 0.284023 0.039078 0.056047
0 0.847898 0.329617 0.013609 0.055141
0 0.796680 0.339195 0.025672 0.072859
1 0.448008 0.256484 0.037203 0.048750
