0 0.524641 0.284031 0.039906 0.099437
1 0.092828 0.223609 0.014656 0.054406
2 0.089773 0.278352 0.047953 0.166859
0 0.087680 0.313992 0.034672 0.092984
1 0.659148 0.183000 0.020484 0.036719
1 0.676492 0.205992 0.027047 0.040203
0 0.683055 0.250547 0.049359 0.049219
1 0.994039 0.406266 0.011922 0.047687
0 0.962133 0.473828 0.041859 0.066531
0 0.982805 0.494258 0.034391 0.036016
2 0.983734 0.447445 0.032531 0.131328
2 0.645711 0.207672 0.048109 0.086844
2 0.669617 0.240094 0.041703 0.109500
2 0.544055 0.252227 0.077422 0.167109
2 0.366633 0.359328 0.072766 0.147281
1 0.373078 0.318156 0.041094 0.065563
0 0.368242 0.396164 0.075328 0.074234
1 0.554078 0.191484 0.034531 0.044844
