2 0.599867 0.251930 0.060297 0.138641
0 0.590617 0.286055 0.024359 0.103766
0 0.529227 0.341766 0.043078 0.067719
1 0.527383 0.265055 0.044797 0.048547
2 0.453547 0.201781 0.030219 0.111750
2 0.071867 0.219695 0.069016 0.181859
0 0.091102 0.246234 0.030547 0.129094
1 0.050172 0.156422 0.025125 0.054344
2 0.281313 0.671195 0.110188 0.225547
1 0.294117 0.597797 0.057891 0.077312
2 0.162406 0.634547 0.090062 0.201844
1 0.181391 0.574672 0.050844 0.080969
0 0.322023 0.709805 0.029047 0.072828
0 0.179719 0.723781 0.067312 0.145250
2 0.654633 0.797141 0.134359 0.405719
1 0.677203 0.637602 0.073906 0.087797
0 0.630359 0.870359 0.083781 0.185313
2 0.518406 0.325430 0.062750 0.170766
1 0.613023 0.204500 0.031891 0.043063
