2 0.567164 0.687406 0.137766 0.354562
0 0.080477 0.298141 0.038609 0.098687
0 0.042727 0.362617 0.029609 0.124766
1 0.010242 0.266914 0.020484 0.065047
2 0.034063 0.323156 0.068125 0.176906
2 0.059766 0.284320 0.079438 0.170734
0 0.520797 0.637625 0.043969 0.049000
1 0.222539 0.394789 0.058359 0.068859
0 0.281813 0.412547 0.038844 0.086156
0 0.366625 0.454305 0.029187 0.145141
1 0.307594 0.340500 0.043719 0.069000
1 0.039477 0.227484 0.031734 0.057656
1 0.478609 0.584313 0.054531 0.061250
0 0.512102 0.709594 0.031453 0.097531
0 0.530656 0.799828 0.065344 0.215750
1 0.570195 0.557875 0.070578 0.097156
1 0.851305 0.578680 0.061359 0.075609
0 0.678055 0.331195 0.042359 0.062953
0 0.656133 0.331047 0.018141 0.068938
1 0.666695 0.271789 0.035328 0.057672
1 0.635078 0.401859 0.037031 0.054906
0 0.608898 0.434313 0.047828 0.032344
2 0.615789 0.415711 0.075609 0.089609
0 0.841023 0.658586 0.084266 0.097516
0 0.799383 0.650875 0.051547 0.132625
2 0.828836 0.624211 0.109016 0.167516
2 0.480469 0.674023 0.096344 0.241203
0 0.281109 0.523906 0.049875 0.122813
1 0.250359 0.335875 0.045781 0.047031
2 0.321688 0.416867 0.119313 0.221891
2 0.247414 0.487570 0.118984 0.253922
2 0.246063 0.369539 0.054375 0.115141
2 0.674359 0.324523 0.054719 0.164078
