1 0.540594 0.179844 0.032344 0.045000
1 0.636813 0.181484 0.028594 0.038594
1 0.639172 0.153891 0.025000 0.029375
1 0.691859 0.150609 0.020469 0.040625
1 0.866023 0.273055 0.039547 0.063109
1 0.643359 0.402391 0.035937 0.059531
1 0.344609 0.136656 0.016562 0.048750
2 0.629984 0.191562 0.053875 0.103969
2 0.628273 0.233727 0.055203 0.143172
2 0.678492 0.199914 0.047828 0.139203
2 0.529391 0.230070 0.069781 0.147047
2 0.344391 0.170398 0.017844 0.116766
2 0.136984 0.655891 0.110031 0.176969
2 0.319883 0.637852 0.118047 0.211078
2 0.400648 0.401055 0.071203 0.153516
2 0.647250 0.580961 0.104781 0.195891
2 0.633563 0.440984 0.091281 0.137969
2 0.839656 0.327102 0.092750 0.170797
1 0.658914 0.512953 0.060922 0.059344
0 0.424914 0.406891 0.022422 0.065500
0 0.413180 0.445117 0.058641 0.110703
0 0.507102 0.255438 0.024516 0.085625
0 0.556125 0.255781 0.016094 0.040125
0 0.645977 0.268320 0.019391 0.095547
0 0.826680 0.328516 0.062766 0.074219
0 0.868055 0.340930 0.021609 0.056953
0 0.616141 0.611578 0.042438 0.069656
0 0.663547 0.222336 0.017656 0.093953
0 0.110070 0.653281 0.096391 0.095000
0 0.099953 0.568797 0.049906 0.064094
0 0.608453 0.468664 0.041281 0.099859
0 0.648328 0.479063 0.061063 0.061156
0 0.364758 0.684109 0.027672 0.053344
1 0.113922 0.606320 0.063531 0.076797
1 0.345359 0.567227 0.062594 0.067734
1 0.407789 0.351492 0.031109 0.053578
