2 0.643734 0.310500 0.047938 0.171500
0 0.346500 0.389656 0.010094 0.069687
0 0.408437 0.443195 0.030344 0.139734
2 0.035336 0.402695 0.070672 0.152797
0 0.041602 0.406969 0.039703 0.110500
0 0.353484 0.328922 0.029719 0.052625
1 0.346820 0.268555 0.035766 0.044766
1 0.364383 0.273359 0.020641 0.043594
1 0.387164 0.304094 0.043453 0.057125
0 0.547461 0.377984 0.020484 0.025000
0 0.539180 0.401961 0.042672 0.051703
1 0.579758 0.350766 0.028609 0.031250
0 0.636000 0.323578 0.032344 0.066875
0 0.606180 0.307516 0.025172 0.087219
1 0.587477 0.236133 0.030203 0.047609
1 0.643242 0.247539 0.033734 0.046172
0 0.471336 0.247531 0.035609 0.054344
0 0.451641 0.257617 0.016094 0.067422
1 0.461906 0.196109 0.020313 0.039844
2 0.565164 0.381570 0.058578 0.092859
2 0.605008 0.278359 0.065641 0.131406
2 0.467766 0.239859 0.047750 0.127781
2 0.382383 0.380016 0.081797 0.209969
2 0.330227 0.328555 0.077391 0.164703
2 0.364719 0.289609 0.021031 0.076313
0 0.483492 0.702063 0.056047 0.131937
1 0.436703 0.615422 0.073906 0.071406
0 0.478992 0.657813 0.029516 0.085094
2 0.453914 0.700320 0.116547 0.240328
0 0.865586 0.473328 0.055328 0.102406
0 0.816648 0.457188 0.039266 0.088219
1 0.858680 0.396063 0.049078 0.068594
2 0.842422 0.472109 0.102750 0.219844
