2 0.928055 0.638062 0.143891 0.274875
0 0.654586 0.256437 0.026859 0.089063
0 0.595609 0.275070 0.020906 0.102109
0 0.320195 0.707734 0.033047 0.076969
0 0.181070 0.720187 0.069359 0.146094
1 0.962688 0.544469 0.074625 0.088094
1 0.666023 0.181891 0.023453 0.037187
1 0.616383 0.193594 0.030328 0.039844
1 0.292727 0.600844 0.054047 0.084000
1 0.177219 0.577180 0.056563 0.072516
0 0.627812 0.274578 0.014063 0.028125
2 0.608289 0.242688 0.047391 0.137781
2 0.655109 0.231961 0.045750 0.138328
2 0.168797 0.638391 0.076781 0.195719
2 0.281469 0.660352 0.112406 0.201797
