2 0.251961 0.290148 0.051828 0.226953
2 0.586211 0.207164 0.043141 0.142422
2 0.606047 0.227641 0.058188 0.143781
2 0.633648 0.435039 0.071953 0.134234
1 0.113547 0.597648 0.068062 0.078078
0 0.122297 0.658922 0.108250 0.096219
0 0.116617 0.566383 0.051547 0.075172
2 0.135742 0.620469 0.112422 0.183750
1 0.097227 0.746828 0.097109 0.134344
0 0.184555 0.874859 0.086391 0.117719
2 0.154500 0.805844 0.211500 0.255813
0 0.624328 0.616117 0.056250 0.066172
1 0.664203 0.516516 0.055500 0.058906
2 0.649930 0.582070 0.107953 0.189641
0 0.639789 0.469438 0.059359 0.063000
1 0.644133 0.394281 0.037047 0.053125
0 0.688320 0.349477 0.016641 0.059234
0 0.634133 0.251523 0.040922 0.071734
1 0.670633 0.223250 0.033297 0.048281
0 0.574062 0.230742 0.018219 0.103609
0 0.581023 0.255063 0.008359 0.075906
0 0.626602 0.248617 0.015953 0.078859
1 0.606203 0.173328 0.023594 0.035313
1 0.596711 0.156445 0.021922 0.040703
0 0.821578 0.328813 0.045844 0.110000
0 0.877453 0.349625 0.036063 0.113719
1 0.885219 0.248109 0.039406 0.064531
2 0.856656 0.300836 0.096937 0.170359
2 0.656992 0.283273 0.086828 0.169078
0 0.424367 0.404625 0.022703 0.065750
0 0.612773 0.475508 0.029609 0.087859
1 0.259273 0.207563 0.036891 0.062344
0 0.229758 0.346203 0.058391 0.148531
1 0.404414 0.357516 0.047516 0.040625
0 0.410586 0.443719 0.056734 0.095375
2 0.400250 0.401594 0.071750 0.128188
