0 0.628383 0.269102 0.017766 0.067359
1 0.597555 0.204344 0.024078 0.035469
1 0.742977 0.204570 0.031578 0.045922
1 0.722820 0.168859 0.020953 0.036094
1 0.483445 0.511008 0.067234 0.105359
0 0.766898 0.290039 0.021828 0.115172
0 0.690594 0.228914 0.021875 0.058766
0 0.711945 0.293953 0.015984 0.113750
0 0.582523 0.260680 0.013141 0.049234
0 0.525133 0.688547 0.052484 0.141437
2 0.708383 0.211000 0.058359 0.125063
2 0.741602 0.258461 0.076172 0.155203
2 0.606625 0.245125 0.062469 0.117625
2 0.480930 0.641414 0.139703 0.372359
