2 0.422398 0.360055 0.097297 0.218953
2 0.513656 0.455820 0.094156 0.205078
0 0.084516 0.318898 0.045375 0.075328
2 0.233102 0.388039 0.071266 0.208391
2 0.170266 0.336328 0.054312 0.119062
2 0.034211 0.305953 0.068422 0.178969
2 0.061687 0.344789 0.077281 0.191297
0 0.368008 0.229992 0.011172 0.040578
2 0.378391 0.219539 0.034156 0.138234
1 0.366773 0.169133 0.007047 0.036922
1 0.415789 0.277422 0.033922 0.055469
1 0.513969 0.383211 0.044969 0.059766
0 0.608336 0.482016 0.042297 0.112156
0 0.615531 0.307250 0.025281 0.067562
1 0.586781 0.338141 0.028969 0.029312
0 0.016492 0.315812 0.032984 0.093250
1 0.161984 0.299453 0.035937 0.045000
1 0.224055 0.315586 0.046016 0.061703
0 0.250695 0.454313 0.047609 0.142281
0 0.174094 0.360305 0.037281 0.044734
0 0.069695 0.383531 0.061359 0.124000
1 0.045227 0.274000 0.044234 0.049531
1 0.035383 0.237594 0.036109 0.041406
0 0.545766 0.455531 0.028938 0.064625
1 0.581984 0.381273 0.037281 0.068078
1 0.608875 0.240734 0.029469 0.046813
2 0.602102 0.281555 0.052328 0.128359
2 0.586656 0.337922 0.028656 0.029500
2 0.591680 0.436016 0.076641 0.177969
0 0.390891 0.301875 0.032875 0.101562
0 0.457500 0.404242 0.025500 0.129703
