0 0.798344 0.301953 0.060563 0.073313
2 0.847852 0.294461 0.086984 0.166547
0 0.301875 0.504812 0.025469 0.038281
1 0.868969 0.237797 0.038281 0.052813
0 0.868727 0.348164 0.044547 0.118516
1 0.510984 0.401055 0.052813 0.076484
2 0.600094 0.181805 0.050469 0.144328
0 0.551586 0.442781 0.051266 0.035875
0 0.571156 0.465570 0.065375 0.058234
0 0.523227 0.567031 0.032922 0.185687
0 0.240977 0.490281 0.095359 0.098812
1 0.247562 0.392414 0.048156 0.086891
0 0.581844 0.208156 0.013406 0.091937
1 0.593102 0.389703 0.033922 0.056250
0 0.616789 0.210039 0.016484 0.068391
1 0.609391 0.129766 0.020156 0.041094
0 0.456398 0.500164 0.023266 0.093422
2 0.245602 0.449750 0.103359 0.202563
2 0.492125 0.500445 0.096344 0.275984
2 0.607266 0.438172 0.062344 0.152688
