0 0.955641 0.510992 0.050344 0.107078
1 0.654062 0.182000 0.024375 0.039375
1 0.514586 0.268797 0.032703 0.053906
0 0.130234 0.506086 0.048906 0.143141
0 0.045172 0.464156 0.064406 0.111063
1 0.054203 0.386664 0.052062 0.086984
0 0.656508 0.274000 0.037672 0.092937
2 0.529320 0.325844 0.062797 0.168625
2 0.073430 0.469055 0.120328 0.254391
2 0.648602 0.231555 0.053234 0.139391
2 0.965000 0.461539 0.070000 0.202891
2 0.956805 0.598867 0.086391 0.282172
0 0.939961 0.655938 0.108484 0.166031
1 0.987109 0.396625 0.025781 0.070781
1 0.990398 0.493063 0.019203 0.069344
0 0.633789 0.265453 0.024828 0.080969
0 0.537539 0.372508 0.041672 0.118078
