1 0.492000 0.144383 0.027031 0.045641
2 0.069344 0.241242 0.060219 0.185016
0 0.527172 0.319156 0.059094 0.056719
0 0.560898 0.360078 0.022828 0.120469
1 0.526023 0.259750 0.035797 0.054844
0 0.069523 0.292273 0.035891 0.122797
0 0.492313 0.200867 0.043281 0.052641
0 0.765359 0.837703 0.083312 0.184250
0 0.666508 0.716727 0.062859 0.065453
1 0.768531 0.621422 0.095219 0.085094
0 0.180547 0.724531 0.069531 0.138125
0 0.320305 0.710289 0.032547 0.074484
1 0.177695 0.574320 0.060391 0.077734
1 0.294859 0.599297 0.057094 0.077813
2 0.163344 0.636555 0.090750 0.201641
2 0.282719 0.672461 0.107656 0.224891
0 0.621453 0.276938 0.038125 0.081625
1 0.632102 0.204516 0.040641 0.042813
1 0.053438 0.175781 0.029063 0.053437
2 0.497906 0.190664 0.039562 0.138203
2 0.533039 0.326305 0.079203 0.188641
2 0.620734 0.254656 0.063219 0.143625
2 0.748812 0.737438 0.151656 0.317625
