1 0.021820 0.302797 0.043641 0.057313
1 0.217219 0.353133 0.048656 0.069953
2 0.041242 0.377383 0.082484 0.205359
0 0.068305 0.393508 0.026953 0.069516
2 0.470453 0.673734 0.116969 0.234875
2 0.839695 0.589125 0.102734 0.169125
2 0.579359 0.387352 0.054219 0.117984
2 0.431727 0.335289 0.078516 0.206578
2 0.307867 0.287383 0.032578 0.079109
2 0.334594 0.325703 0.085938 0.163906
2 0.241711 0.438078 0.115016 0.239813
1 0.447789 0.596234 0.048391 0.079625
0 0.530539 0.687664 0.088609 0.095359
0 0.516547 0.630008 0.073125 0.049484
0 0.825344 0.632281 0.072937 0.081375
1 0.849625 0.537813 0.050219 0.063500
2 0.484422 0.240102 0.039469 0.127016
0 0.621039 0.320000 0.012734 0.055156
2 0.641539 0.306234 0.055641 0.157844
1 0.640195 0.251664 0.037266 0.047922
0 0.658406 0.334750 0.021156 0.101187
1 0.588008 0.352445 0.036891 0.047203
0 0.558016 0.419375 0.035281 0.054438
0 0.461328 0.379008 0.019531 0.119797
1 0.484273 0.194391 0.031109 0.036406
0 0.483891 0.248203 0.038594 0.050312
1 0.433039 0.257766 0.034391 0.050938
0 0.361766 0.329172 0.031344 0.063594
1 0.342578 0.265516 0.033594 0.040781
1 0.309594 0.270141 0.029531 0.043906
0 0.289719 0.313359 0.040750 0.039219
0 0.277117 0.470234 0.043516 0.115844
0 0.198039 0.462273 0.026234 0.076266
