1 0.457992 0.132641 0.025016 0.040125
1 0.204391 0.343227 0.035656 0.054578
1 0.339844 0.496945 0.071687 0.096891
1 0.596367 0.651609 0.074297 0.087188
1 0.848734 0.368875 0.050281 0.089344
2 0.330805 0.591047 0.100047 0.284594
2 0.551078 0.765750 0.185656 0.315375
2 0.833570 0.454648 0.107734 0.263797
0 0.243086 0.381062 0.026141 0.062750
0 0.492273 0.195062 0.028266 0.066656
0 0.432531 0.206992 0.025219 0.091859
0 0.786320 0.495477 0.049922 0.134328
0 0.860375 0.532867 0.052844 0.196078
0 0.495555 0.787125 0.074203 0.127000
0 0.382492 0.595938 0.052266 0.048406
0 0.368227 0.623766 0.073609 0.090906
2 0.017258 0.244016 0.034516 0.111656
0 0.202297 0.408328 0.079687 0.069594
0 0.017414 0.240813 0.033609 0.058094
2 0.459445 0.182766 0.079266 0.140250
2 0.206852 0.379937 0.089766 0.126687
