2 0.889305 0.615812 0.132391 0.198000
0 0.307789 0.315109 0.034953 0.081031
0 0.262883 0.384875 0.026703 0.130469
1 0.414773 0.334070 0.039953 0.044984
0 0.440422 0.362063 0.038531 0.074625
0 0.435273 0.342531 0.025734 0.064844
1 0.610727 0.566422 0.086797 0.080250
0 0.637789 0.744852 0.097516 0.131234
1 0.888344 0.555937 0.057125 0.074688
0 0.919070 0.680492 0.072797 0.068703
0 0.811484 0.588602 0.072031 0.048109
1 0.538758 0.198859 0.027516 0.032906
0 0.556047 0.253648 0.023750 0.049578
2 0.287430 0.326398 0.075016 0.137516
2 0.415633 0.365406 0.087766 0.106063
2 0.544578 0.231820 0.047313 0.098234
2 0.593922 0.647687 0.121344 0.242531
1 0.281031 0.285773 0.027812 0.056266
