1 0.209680 0.279414 0.028078 0.053984
1 0.581039 0.402516 0.054797 0.082000
1 0.579148 0.286297 0.033922 0.071562
1 0.671883 0.226844 0.033297 0.047656
1 0.842141 0.246320 0.043344 0.053484
2 0.591609 0.325055 0.077313 0.149891
2 0.579758 0.506797 0.118234 0.290906
2 0.831469 0.314492 0.068531 0.193016
0 0.820937 0.366063 0.047625 0.131000
0 0.691664 0.319555 0.024297 0.096422
0 0.616187 0.396477 0.027594 0.146516
0 0.601555 0.593977 0.072422 0.229047
0 0.552469 0.576484 0.065000 0.205219
2 0.213922 0.337969 0.054906 0.173344
2 0.667969 0.269992 0.051812 0.134391
