0 0.228680 0.743633 0.079203 0.123859
2 0.191258 0.703164 0.107359 0.205672
0 0.835133 0.325211 0.045359 0.128391
2 0.643961 0.223984 0.038516 0.067969
0 0.981672 0.527656 0.036656 0.091625
1 0.119211 0.601297 0.056766 0.081438
2 0.123914 0.631609 0.076891 0.145094
0 0.415320 0.429734 0.073984 0.078375
0 0.440688 0.429398 0.046469 0.053453
2 0.400438 0.405273 0.074438 0.121828
1 0.628414 0.587930 0.085984 0.074297
2 0.611320 0.625312 0.127672 0.152531
0 0.899727 0.522766 0.063828 0.144469
1 0.701875 0.569797 0.059906 0.085438
0 0.742695 0.613781 0.044484 0.064719
0 0.696453 0.632992 0.083438 0.057641
0 0.877609 0.438805 0.070469 0.127672
1 0.930445 0.445477 0.044484 0.064922
1 0.177594 0.645664 0.071750 0.087641
1 0.410812 0.374602 0.051469 0.059078
2 0.690063 0.602406 0.090437 0.156219
1 0.937227 0.357047 0.049734 0.061250
0 0.631836 0.226195 0.037141 0.038016
1 0.897547 0.293633 0.048312 0.062922
1 0.883250 0.248086 0.039750 0.056578
0 0.939047 0.513875 0.045656 0.100313
2 0.913609 0.475711 0.093031 0.127516
2 0.879461 0.385078 0.168172 0.120156
2 0.876023 0.318898 0.092797 0.114516
2 0.857711 0.293687 0.094266 0.148594
0 0.657742 0.235664 0.020391 0.044766
1 0.648109 0.208383 0.028188 0.036047
