1 0.659711 0.182680 0.019203 0.035672
2 0.669594 0.241930 0.039875 0.112109
2 0.649578 0.203719 0.039250 0.077906
1 0.373156 0.317297 0.043000 0.067281
2 0.365906 0.366898 0.071187 0.166672
0 0.491117 0.271711 0.027453 0.095484
0 0.528984 0.253906 0.013281 0.078906
0 0.399430 0.387898 0.018641 0.046641
1 0.677969 0.206734 0.022812 0.041000
2 0.977055 0.526156 0.045891 0.123344
0 0.941219 0.546703 0.053031 0.046719
0 0.961437 0.566516 0.077125 0.044250
1 0.983766 0.492203 0.032469 0.056250
1 0.507734 0.174047 0.030625 0.044687
0 0.683047 0.251109 0.050625 0.048438
0 0.365977 0.390227 0.070484 0.090641
2 0.505023 0.228352 0.054641 0.153984
