1 0.615500 0.234156 0.033125 0.043906
0 0.778406 0.318820 0.020594 0.113609
0 0.827461 0.388555 0.036578 0.109516
0 0.910727 0.413312 0.029578 0.162281
0 0.988383 0.309312 0.023234 0.119500
1 0.874133 0.284656 0.041203 0.068969
1 0.760875 0.215391 0.032219 0.040156
2 0.974187 0.275078 0.051625 0.151031
1 0.993109 0.216016 0.013781 0.031250
2 0.879414 0.356297 0.092641 0.211188
2 0.748922 0.281805 0.079094 0.171578
0 0.588578 0.333789 0.018063 0.105453
0 0.716836 0.324289 0.013516 0.078172
1 0.780156 0.161023 0.022625 0.037234
2 0.780516 0.203094 0.051031 0.121625
2 0.609414 0.286461 0.059484 0.149078
0 0.633578 0.303070 0.011531 0.053703
