2 0.279867 0.855531 0.224391 0.288938
2 0.486781 0.660180 0.120344 0.231266
2 0.211828 0.373055 0.065125 0.119234
2 0.065664 0.463328 0.110734 0.230844
1 0.035656 0.379430 0.049313 0.063328
1 0.013539 0.209687 0.027078 0.050156
0 0.071063 0.216906 0.054938 0.033625
1 0.037609 0.245336 0.039438 0.046734
0 0.075328 0.314961 0.024687 0.060672
0 0.007336 0.338086 0.014672 0.096859
0 0.112305 0.501742 0.049328 0.154859
0 0.220367 0.404727 0.044859 0.050266
1 0.196914 0.337969 0.035484 0.047656
1 0.258891 0.786414 0.088344 0.151172
0 0.369547 0.923422 0.046594 0.153156
0 0.193141 0.955508 0.049375 0.088984
0 0.680656 0.911391 0.034125 0.121844
1 0.631586 0.718680 0.065578 0.091484
0 0.530211 0.677477 0.067891 0.096047
0 0.518211 0.628172 0.049703 0.031719
1 0.470820 0.581148 0.055953 0.072391
0 0.539234 0.418883 0.051594 0.060672
0 0.672523 0.310562 0.046109 0.056406
0 0.649484 0.316250 0.030969 0.064719
1 0.663625 0.251102 0.027344 0.048922
0 0.822266 0.624031 0.092063 0.089531
0 0.841398 0.642602 0.084328 0.103234
1 0.853750 0.564180 0.063281 0.068328
2 0.830953 0.612445 0.110031 0.163547
0 0.558383 0.835094 0.020797 0.082844
2 0.026758 0.232859 0.053516 0.096281
2 0.044023 0.308844 0.088047 0.173719
2 0.663195 0.298797 0.064484 0.145156
2 0.572094 0.391586 0.055938 0.115734
2 0.623398 0.836938 0.149984 0.326125
1 0.584281 0.350039 0.030781 0.032484
