2 0.202656 0.380484 0.085719 0.125281
0 0.545937 0.374375 0.041250 0.115844
1 0.526211 0.262078 0.037828 0.067656
0 0.588547 0.243484 0.055000 0.066094
0 0.556672 0.244109 0.026875 0.037344
1 0.588617 0.164313 0.027359 0.047656
0 0.491711 0.371445 0.016516 0.119297
2 0.525852 0.329703 0.084203 0.203719
2 0.592445 0.221266 0.047109 0.161906
2 0.009930 0.398484 0.019859 0.122750
0 0.009930 0.398914 0.019859 0.123609
0 0.019656 0.281523 0.039313 0.067516
1 0.256398 0.360938 0.054641 0.078750
0 0.253109 0.539359 0.074219 0.192219
1 0.009938 0.214617 0.019875 0.053453
2 0.024766 0.267156 0.049531 0.159500
1 0.200109 0.344562 0.035625 0.053687
0 0.189633 0.408664 0.059297 0.068297
2 0.263125 0.468367 0.093750 0.292953
0 0.233086 0.372695 0.022203 0.058922
