0 0.659039 0.328859 0.012984 0.064062
0 0.557000 0.315188 0.044125 0.047813
1 0.618094 0.262305 0.033281 0.051422
2 0.172563 0.336477 0.054031 0.118828
2 0.335219 0.328062 0.085531 0.158562
2 0.428695 0.356992 0.075109 0.197578
2 0.561461 0.386016 0.054891 0.100031
2 0.587664 0.299219 0.059359 0.108750
2 0.633625 0.319492 0.064313 0.167266
2 0.413461 0.720391 0.141266 0.189219
1 0.381242 0.661383 0.076828 0.070016
0 0.440250 0.675094 0.046469 0.067625
0 0.450867 0.715750 0.065922 0.133719
2 0.818156 0.469742 0.116219 0.215266
1 0.835898 0.394672 0.048516 0.065906
0 0.779102 0.493008 0.039141 0.144609
0 0.838242 0.496383 0.074234 0.086609
1 0.594734 0.267672 0.018750 0.045969
0 0.039883 0.409984 0.043422 0.115344
2 0.035805 0.407102 0.071609 0.153547
0 0.195398 0.365766 0.072141 0.046594
1 0.166492 0.297953 0.042516 0.042031
0 0.359063 0.330891 0.037500 0.059469
1 0.430297 0.286969 0.035937 0.056562
1 0.355367 0.274641 0.034234 0.051875
0 0.535891 0.406711 0.036281 0.058453
0 0.556969 0.374875 0.014219 0.011094
1 0.575484 0.351047 0.026562 0.030625
0 0.635867 0.341578 0.031453 0.082781
