0 0.610812 0.875617 0.023875 0.029078
2 0.568250 0.908727 0.154625 0.182547
2 0.043008 0.378969 0.086016 0.209500
2 0.170734 0.418469 0.097094 0.227438
2 0.227016 0.396734 0.089781 0.132781
2 0.174711 0.328242 0.048484 0.103891
1 0.016461 0.306391 0.032922 0.064219
0 0.453797 0.216703 0.035469 0.042969
1 0.203398 0.360320 0.042484 0.057797
1 0.557063 0.877070 0.083875 0.115422
0 0.446430 0.533672 0.021172 0.104281
2 0.479297 0.481000 0.088656 0.211875
2 0.757648 0.499398 0.090766 0.192078
0 0.795266 0.563719 0.063219 0.122875
0 0.696836 0.484359 0.060453 0.050000
1 0.757133 0.440156 0.072359 0.073062
0 0.541656 0.507461 0.046469 0.065828
2 0.544336 0.364711 0.062172 0.096797
0 0.531125 0.371281 0.020437 0.006312
0 0.518734 0.390086 0.057875 0.046109
1 0.560164 0.336562 0.029703 0.040313
2 0.463133 0.211781 0.055641 0.124562
0 0.481375 0.214438 0.020313 0.048438
1 0.465367 0.171047 0.020484 0.041719
1 0.477430 0.405039 0.044797 0.060766
1 0.164547 0.299937 0.028750 0.048094
1 0.149953 0.336477 0.048531 0.063797
0 0.139227 0.466492 0.032609 0.114703
0 0.059922 0.388500 0.051625 0.103125
0 0.266055 0.442617 0.038047 0.114453
0 0.231414 0.447602 0.055234 0.030953
