0 0.280078 0.279352 0.027562 0.093484
0 0.400328 0.377172 0.019219 0.045312
0 0.316930 0.398922 0.039922 0.094656
0 0.192008 0.368484 0.080422 0.047875
2 0.028813 0.358312 0.057625 0.121125
0 0.040617 0.364531 0.034703 0.107813
1 0.162078 0.303367 0.034875 0.044297
2 0.167531 0.336852 0.051250 0.110672
2 0.295133 0.245789 0.058172 0.143109
2 0.329711 0.323086 0.082172 0.143891
2 0.353344 0.372234 0.113000 0.204906
2 0.547648 0.298500 0.069953 0.102062
2 0.632477 0.310492 0.069953 0.175578
2 0.527688 0.356836 0.065313 0.088891
2 0.506008 0.648297 0.121391 0.252156
2 0.792945 0.502820 0.113984 0.179609
1 0.633289 0.246680 0.033609 0.048578
1 0.298164 0.195500 0.026734 0.041312
1 0.791805 0.447141 0.050297 0.070125
0 0.621797 0.614430 0.110469 0.084797
1 0.532344 0.557578 0.068625 0.070500
0 0.695883 0.528891 0.083422 0.092531
0 0.888172 0.491094 0.111969 0.063750
1 0.353852 0.267359 0.034359 0.032906
0 0.327648 0.269586 0.020641 0.029547
1 0.550891 0.268664 0.024781 0.042672
0 0.529320 0.317344 0.032984 0.053281
0 0.607164 0.327297 0.020391 0.086188
0 0.657938 0.340914 0.018844 0.114359
1 0.547617 0.330023 0.025953 0.035172
0 0.550563 0.325359 0.062750 0.048281
0 0.510367 0.383016 0.030578 0.036344
1 0.356500 0.299508 0.036250 0.060984
