2 0.530766 0.647414 0.107281 0.199547
2 0.393234 0.360039 0.062969 0.127109
2 0.826820 0.626523 0.128578 0.170578
0 0.790945 0.650258 0.055484 0.145078
0 0.828891 0.669000 0.103844 0.084813
1 0.850609 0.575406 0.064344 0.068250
0 0.387008 0.374766 0.050578 0.082875
0 0.412242 0.358570 0.022797 0.046297
1 0.383266 0.320906 0.034531 0.047031
0 0.587219 0.611953 0.058750 0.050469
0 0.600469 0.647758 0.089094 0.100734
1 0.554734 0.587883 0.057906 0.077641
2 0.608117 0.241969 0.062172 0.087938
0 0.585656 0.271953 0.020313 0.075156
0 0.634797 0.283469 0.024094 0.070875
1 0.602109 0.221750 0.027031 0.047438
