2 0.873398 0.671633 0.144922 0.284859
2 0.282492 0.662531 0.109828 0.200875
0 0.610445 0.290859 0.017984 0.097344
0 0.666930 0.262266 0.038859 0.076781
1 0.645914 0.194328 0.029484 0.044063
1 0.610883 0.205477 0.045109 0.047047
1 0.892180 0.572227 0.084859 0.083734
0 0.320398 0.710125 0.032422 0.070437
0 0.181078 0.720477 0.070906 0.146578
0 0.218547 0.558555 0.057125 0.030547
1 0.295336 0.601711 0.063797 0.078141
1 0.171727 0.585469 0.064797 0.071875
2 0.601711 0.260664 0.063516 0.158359
2 0.169359 0.643719 0.078375 0.190250
2 0.637867 0.236992 0.047266 0.132328
