2 0.849555 0.305633 0.104734 0.161547
2 0.725812 0.706773 0.108125 0.277734
0 0.968375 0.540406 0.042312 0.130500
2 0.972094 0.539055 0.055813 0.175234
0 0.659445 0.745570 0.057734 0.035422
0 0.704531 0.788672 0.122313 0.113281
1 0.741570 0.618375 0.076078 0.099812
1 0.881711 0.253992 0.040328 0.056703
0 0.873437 0.353836 0.046844 0.109578
0 0.812242 0.276672 0.064859 0.056969
0 0.548977 0.445219 0.057672 0.050250
0 0.568922 0.465883 0.087219 0.059172
1 0.602086 0.391602 0.045016 0.049172
2 0.107563 0.238687 0.076781 0.179563
2 0.602719 0.430945 0.068969 0.129703
