2 0.651523 0.221969 0.047016 0.084063
2 0.082180 0.291414 0.064516 0.180297
0 0.493008 0.322570 0.032641 0.119578
1 0.518391 0.211086 0.034000 0.055328
2 0.506383 0.271898 0.059172 0.175734
0 0.598562 0.425781 0.068594 0.065531
1 0.662594 0.382844 0.037656 0.056563
0 0.658984 0.467461 0.066563 0.091953
2 0.649102 0.422445 0.086172 0.135391
1 0.982859 0.505938 0.034281 0.057188
0 0.965922 0.588383 0.068156 0.062109
0 0.946172 0.571031 0.045813 0.065875
2 0.980211 0.545289 0.039578 0.135703
0 0.868570 0.327375 0.039828 0.102500
0 0.834695 0.267250 0.030328 0.038281
1 0.872266 0.238828 0.032344 0.042188
2 0.854055 0.273844 0.068609 0.112344
0 0.651141 0.220688 0.032969 0.044219
0 0.658094 0.256000 0.021875 0.016719
1 0.660047 0.194547 0.029219 0.029531
1 0.729203 0.683211 0.087375 0.114828
0 0.684922 0.819008 0.079781 0.186672
2 0.729578 0.774328 0.145969 0.296969
1 0.074812 0.229891 0.048969 0.056062
