0 0.845281 0.654531 0.113656 0.066875
2 0.283375 0.764117 0.145500 0.246766
2 0.472359 0.394844 0.092969 0.179375
2 0.622031 0.253547 0.058250 0.109156
1 0.257977 0.682828 0.091203 0.084656
0 0.281766 0.813023 0.066656 0.149672
0 0.221766 0.772570 0.022844 0.105359
1 0.871844 0.561023 0.051031 0.077641
1 0.480320 0.332508 0.037078 0.051859
1 0.613352 0.218625 0.032203 0.039219
0 0.638039 0.277305 0.025641 0.056016
0 0.438750 0.409391 0.025750 0.067781
0 0.509406 0.452688 0.017563 0.106500
0 0.791641 0.627352 0.072000 0.118141
2 0.838406 0.605250 0.142750 0.166062
