1 0.402461 0.323625 0.022203 0.051250
2 0.507289 0.214961 0.040297 0.103078
1 0.503781 0.182211 0.024969 0.037234
0 0.502680 0.232578 0.024547 0.050781
0 0.520258 0.228750 0.014703 0.039688
2 0.401273 0.362391 0.072141 0.127688
0 0.428672 0.366781 0.017906 0.039406
0 0.399742 0.382867 0.051172 0.053859
2 0.855297 0.617367 0.152844 0.183672
0 0.901156 0.665211 0.061844 0.086984
2 0.512508 0.665547 0.139359 0.215094
2 0.190539 0.298375 0.085984 0.056125
0 0.197008 0.311875 0.041391 0.028125
1 0.160898 0.288750 0.027297 0.037438
0 0.552844 0.675664 0.056375 0.057672
1 0.823844 0.560625 0.071125 0.070312
1 0.530289 0.592500 0.080359 0.069656
