2 0.299070 0.676156 0.155922 0.137156
2 0.359687 0.735547 0.119375 0.196094
0 0.667320 0.709922 0.026328 0.043250
0 0.402445 0.737680 0.051484 0.028172
0 0.296070 0.647570 0.046547 0.062641
1 0.346875 0.446875 0.037500 0.062500
0 0.338672 0.508203 0.074219 0.078906
0 0.377344 0.491016 0.026562 0.082031
1 0.342969 0.684766 0.060937 0.088281
0 0.403516 0.792188 0.088281 0.084375
1 0.258984 0.638672 0.074219 0.061719
1 0.688281 0.409766 0.039062 0.069531
0 0.726953 0.498828 0.050781 0.116406
0 0.672656 0.462500 0.023438 0.050000
1 0.744922 0.662891 0.064844 0.088281
0 0.707031 0.712891 0.073438 0.119531
2 0.736719 0.694922 0.135937 0.155469
2 0.710078 0.459609 0.082969 0.166094
2 0.347266 0.487109 0.100781 0.146094
