2 0.200969 0.380609 0.052937 0.133469
1 0.821383 0.579648 0.063734 0.072266
0 0.796539 0.623641 0.046516 0.040531
0 0.908023 0.666773 0.045547 0.106703
0 0.597687 0.261492 0.047906 0.060266
1 0.551523 0.346406 0.028922 0.045312
1 0.516281 0.327750 0.041719 0.072625
1 0.012664 0.209656 0.025328 0.053594
1 0.285078 0.377281 0.047656 0.064844
0 0.061547 0.229109 0.072531 0.054875
1 0.196172 0.334172 0.040312 0.038906
1 0.503164 0.590766 0.062703 0.068969
1 0.588344 0.212938 0.026406 0.050000
2 0.859695 0.631633 0.140609 0.179547
0 0.590914 0.269359 0.045984 0.063406
0 0.325375 0.521172 0.032531 0.162656
2 0.558219 0.380352 0.042437 0.114047
0 0.539758 0.397359 0.024297 0.045031
0 0.468344 0.425523 0.027937 0.089984
2 0.495680 0.399930 0.085359 0.221234
0 0.549836 0.684258 0.078953 0.098016
0 0.547000 0.636977 0.059469 0.026016
2 0.481312 0.657133 0.108438 0.201672
0 0.216742 0.407906 0.048328 0.052281
2 0.030648 0.260805 0.061297 0.155578
2 0.595000 0.244797 0.053719 0.113750
2 0.281438 0.459914 0.103063 0.227047
