1 0.507117 0.338516 0.036734 0.076625
1 0.876539 0.576234 0.061828 0.065813
2 0.855547 0.627297 0.136406 0.167906
0 0.873055 0.667305 0.098266 0.088828
0 0.811141 0.623273 0.046969 0.079953
1 0.478430 0.587688 0.054609 0.065687
0 0.561187 0.648211 0.115750 0.089578
0 0.530898 0.630500 0.049547 0.031406
0 0.181312 0.501516 0.030781 0.146250
0 0.284648 0.479359 0.038078 0.129875
1 0.231422 0.361078 0.048156 0.059469
1 0.194727 0.341500 0.040172 0.052031
0 0.067531 0.226406 0.060781 0.050469
1 0.012875 0.209609 0.025750 0.051250
2 0.475836 0.664773 0.100328 0.217172
2 0.029625 0.265891 0.059250 0.164937
2 0.231602 0.452672 0.106641 0.242156
2 0.194945 0.361664 0.040734 0.095047
2 0.594195 0.267656 0.055891 0.143719
2 0.521531 0.412359 0.082406 0.222938
2 0.547625 0.359102 0.043281 0.089516
1 0.588477 0.217813 0.021734 0.042500
0 0.601383 0.267703 0.041453 0.054813
0 0.582680 0.272602 0.032641 0.057578
0 0.548680 0.442805 0.029609 0.113016
1 0.539687 0.332641 0.027813 0.036719
