2 0.581727 0.300086 0.071016 0.132953
1 0.920773 0.372625 0.046234 0.051031
0 0.859492 0.438836 0.061891 0.123141
1 0.871406 0.500344 0.070187 0.097656
0 0.748055 0.618531 0.094047 0.167219
0 0.870695 0.636492 0.049078 0.165172
2 0.828813 0.579141 0.155687 0.255281
2 0.455398 0.275648 0.053922 0.170953
2 0.872648 0.383391 0.144203 0.105625
0 0.474641 0.301563 0.018687 0.066531
0 0.454117 0.310406 0.042453 0.098250
2 0.463898 0.239711 0.079234 0.112578
0 0.601109 0.310266 0.031281 0.068844
0 0.565133 0.320039 0.037078 0.057672
1 0.582820 0.260516 0.028297 0.053906
0 0.431000 0.247148 0.012344 0.046734
1 0.456586 0.212680 0.033828 0.045203
1 0.477633 0.203297 0.026891 0.040312
0 0.493266 0.270086 0.020500 0.051672
