0 0.313734 0.698742 0.026562 0.108734
2 0.648250 0.596156 0.104219 0.206688
0 0.610297 0.617109 0.028625 0.067031
2 0.942352 0.502398 0.097266 0.151047
0 0.905195 0.530609 0.037766 0.098313
0 0.951266 0.541297 0.079906 0.073344
1 0.962711 0.457547 0.036641 0.062219
2 0.620641 0.449273 0.089344 0.130828
1 0.649141 0.527469 0.056719 0.070688
0 0.671109 0.466758 0.031844 0.066297
0 0.655195 0.488266 0.090766 0.086250
1 0.638383 0.410094 0.043297 0.053125
0 0.622289 0.283383 0.025734 0.096172
1 0.659719 0.184391 0.028594 0.043594
1 0.586437 0.179938 0.027344 0.052188
0 0.679719 0.291258 0.018875 0.110172
0 0.552109 0.279734 0.025219 0.114344
0 0.204352 0.670945 0.034891 0.097453
1 0.218891 0.563773 0.048531 0.078453
1 0.282062 0.579359 0.053969 0.063594
2 0.272969 0.660602 0.108156 0.228797
2 0.192055 0.625797 0.102547 0.202437
2 0.649336 0.246813 0.080703 0.169375
2 0.569742 0.245625 0.060359 0.183438
