2 0.481266 0.469359 0.095031 0.195625
0 0.539125 0.233297 0.033750 0.049031
0 0.570016 0.228953 0.026094 0.048031
1 0.550383 0.177672 0.025641 0.049531
2 0.549750 0.356016 0.077469 0.088344
1 0.571742 0.331398 0.032922 0.039234
0 0.518234 0.368375 0.061125 0.062938
1 0.480891 0.403484 0.040688 0.063094
0 0.530664 0.496305 0.023984 0.052516
0 0.444023 0.522922 0.020578 0.088812
2 0.507328 0.591883 0.182219 0.142172
1 0.572758 0.559891 0.052297 0.078437
0 0.577250 0.631289 0.078438 0.062984
0 0.511703 0.623398 0.086219 0.118203
2 0.581352 0.906906 0.172297 0.186187
0 0.257602 0.421219 0.023484 0.079750
0 0.240672 0.453016 0.044531 0.033594
1 0.561570 0.870117 0.081797 0.113141
0 0.630727 0.959727 0.072922 0.080547
0 0.611805 0.914086 0.044547 0.050609
1 0.210273 0.360258 0.043078 0.054703
1 0.159930 0.298883 0.033297 0.040484
1 0.163750 0.348664 0.052438 0.068516
0 0.170039 0.483156 0.037609 0.108187
0 0.072148 0.417156 0.048172 0.115344
2 0.552828 0.214828 0.060969 0.124094
2 0.050898 0.403430 0.101797 0.204734
2 0.184859 0.424883 0.094344 0.221797
2 0.160148 0.298703 0.033703 0.041031
2 0.228906 0.396383 0.080469 0.128797
1 0.015281 0.338570 0.030562 0.074203
