1 0.645219 0.513594 0.045156 0.081969
0 0.733133 0.790156 0.101984 0.171250
2 0.635680 0.259492 0.059891 0.167766
2 0.748016 0.370719 0.100375 0.194469
2 0.853227 0.382664 0.088391 0.217766
2 0.849266 0.348172 0.101094 0.130406
2 0.768594 0.758984 0.173875 0.407031
0 0.800555 0.559906 0.057047 0.088062
2 0.865594 0.575008 0.119750 0.286203
2 0.662773 0.591836 0.080359 0.237266
2 0.148898 0.647938 0.099922 0.198500
2 0.538047 0.275078 0.060469 0.164063
2 0.441953 0.294648 0.068531 0.170234
0 0.556023 0.315875 0.023578 0.108688
1 0.438039 0.230469 0.039859 0.041875
1 0.533039 0.216656 0.036109 0.047031
1 0.650344 0.199547 0.025875 0.047844
0 0.658281 0.287406 0.015219 0.102750
0 0.617695 0.298687 0.023328 0.125656
2 0.270766 0.663867 0.119125 0.233328
1 0.263469 0.586812 0.062969 0.077594
1 0.129367 0.607797 0.059172 0.082062
0 0.112672 0.574188 0.063406 0.051094
0 0.136313 0.654211 0.094500 0.099391
0 0.316539 0.690367 0.027453 0.075203
0 0.732258 0.719125 0.048109 0.037969
1 0.807438 0.616430 0.083563 0.121016
0 0.911266 0.639609 0.032250 0.168156
1 0.887758 0.477469 0.061984 0.091000
0 0.818148 0.373914 0.039172 0.078891
1 0.867594 0.305617 0.049063 0.064578
1 0.772906 0.305141 0.039250 0.064000
0 0.785234 0.415516 0.023625 0.116438
0 0.816133 0.426219 0.053984 0.136813
0 0.717875 0.411648 0.038656 0.141547
0 0.621141 0.648273 0.097531 0.124609
