0 0.849430 0.360148 0.042078 0.068766
0 0.760156 0.362531 0.033125 0.128281
1 0.744711 0.255578 0.032703 0.062125
1 0.835406 0.279906 0.038531 0.055156
2 0.818102 0.352805 0.104734 0.202828
2 0.733180 0.320930 0.085922 0.191484
2 0.591367 0.281625 0.058859 0.152219
2 0.459484 0.270094 0.059625 0.182344
2 0.430531 0.260852 0.033937 0.120359
1 0.430805 0.223922 0.032672 0.046875
1 0.454656 0.205391 0.031281 0.052437
0 0.479367 0.292000 0.023797 0.078625
0 0.453703 0.301289 0.046156 0.100391
0 0.417328 0.287438 0.042219 0.076281
0 0.573648 0.321945 0.022859 0.119547
0 0.614961 0.305500 0.011641 0.031000
1 0.601187 0.229164 0.031813 0.047359
0 0.782789 0.394578 0.039859 0.139625
