2 0.959492 0.530680 0.081016 0.217047
1 0.172750 0.575313 0.058344 0.078031
0 0.181523 0.718352 0.070516 0.154859
0 0.319188 0.706891 0.028437 0.086969
1 0.280687 0.588641 0.049875 0.077562
2 0.275656 0.668258 0.116844 0.238172
2 0.165234 0.635297 0.080813 0.198906
0 0.591938 0.280625 0.018969 0.091688
0 0.613039 0.263047 0.014578 0.097250
0 0.653008 0.226297 0.020016 0.054281
1 0.603109 0.195414 0.035094 0.045891
1 0.634453 0.186734 0.027500 0.041563
2 0.634234 0.238461 0.057781 0.146203
2 0.596055 0.243977 0.049016 0.142828
