0 0.314852 0.532398 0.033359 0.097172
0 0.382555 0.467570 0.032984 0.161578
1 0.348367 0.336523 0.044766 0.067766
0 0.526164 0.388000 0.036703 0.049906
1 0.560484 0.333516 0.024531 0.033125
1 0.622453 0.263375 0.030937 0.052500
0 0.445727 0.253500 0.019328 0.062125
1 0.436359 0.181844 0.030781 0.031250
1 0.196727 0.325844 0.044797 0.073937
0 0.037586 0.361867 0.039859 0.128766
1 0.466602 0.589242 0.073391 0.068609
0 0.515922 0.638297 0.046875 0.028656
0 0.517492 0.719797 0.070516 0.092219
2 0.196797 0.367969 0.046344 0.157906
1 0.851516 0.548555 0.065156 0.073516
0 0.809234 0.537547 0.036344 0.072406
0 0.834875 0.648852 0.097156 0.079172
0 0.635766 0.321758 0.041437 0.057516
0 0.613063 0.320289 0.012781 0.054172
2 0.541602 0.364922 0.061984 0.096094
2 0.362617 0.413562 0.073797 0.220063
2 0.263281 0.524828 0.136562 0.301281
2 0.475242 0.666133 0.107766 0.220547
2 0.028852 0.355750 0.057703 0.141781
2 0.848422 0.599430 0.076469 0.176359
2 0.437844 0.225188 0.036594 0.119156
2 0.177187 0.472359 0.107656 0.249969
1 0.232242 0.416078 0.055734 0.084250
1 0.179594 0.386594 0.053469 0.078406
0 0.163555 0.523172 0.079703 0.146156
2 0.633687 0.319453 0.053875 0.165156
