1 0.298781 0.250383 0.032531 0.052422
2 0.056391 0.409422 0.112781 0.197719
0 0.091492 0.442289 0.039078 0.106703
2 0.304609 0.292297 0.044844 0.137219
1 0.027594 0.340578 0.039938 0.058094
1 0.420805 0.305180 0.041984 0.049828
0 0.464406 0.390211 0.043594 0.065828
2 0.427242 0.355063 0.068297 0.149563
1 0.552461 0.328359 0.031109 0.036719
0 0.512391 0.377922 0.025938 0.037500
2 0.533867 0.353414 0.068953 0.087828
1 0.375711 0.674883 0.072391 0.078359
0 0.429211 0.682539 0.044984 0.030328
0 0.474594 0.779367 0.120844 0.070016
2 0.420422 0.724313 0.161344 0.179500
0 0.617250 0.348328 0.024562 0.095375
0 0.596617 0.327844 0.016734 0.082844
0 0.534563 0.320055 0.025781 0.059297
1 0.561430 0.262305 0.027109 0.041047
0 0.659281 0.229805 0.018437 0.086078
1 0.635812 0.246117 0.025656 0.043328
2 0.636742 0.300937 0.063391 0.154000
2 0.563859 0.296297 0.083250 0.110531
0 0.328969 0.305406 0.022969 0.029219
0 0.319180 0.313766 0.061172 0.060688
