2 0.163250 0.321969 0.035031 0.086250
1 0.866602 0.860672 0.094609 0.127531
2 0.866469 0.867617 0.095187 0.141266
0 0.629977 0.959797 0.071984 0.080406
0 0.611734 0.903719 0.042437 0.032125
1 0.563977 0.870648 0.080422 0.114516
2 0.580547 0.906141 0.169688 0.187719
0 0.540555 0.394078 0.061516 0.047187
0 0.537500 0.371891 0.026406 0.016562
1 0.560937 0.336109 0.029531 0.049687
1 0.391648 0.315547 0.046234 0.057406
1 0.186484 0.349000 0.052531 0.069875
1 0.166148 0.301063 0.029391 0.044062
1 0.047047 0.325945 0.050906 0.067672
0 0.066836 0.432469 0.071047 0.089437
1 0.197344 0.453781 0.065375 0.086156
1 0.397234 0.358000 0.045594 0.061500
0 0.203586 0.606594 0.092766 0.123688
0 0.376234 0.441828 0.030625 0.075687
1 0.600008 0.194766 0.026578 0.043750
0 0.603156 0.260672 0.044875 0.066656
0 0.576766 0.259273 0.018469 0.069172
2 0.596602 0.233555 0.058391 0.121047
2 0.557063 0.372250 0.048500 0.122313
2 0.406367 0.429430 0.090422 0.203953
2 0.396805 0.346922 0.056234 0.119594
2 0.222250 0.557789 0.115656 0.294109
2 0.205609 0.413438 0.090063 0.197812
2 0.065687 0.409648 0.087875 0.233203
