1 0.899719 0.343039 0.042656 0.065078
0 0.982570 0.555258 0.034859 0.089734
0 0.918867 0.522797 0.050953 0.086219
1 0.969695 0.465672 0.037016 0.060656
2 0.349586 0.166938 0.026609 0.119250
0 0.350289 0.201406 0.024078 0.050406
1 0.345258 0.131648 0.018609 0.047797
2 0.867539 0.387977 0.107734 0.154734
2 0.759773 0.411383 0.087984 0.198578
2 0.274500 0.661359 0.110906 0.218656
2 0.175844 0.641375 0.081344 0.193719
0 0.201563 0.571945 0.028313 0.075078
0 0.181320 0.722992 0.070141 0.143703
0 0.316859 0.694328 0.026031 0.112719
1 0.278289 0.594148 0.051672 0.084516
1 0.185305 0.581734 0.049641 0.073969
0 0.776539 0.463859 0.028047 0.131344
1 0.779891 0.344016 0.047063 0.064000
2 0.958719 0.518398 0.082563 0.164922
0 0.861445 0.431320 0.036547 0.107391
