1 0.422953 0.225273 0.028031 0.047891
0 0.454078 0.393266 0.052156 0.150656
0 0.401938 0.237297 0.018625 0.074469
1 0.712086 0.248227 0.041203 0.057297
0 0.687695 0.365914 0.029828 0.120984
1 0.870516 0.280562 0.037875 0.049781
1 0.886617 0.346234 0.054766 0.059781
1 0.898383 0.414125 0.057484 0.064875
0 0.828797 0.554906 0.076562 0.151750
0 0.919727 0.566484 0.047703 0.150750
0 0.805828 0.407344 0.082406 0.050000
0 0.120242 0.678172 0.030453 0.118344
0 0.817469 0.351898 0.034813 0.098453
2 0.844773 0.321211 0.089516 0.131547
2 0.863687 0.420883 0.102688 0.208922
2 0.877250 0.505977 0.134750 0.248984
2 0.695016 0.323133 0.074969 0.206547
2 0.448703 0.345969 0.063281 0.245875
2 0.425195 0.289211 0.065828 0.175953
2 0.458375 0.251656 0.040125 0.127937
2 0.547672 0.811984 0.259563 0.376031
2 0.276828 0.654906 0.115438 0.211125
2 0.197602 0.615172 0.110734 0.206219
2 0.068969 0.662195 0.137937 0.424672
1 0.023750 0.512578 0.047500 0.124844
1 0.182961 0.550578 0.052641 0.077281
0 0.847609 0.366180 0.015938 0.021516
0 0.229102 0.538633 0.047703 0.079672
0 0.184273 0.603922 0.049578 0.144656
1 0.281180 0.585531 0.062984 0.071438
0 0.320266 0.692320 0.027094 0.081609
1 0.523359 0.699250 0.094094 0.151813
0 0.617000 0.886531 0.120063 0.199344
0 0.446133 0.832320 0.056172 0.207859
1 0.437391 0.258813 0.040156 0.070813
1 0.453937 0.212031 0.031719 0.048594
