2 0.580234 0.240703 0.064219 0.147344
1 0.642281 0.191984 0.033594 0.042188
0 0.650750 0.262484 0.013906 0.040781
2 0.633469 0.238398 0.052125 0.135234
0 0.965812 0.669102 0.068375 0.089328
2 0.923336 0.627906 0.153328 0.262906
1 0.592625 0.186219 0.038125 0.038437
0 0.618711 0.270969 0.022016 0.093188
0 0.599695 0.269430 0.014547 0.089953
2 0.166836 0.636367 0.079859 0.197922
2 0.281078 0.665672 0.109406 0.210188
0 0.181883 0.722641 0.073484 0.140656
1 0.177883 0.575367 0.054516 0.075797
1 0.290742 0.598313 0.054359 0.076719
1 0.951797 0.541102 0.096406 0.090172
0 0.320586 0.709133 0.030016 0.068891
