0 0.762844 0.352586 0.040219 0.117609
0 0.883555 0.393883 0.033609 0.123797
0 0.424828 0.446523 0.020313 0.082578
0 0.407188 0.437656 0.070719 0.084375
2 0.641773 0.563258 0.086141 0.188328
0 0.161016 0.634844 0.112719 0.138750
0 0.565266 0.669078 0.058656 0.075906
0 0.817570 0.329992 0.033516 0.105109
0 0.114023 0.411781 0.127453 0.117687
0 0.114602 0.567313 0.055797 0.035500
0 0.719094 0.333797 0.029906 0.110656
0 0.602336 0.336664 0.034141 0.061453
1 0.076180 0.272344 0.054797 0.084250
1 0.115055 0.600586 0.064453 0.059547
1 0.336711 0.440492 0.052453 0.095578
1 0.393820 0.356117 0.043766 0.048453
1 0.634070 0.293281 0.030172 0.039219
1 0.687516 0.246312 0.036562 0.051250
1 0.884891 0.248695 0.037031 0.051297
1 0.626563 0.495867 0.054906 0.054297
1 0.885297 0.299664 0.042875 0.063641
0 0.885266 0.339383 0.016563 0.051891
2 0.853867 0.354852 0.105547 0.173734
2 0.851383 0.294070 0.104391 0.142391
2 0.743836 0.304648 0.080109 0.169078
2 0.688664 0.308023 0.086109 0.174891
2 0.599172 0.298477 0.101312 0.069766
2 0.598750 0.613914 0.125938 0.187828
2 0.399328 0.406352 0.072312 0.147328
2 0.334578 0.516945 0.081906 0.248922
2 0.082336 0.371078 0.086922 0.280969
2 0.149859 0.658211 0.134813 0.174828
1 0.625391 0.552500 0.068906 0.065187
1 0.753609 0.245258 0.033906 0.048641
0 0.335078 0.569789 0.082312 0.143234
0 0.378063 0.574133 0.026875 0.095484
0 0.584227 0.325734 0.042891 0.098531
0 0.719094 0.317789 0.026687 0.063547
0 0.824109 0.396180 0.046656 0.141391
