2 0.652086 0.667766 0.133453 0.142656
0 0.659266 0.233695 0.014531 0.037172
0 0.793172 0.405102 0.055781 0.141266
2 0.114234 0.642391 0.069656 0.117938
0 0.620531 0.622898 0.040688 0.052078
0 0.439242 0.431836 0.041922 0.075516
0 0.416039 0.437703 0.071984 0.073656
2 0.640133 0.219930 0.052984 0.064516
1 0.171344 0.645156 0.058938 0.072125
1 0.111703 0.617516 0.064344 0.067844
1 0.710203 0.573937 0.052031 0.077688
1 0.688258 0.664641 0.059453 0.085156
1 0.405477 0.368172 0.045953 0.049063
1 0.895828 0.262641 0.036406 0.056594
1 0.864023 0.303102 0.043984 0.070359
1 0.650438 0.205266 0.024844 0.034469
0 0.982344 0.527750 0.035313 0.091844
2 0.982031 0.527891 0.035937 0.092125
2 0.201445 0.705320 0.127734 0.192172
0 0.943055 0.459844 0.039547 0.168750
0 0.225484 0.739133 0.078031 0.123703
0 0.866242 0.377539 0.034109 0.123578
2 0.399055 0.406070 0.065234 0.125359
1 0.967594 0.330016 0.045000 0.052219
2 0.688430 0.592664 0.095953 0.115359
2 0.825391 0.371578 0.121625 0.208406
2 0.938391 0.403047 0.103969 0.198594
1 0.862266 0.264672 0.041219 0.031625
0 0.805586 0.326117 0.025922 0.041078
2 0.837750 0.298039 0.090750 0.098016
0 0.900039 0.311422 0.025453 0.063281
2 0.864195 0.289125 0.101172 0.110750
0 0.633023 0.227063 0.038297 0.037812
