0 0.800977 0.657711 0.069766 0.137578
0 0.696852 0.572336 0.011234 0.064547
0 0.918227 0.684547 0.038516 0.095906
1 0.904648 0.535313 0.067797 0.085438
2 0.275859 0.659727 0.109406 0.209766
2 0.189539 0.623586 0.095359 0.208766
2 0.780734 0.288016 0.080125 0.174281
2 0.840094 0.297906 0.080219 0.161562
2 0.876867 0.610953 0.141297 0.245531
1 0.802984 0.228672 0.035000 0.054688
1 0.861266 0.246484 0.034375 0.058437
0 0.798867 0.335180 0.028328 0.124641
0 0.628812 0.628242 0.044063 0.108672
1 0.665617 0.518133 0.045672 0.066891
0 0.213172 0.625250 0.063219 0.103031
1 0.284391 0.593281 0.049906 0.075625
1 0.206883 0.558875 0.060453 0.079063
0 0.828430 0.301344 0.045516 0.071156
2 0.655000 0.585906 0.096250 0.200906
0 0.316984 0.695273 0.025500 0.108047
