1 0.617313 0.250219 0.034875 0.047375
2 0.573594 0.391078 0.046938 0.113063
1 0.755430 0.416180 0.053359 0.065047
1 0.583039 0.353992 0.027609 0.039047
0 0.545016 0.415016 0.066781 0.071562
0 0.538023 0.623398 0.039828 0.034859
0 0.754773 0.534172 0.087797 0.113844
0 0.711445 0.558039 0.024328 0.050578
0 0.556922 0.387031 0.025781 0.018281
2 0.141422 0.365805 0.070656 0.218734
2 0.162820 0.322438 0.037172 0.096000
2 0.216188 0.412469 0.107625 0.203813
2 0.493719 0.670797 0.109500 0.244344
2 0.758352 0.500711 0.082328 0.235516
2 0.438781 0.214492 0.061750 0.135391
1 0.435492 0.168047 0.021703 0.041875
0 0.415984 0.242063 0.015594 0.072531
0 0.459750 0.231180 0.019875 0.068172
2 0.596930 0.238242 0.034172 0.118203
2 0.619672 0.300352 0.056844 0.147266
0 0.639984 0.311930 0.015625 0.051953
0 0.539922 0.675328 0.071469 0.099969
1 0.507914 0.580453 0.057266 0.064875
0 0.143492 0.373648 0.066078 0.068328
1 0.164766 0.297219 0.032094 0.046281
1 0.127609 0.286984 0.042500 0.060000
0 0.267883 0.435461 0.045078 0.099703
1 0.186953 0.343031 0.050687 0.063875
1 0.594742 0.203578 0.028297 0.049219
0 0.612883 0.324055 0.019328 0.049297
