2 0.545664 0.217703 0.042359 0.088344
1 0.539930 0.190344 0.030953 0.033906
1 0.412094 0.332133 0.035094 0.049172
0 0.175672 0.320070 0.020719 0.076109
1 0.176703 0.236336 0.025344 0.026703
0 0.388234 0.691266 0.013375 0.046281
2 0.408133 0.368188 0.083203 0.121531
2 0.199367 0.273953 0.070609 0.101375
2 0.845641 0.607398 0.136594 0.175203
2 0.432375 0.674453 0.103281 0.199844
0 0.474437 0.707031 0.018594 0.055937
0 0.557469 0.246531 0.017969 0.037875
0 0.438195 0.370578 0.021891 0.040406
0 0.417023 0.389641 0.045016 0.053531
0 0.813813 0.614047 0.072000 0.106594
0 0.849953 0.652406 0.126031 0.086125
1 0.875383 0.553969 0.053141 0.068625
1 0.429438 0.606047 0.068875 0.062500
