2 0.418906 0.357477 0.091469 0.214734
2 0.334508 0.229391 0.050422 0.153844
0 0.358555 0.249391 0.013391 0.077781
1 0.330836 0.174563 0.025047 0.045250
0 0.324125 0.266453 0.028937 0.104469
1 0.611938 0.241273 0.028719 0.049266
0 0.612453 0.314586 0.028094 0.071484
1 0.414742 0.278000 0.031922 0.056688
0 0.456320 0.357586 0.017641 0.054172
0 0.397031 0.297898 0.047469 0.097078
0 0.018664 0.354023 0.037328 0.101484
1 0.562273 0.352445 0.035172 0.065766
0 0.586695 0.454336 0.035922 0.115609
2 0.471930 0.482578 0.102359 0.216750
1 0.465500 0.403656 0.051469 0.059438
0 0.525297 0.451375 0.021594 0.127469
0 0.509266 0.468828 0.025844 0.091188
0 0.244234 0.441820 0.047313 0.102547
0 0.172617 0.351844 0.030391 0.032875
1 0.210766 0.328000 0.044000 0.060500
1 0.162648 0.297633 0.036203 0.040578
0 0.068727 0.384188 0.061172 0.125375
1 0.044023 0.272727 0.041328 0.050297
1 0.023484 0.236164 0.034281 0.055391
2 0.559469 0.419813 0.088469 0.200687
2 0.601852 0.283453 0.049078 0.133563
2 0.220148 0.405359 0.095641 0.216469
2 0.167883 0.324719 0.046422 0.094906
2 0.020008 0.301203 0.040016 0.184219
2 0.061375 0.340625 0.077594 0.186562
0 0.270320 0.442305 0.036672 0.042766
