2 0.869125 0.308125 0.065094 0.196844
2 0.113391 0.449500 0.107125 0.238438
1 0.085648 0.372445 0.046109 0.081766
1 0.744867 0.719844 0.120609 0.152500
1 0.553391 0.584492 0.072875 0.125359
1 0.856555 0.240914 0.036484 0.058984
0 0.891813 0.357641 0.017063 0.111406
0 0.872242 0.352117 0.050172 0.118453
0 0.132656 0.508352 0.043156 0.173641
0 0.073938 0.507594 0.042156 0.137000
0 0.832734 0.893336 0.045156 0.117922
0 0.642820 0.903836 0.055641 0.160141
0 0.483398 0.769891 0.043703 0.265375
0 0.626180 0.746117 0.043922 0.248828
2 0.546039 0.686570 0.170203 0.334703
2 0.735547 0.819375 0.243937 0.361250
