2 0.505516 0.849539 0.133313 0.268422
0 0.493039 0.219820 0.023922 0.036891
0 0.538508 0.206227 0.027672 0.062828
0 0.575406 0.255047 0.017969 0.017344
0 0.591039 0.280750 0.034703 0.054688
0 0.469391 0.368328 0.055781 0.063344
0 0.203102 0.408617 0.082609 0.069953
0 0.236805 0.374383 0.036703 0.071953
1 0.520180 0.142797 0.027922 0.045750
1 0.598188 0.201297 0.032719 0.043750
1 0.203953 0.343234 0.034812 0.054156
2 0.208711 0.379633 0.094422 0.127297
2 0.488922 0.349789 0.095031 0.131672
2 0.597484 0.243477 0.047750 0.128609
1 0.513484 0.303266 0.028969 0.037469
1 0.511039 0.775500 0.079891 0.120344
2 0.527203 0.192820 0.052219 0.145922
