0 0.123297 0.958406 0.029969 0.083188
0 0.159281 0.210258 0.028656 0.026984
0 0.669734 0.274906 0.040781 0.039531
2 0.281695 0.663227 0.111453 0.204766
2 0.176430 0.638406 0.089797 0.200563
1 0.175570 0.576086 0.057109 0.075516
1 0.295227 0.599570 0.062984 0.077391
1 0.120633 0.833859 0.105109 0.128906
2 0.627836 0.268828 0.077359 0.095406
2 0.561078 0.254367 0.055281 0.144391
2 0.159523 0.183305 0.029266 0.145078
1 0.157617 0.138109 0.025172 0.053969
0 0.611398 0.288719 0.030766 0.075031
1 0.572352 0.205445 0.032891 0.046109
1 0.653117 0.244438 0.027047 0.046406
2 0.181727 0.869641 0.228453 0.260719
0 0.212367 0.569562 0.031672 0.073094
0 0.169297 0.691781 0.050187 0.091938
0 0.320703 0.708516 0.034063 0.074188
0 0.547578 0.288328 0.028250 0.112781
0 0.574914 0.296758 0.010672 0.059297
