0 0.768672 0.470477 0.073188 0.103422
1 0.201984 0.335484 0.034531 0.044687
0 0.234344 0.408898 0.058844 0.054891
2 0.210680 0.374492 0.065422 0.124109
1 0.014430 0.365273 0.028859 0.058859
1 0.468891 0.582062 0.062531 0.063187
0 0.531422 0.669562 0.061000 0.058812
0 0.491883 0.748437 0.075328 0.134062
0 0.861125 0.500875 0.052812 0.102000
0 0.621820 0.421195 0.024734 0.142484
1 0.799836 0.402703 0.054703 0.071406
1 0.523359 0.948414 0.097531 0.103172
2 0.523055 0.947789 0.098078 0.104422
1 0.650672 0.294508 0.037562 0.066234
1 0.623812 0.222031 0.026094 0.041094
2 0.623687 0.255102 0.047594 0.107078
2 0.637367 0.369578 0.066359 0.217719
2 0.792242 0.469648 0.119391 0.206328
2 0.480180 0.682836 0.106891 0.264953
2 0.033797 0.444031 0.067594 0.216500
