0 0.655672 0.171813 0.011625 0.043344
2 0.811781 0.345180 0.091563 0.163953
2 0.886094 0.520305 0.141031 0.263516
2 0.833312 0.583461 0.137688 0.265891
2 0.531898 0.343344 0.092047 0.202844
2 0.216008 0.410477 0.099828 0.185422
2 0.279445 0.661352 0.112984 0.214734
2 0.177539 0.636617 0.078609 0.201984
2 0.128383 0.309742 0.075828 0.235016
2 0.613766 0.267859 0.064594 0.138188
2 0.655469 0.229063 0.043437 0.111031
2 0.673484 0.174328 0.047437 0.127594
0 0.838961 0.385391 0.026859 0.118281
0 0.790367 0.340320 0.019484 0.055641
0 0.637391 0.293000 0.017938 0.087375
0 0.508000 0.390867 0.041969 0.139422
0 0.567516 0.375266 0.019844 0.129625
0 0.320633 0.690500 0.029703 0.064687
0 0.181359 0.721359 0.071063 0.145719
0 0.798438 0.527508 0.067094 0.125297
1 0.860125 0.487766 0.060281 0.075719
1 0.904414 0.425898 0.063141 0.075453
1 0.838492 0.288438 0.037828 0.050781
1 0.680180 0.127422 0.018922 0.034062
1 0.664711 0.193234 0.025328 0.039531
1 0.620961 0.218641 0.037672 0.039219
1 0.541000 0.269930 0.037063 0.055859
1 0.282445 0.593320 0.058172 0.078609
1 0.183180 0.574242 0.056078 0.076766
1 0.214594 0.346344 0.038938 0.056688
1 0.136672 0.227461 0.045031 0.071391
0 0.934453 0.554125 0.044000 0.140562
0 0.117008 0.374219 0.035891 0.151938
0 0.653406 0.248414 0.038500 0.070984
0 0.255859 0.429945 0.017344 0.097828
0 0.209727 0.437336 0.088203 0.088766
0 0.686047 0.195484 0.022531 0.085531
