2 0.550539 0.371484 0.065391 0.120219
1 0.563031 0.874086 0.081625 0.106516
0 0.611930 0.913273 0.042484 0.048109
2 0.581969 0.910469 0.174656 0.179063
2 0.445930 0.532008 0.157328 0.244297
2 0.221781 0.396805 0.092375 0.129516
2 0.164578 0.328492 0.041312 0.099297
1 0.098141 0.360242 0.052312 0.071641
0 0.577047 0.253250 0.056094 0.050156
1 0.580016 0.187625 0.030781 0.050469
2 0.577375 0.225469 0.056844 0.126344
0 0.161500 0.471086 0.045594 0.135766
0 0.074938 0.453242 0.028031 0.068891
2 0.123414 0.438742 0.126016 0.227828
0 0.264227 0.428898 0.041516 0.092016
0 0.193820 0.392102 0.036078 0.089891
1 0.200695 0.356930 0.035547 0.049359
1 0.165539 0.300047 0.034234 0.042969
0 0.171617 0.357781 0.028578 0.040063
0 0.501375 0.519219 0.045625 0.111531
0 0.346227 0.528125 0.084609 0.081563
1 0.439086 0.447742 0.059422 0.076547
1 0.483195 0.403742 0.043109 0.058359
0 0.523922 0.386516 0.062438 0.040656
0 0.535758 0.372016 0.022359 0.010469
0 0.630188 0.961258 0.073594 0.077484
2 0.500258 0.462109 0.077672 0.175156
0 0.541719 0.508547 0.053750 0.064375
1 0.564641 0.331984 0.031094 0.040625
