2 0.281062 0.664320 0.116594 0.224172
2 0.448992 0.467422 0.090953 0.136406
2 0.947781 0.214562 0.043969 0.113250
1 0.949812 0.179219 0.026094 0.042969
2 0.697281 0.240164 0.083375 0.147484
1 0.697922 0.191641 0.026875 0.052344
0 0.728203 0.265727 0.022469 0.095203
0 0.664656 0.268492 0.017406 0.104578
1 0.448039 0.425648 0.039922 0.054016
0 0.480844 0.441500 0.028656 0.068656
0 0.422938 0.539359 0.038625 0.148438
0 0.325523 0.714586 0.077828 0.076609
0 0.311703 0.650477 0.049969 0.027797
1 0.264625 0.590508 0.062344 0.073984
