2 0.558188 0.392102 0.057031 0.121422
1 0.027305 0.337641 0.047984 0.078406
0 0.085234 0.429953 0.039719 0.085687
1 0.274703 0.565125 0.078156 0.113687
0 0.303844 0.732266 0.136875 0.162969
0 0.292945 0.714766 0.154109 0.146094
0 0.391469 0.952461 0.033625 0.079797
1 0.492750 0.798398 0.088812 0.142891
0 0.515922 0.642742 0.066000 0.136234
0 0.514641 0.592273 0.027656 0.050609
1 0.471719 0.597148 0.065094 0.058672
0 0.743789 0.479266 0.078453 0.088906
0 0.712203 0.488664 0.025313 0.129859
1 0.744844 0.377922 0.045000 0.068812
0 0.562383 0.437188 0.049141 0.077313
0 0.525531 0.372281 0.016406 0.020000
1 0.547781 0.358797 0.027344 0.055625
2 0.741180 0.448250 0.083922 0.209969
2 0.483711 0.667477 0.130859 0.198484
2 0.481469 0.863281 0.212156 0.273438
0 0.217031 0.787953 0.033906 0.071344
2 0.192852 0.873828 0.214547 0.252344
1 0.155039 0.825500 0.109359 0.149656
2 0.292211 0.691656 0.152078 0.365750
2 0.052195 0.415719 0.104391 0.237156
0 0.419391 0.375727 0.041219 0.047172
1 0.405352 0.315062 0.030641 0.044687
0 0.383023 0.240367 0.044547 0.051453
1 0.391656 0.197469 0.009063 0.030469
2 0.383016 0.229609 0.044781 0.094844
2 0.400336 0.357734 0.070766 0.130031
