0 0.609852 0.268437 0.015578 0.086656
1 0.631781 0.185922 0.031875 0.044063
0 0.650734 0.263422 0.010344 0.049562
2 0.625000 0.237531 0.046063 0.147625
2 0.592883 0.242961 0.042797 0.146109
1 0.189672 0.583328 0.057125 0.076438
1 0.279016 0.589047 0.051187 0.080813
0 0.317836 0.705945 0.029484 0.082578
0 0.181656 0.721789 0.067313 0.135734
2 0.274219 0.668508 0.115937 0.240484
2 0.176437 0.642039 0.083875 0.194078
0 0.879648 0.507195 0.039078 0.142859
1 0.927203 0.386289 0.048750 0.066516
2 0.906070 0.466516 0.092891 0.227344
0 0.592750 0.272727 0.023656 0.103578
1 0.598070 0.191516 0.031891 0.042969
