0 0.524008 0.390258 0.032609 0.159703
1 0.981945 0.502031 0.036109 0.044750
2 0.726805 0.753516 0.157734 0.271688
2 0.964109 0.534375 0.071781 0.110594
1 0.732477 0.684688 0.086516 0.125031
0 0.687445 0.824172 0.080109 0.187406
0 0.942969 0.574602 0.056219 0.098297
0 0.965609 0.594961 0.068781 0.076609
2 0.551172 0.215836 0.058906 0.125203
2 0.607695 0.249609 0.060297 0.141781
2 0.630797 0.299437 0.076594 0.170781
2 0.538687 0.324672 0.065344 0.177125
2 0.455633 0.203680 0.038609 0.151453
2 0.791898 0.306133 0.070484 0.118453
0 0.637969 0.351625 0.027750 0.098625
0 0.592422 0.256578 0.037469 0.057313
0 0.449039 0.252297 0.023609 0.104969
0 0.572000 0.361203 0.022125 0.103844
0 0.751844 0.349367 0.046656 0.113391
0 0.804070 0.377508 0.044828 0.140703
1 0.644789 0.243227 0.044391 0.055078
1 0.532359 0.266391 0.040500 0.059937
1 0.459625 0.155258 0.027875 0.052172
1 0.561359 0.176484 0.021375 0.044063
1 0.618555 0.201914 0.036609 0.044391
1 0.801602 0.273359 0.032078 0.051188
1 0.667992 0.192234 0.023922 0.034531
2 0.655727 0.214984 0.049703 0.080344
