1 0.010711 0.373469 0.021422 0.068250
0 0.637516 0.279750 0.021844 0.054875
2 0.210141 0.377930 0.070813 0.122453
2 0.036094 0.444094 0.072188 0.211500
0 0.864344 0.499586 0.100250 0.075109
2 0.768281 0.487773 0.133750 0.186453
0 0.041852 0.459203 0.034734 0.044719
2 0.691102 0.381117 0.104141 0.203578
2 0.474750 0.672289 0.106781 0.241141
2 0.303977 0.785266 0.143891 0.280625
1 0.766797 0.429250 0.055156 0.070313
2 0.623656 0.253703 0.050125 0.106969
0 0.699109 0.528234 0.047719 0.106562
1 0.697023 0.315367 0.038922 0.071297
0 0.650797 0.430555 0.023094 0.139078
0 0.489687 0.750680 0.076469 0.127828
0 0.529414 0.659664 0.067078 0.040172
1 0.199344 0.339078 0.042469 0.043719
0 0.237742 0.407781 0.063266 0.060563
1 0.477086 0.585680 0.055734 0.067203
1 0.622961 0.222273 0.027422 0.043922
0 0.248813 0.886445 0.033000 0.139234
1 0.292187 0.697625 0.068438 0.106844
