0 0.199313 0.412422 0.084187 0.056094
2 0.478047 0.308227 0.091406 0.165734
0 0.505859 0.325109 0.036406 0.075750
2 0.199328 0.373078 0.084562 0.134781
1 0.186648 0.334211 0.040484 0.057203
1 0.016313 0.340469 0.032625 0.078969
1 0.048141 0.391172 0.057406 0.078719
0 0.089289 0.396094 0.031734 0.054063
2 0.079133 0.458508 0.118891 0.212703
2 0.022578 0.377398 0.045156 0.153641
0 0.251547 0.373281 0.066812 0.074375
1 0.455742 0.254273 0.036578 0.058641
0 0.533906 0.311219 0.053188 0.104750
0 0.437906 0.373266 0.023594 0.017344
0 0.608805 0.345812 0.021047 0.127750
1 0.576906 0.231344 0.035156 0.050438
1 0.696703 0.277906 0.043094 0.053875
0 0.670195 0.411414 0.041328 0.156234
0 0.715852 0.425320 0.038609 0.124141
2 0.690641 0.362289 0.080625 0.221672
2 0.580422 0.299484 0.079344 0.186094
