1 0.648039 0.523523 0.050328 0.070141
0 0.653891 0.486133 0.085344 0.081578
1 0.641109 0.409156 0.053906 0.055625
1 0.743141 0.220109 0.033469 0.050000
0 0.735742 0.330680 0.037172 0.114953
0 0.483469 0.242195 0.030344 0.110641
1 0.474320 0.150133 0.024391 0.051297
1 0.964977 0.458234 0.041734 0.060406
2 0.468922 0.201016 0.060719 0.154719
2 0.733719 0.282836 0.062906 0.175234
2 0.942680 0.504047 0.099391 0.152875
2 0.623328 0.441906 0.089781 0.120844
0 0.609211 0.621547 0.028047 0.060875
2 0.643891 0.583156 0.115594 0.189313
2 0.277336 0.660133 0.112203 0.206297
2 0.191266 0.624266 0.102156 0.206781
0 0.676789 0.465969 0.046234 0.071812
0 0.948242 0.545602 0.084672 0.069422
1 0.212148 0.562000 0.059984 0.080375
1 0.290445 0.596453 0.059797 0.077719
0 0.319656 0.697781 0.025156 0.108281
0 0.208594 0.672773 0.034250 0.098516
0 0.905844 0.516180 0.025500 0.069547
