2 0.632633 0.249641 0.050578 0.101031
1 0.250430 0.524844 0.088891 0.094375
1 0.209266 0.338063 0.052906 0.049063
1 0.624570 0.214539 0.034703 0.030766
0 0.236664 0.411289 0.031391 0.018672
0 0.647391 0.278602 0.020469 0.043734
1 0.862969 0.559187 0.052813 0.082875
0 0.874297 0.663102 0.099969 0.095359
0 0.794656 0.616828 0.058531 0.097281
0 0.245281 0.633141 0.113094 0.096531
0 0.203281 0.623078 0.034937 0.068406
0 0.228859 0.412711 0.072125 0.051766
2 0.844453 0.614102 0.158312 0.193047
2 0.250273 0.579047 0.128984 0.204250
2 0.205797 0.375914 0.060219 0.124891
