0 0.598484 0.420102 0.043594 0.068984
2 0.837328 0.617875 0.116969 0.158688
0 0.841945 0.643250 0.088891 0.106937
0 0.820039 0.635563 0.082609 0.114500
1 0.865414 0.576352 0.059672 0.075609
2 0.631422 0.845500 0.166844 0.309000
0 0.561656 0.854172 0.026875 0.087375
0 0.682406 0.928383 0.065500 0.143234
1 0.654008 0.744109 0.072641 0.106969
2 0.502945 0.681258 0.130484 0.239922
1 0.518383 0.595680 0.068078 0.069453
0 0.550164 0.656586 0.030828 0.037797
0 0.556234 0.692516 0.064781 0.100875
2 0.582203 0.385820 0.036469 0.122391
1 0.585906 0.347859 0.029062 0.046469
2 0.060703 0.245781 0.061594 0.144500
2 0.023391 0.342500 0.046781 0.118906
2 0.081477 0.433750 0.134641 0.233469
2 0.206508 0.383539 0.052734 0.129516
0 0.228437 0.411195 0.063031 0.055453
0 0.247117 0.405844 0.040953 0.014844
1 0.203031 0.340813 0.045500 0.044531
0 0.126898 0.449000 0.044359 0.127844
1 0.062047 0.356961 0.046969 0.079391
0 0.021109 0.324047 0.042219 0.066313
0 0.037781 0.281016 0.015625 0.086531
0 0.089734 0.236609 0.022781 0.066469
1 0.052023 0.198594 0.029484 0.050344
