0 0.200188 0.405648 0.085156 0.054328
2 0.222938 0.542172 0.157969 0.264719
2 0.634437 0.377555 0.096812 0.245828
2 0.584203 0.298414 0.069344 0.199734
1 0.568070 0.228125 0.035797 0.058750
0 0.525664 0.312273 0.057141 0.078578
0 0.244711 0.374570 0.052109 0.072234
0 0.166852 0.606820 0.044172 0.090109
0 0.285984 0.554227 0.034875 0.085047
0 0.600000 0.338094 0.037500 0.124125
1 0.194070 0.453211 0.062859 0.082953
1 0.638062 0.289523 0.040625 0.067484
0 0.657523 0.441875 0.049203 0.125281
0 0.588352 0.420742 0.047641 0.114453
2 0.389555 0.294422 0.063484 0.195844
1 0.375484 0.227430 0.034187 0.060141
0 0.407227 0.347086 0.028203 0.132359
2 0.022617 0.290102 0.045234 0.184641
1 0.012773 0.225008 0.025547 0.052797
0 0.038391 0.342984 0.040500 0.122156
2 0.200656 0.371688 0.085875 0.122812
1 0.187156 0.334906 0.041188 0.048937
