2 0.223945 0.290766 0.064891 0.224625
2 0.636398 0.238133 0.050609 0.132797
2 0.473852 0.235086 0.046016 0.154078
2 0.500859 0.298375 0.088969 0.209500
2 0.562047 0.187523 0.055500 0.143578
2 0.619133 0.273258 0.055359 0.161016
2 0.853219 0.551594 0.134094 0.284656
1 0.846359 0.338383 0.044844 0.073234
2 0.732469 0.318703 0.078969 0.177594
1 0.739133 0.252891 0.034391 0.046563
1 0.647953 0.193969 0.026938 0.044594
0 0.697133 0.335977 0.041016 0.099828
0 0.749563 0.328344 0.045719 0.066156
0 0.777258 0.453773 0.047078 0.140047
0 0.844484 0.424750 0.080094 0.083625
1 0.843437 0.444516 0.056062 0.071594
0 0.903305 0.588055 0.034078 0.137641
0 0.763391 0.566141 0.089125 0.112719
0 0.627352 0.307164 0.019703 0.094422
1 0.630117 0.214555 0.032328 0.043359
1 0.559703 0.136453 0.022969 0.039844
0 0.580445 0.222289 0.017703 0.091047
0 0.534172 0.210367 0.016688 0.082078
1 0.480875 0.178641 0.032500 0.042188
1 0.500789 0.222656 0.033922 0.058437
0 0.462727 0.266586 0.024203 0.091547
0 0.464094 0.341852 0.013094 0.126703
0 0.530758 0.353602 0.028766 0.130297
0 0.208180 0.351664 0.034109 0.146297
1 0.223461 0.210414 0.044234 0.064484
2 0.173047 0.638164 0.077062 0.197984
2 0.835609 0.407281 0.098406 0.213281
2 0.278969 0.661266 0.111000 0.216344
1 0.284070 0.594172 0.059703 0.082031
0 0.324086 0.708250 0.022047 0.086625
0 0.179797 0.721531 0.070031 0.141937
1 0.180914 0.576945 0.059391 0.074766
