1 0.600055 0.367172 0.051766 0.059031
1 0.224648 0.330203 0.041203 0.068031
0 0.532234 0.253891 0.020125 0.062250
0 0.570336 0.248039 0.036141 0.073391
2 0.589070 0.429422 0.074078 0.182219
1 0.544289 0.335687 0.027984 0.047031
0 0.535562 0.393594 0.040969 0.052281
0 0.178680 0.404195 0.033859 0.055297
0 0.059133 0.425070 0.034266 0.076766
0 0.247648 0.624992 0.071578 0.167828
1 0.161875 0.470508 0.061594 0.080234
1 0.554625 0.865219 0.078938 0.112063
0 0.624117 0.930469 0.061766 0.139063
0 0.605500 0.867953 0.029375 0.049938
2 0.576969 0.904812 0.158219 0.190375
1 0.093664 0.409187 0.062703 0.069687
0 0.175453 0.359453 0.043563 0.041219
1 0.162023 0.298156 0.030016 0.041625
2 0.169344 0.328984 0.055156 0.101969
1 0.555734 0.180883 0.027625 0.042672
2 0.558680 0.222258 0.059234 0.125203
2 0.547305 0.371000 0.035016 0.117938
2 0.433758 0.463172 0.112453 0.224906
2 0.186156 0.576023 0.143031 0.290141
2 0.097000 0.485023 0.110844 0.224328
2 0.223383 0.404320 0.092391 0.215797
0 0.277781 0.434797 0.031906 0.109937
0 0.475586 0.481234 0.025953 0.086031
0 0.393758 0.485797 0.032609 0.067156
1 0.428492 0.382758 0.036109 0.064672
0 0.477789 0.402156 0.045578 0.056281
1 0.449148 0.337070 0.037391 0.055172
2 0.465570 0.369555 0.070328 0.121516
0 0.591297 0.479836 0.066906 0.114453
0 0.535898 0.378391 0.056703 0.072594
