0 0.307984 0.453586 0.055375 0.111422
2 0.291594 0.404875 0.070062 0.209625
1 0.288359 0.259719 0.035281 0.059625
2 0.036781 0.376016 0.073563 0.202906
1 0.364484 0.261000 0.020063 0.045562
0 0.799523 0.625398 0.055547 0.113922
0 0.501930 0.485023 0.047141 0.154484
1 0.498188 0.584313 0.049250 0.082812
0 0.545781 0.641359 0.051406 0.035000
1 0.008750 0.302461 0.017500 0.056141
0 0.045195 0.397984 0.042703 0.109031
0 0.345758 0.321242 0.050984 0.064547
1 0.281477 0.332352 0.047547 0.063641
0 0.828266 0.675594 0.122875 0.084125
1 0.858055 0.560445 0.060047 0.069016
0 0.386172 0.317922 0.051406 0.046375
2 0.838984 0.622086 0.133937 0.191453
2 0.496695 0.665797 0.117703 0.246594
0 0.538516 0.369859 0.025312 0.015906
0 0.532898 0.391266 0.035016 0.040906
1 0.564078 0.341266 0.029844 0.043125
1 0.513172 0.332742 0.041969 0.074516
0 0.608844 0.304000 0.059531 0.069813
0 0.480992 0.259422 0.024859 0.071156
0 0.453906 0.260336 0.016875 0.072859
1 0.465141 0.194297 0.026719 0.035781
2 0.469305 0.236750 0.047953 0.120687
1 0.627242 0.239758 0.029297 0.048328
2 0.634437 0.297570 0.043938 0.163078
2 0.547273 0.378711 0.063922 0.117891
2 0.503156 0.419188 0.066000 0.249438
2 0.359414 0.291789 0.038672 0.107328
2 0.294883 0.318469 0.080391 0.175750
0 0.553578 0.684078 0.081375 0.083781
