0 0.701289 0.573289 0.011578 0.049359
1 0.195438 0.566680 0.057531 0.082203
0 0.227141 0.629875 0.042031 0.022656
0 0.181992 0.704367 0.083922 0.136578
1 0.281453 0.594258 0.048656 0.078047
0 0.315773 0.698992 0.029047 0.119078
1 0.665711 0.521516 0.051547 0.057281
1 0.783680 0.226055 0.032828 0.051953
0 0.752844 0.252203 0.034187 0.047031
0 0.787219 0.341227 0.026781 0.128672
1 0.866289 0.241156 0.032359 0.055813
0 0.830820 0.315172 0.042359 0.089969
0 0.926914 0.531273 0.055141 0.089328
0 0.971641 0.587070 0.056719 0.075547
1 0.986703 0.503461 0.026594 0.062172
2 0.949453 0.539281 0.101094 0.132969
1 0.745203 0.654914 0.074594 0.103891
0 0.768852 0.862875 0.050328 0.222062
0 0.613891 0.775852 0.081719 0.126828
2 0.689258 0.776734 0.209672 0.345281
0 0.616805 0.623867 0.046984 0.086828
2 0.650492 0.590719 0.114422 0.195719
2 0.761703 0.290281 0.075781 0.181625
2 0.850430 0.289219 0.081516 0.152500
2 0.275602 0.656836 0.111484 0.202578
2 0.179766 0.626117 0.088437 0.200891
