2 0.410156 0.341914 0.095000 0.150234
2 0.362109 0.525211 0.139844 0.208641
0 0.322727 0.592195 0.063359 0.192578
0 0.423570 0.593281 0.030828 0.191281
1 0.403531 0.467938 0.056625 0.092938
0 0.323836 0.311930 0.063641 0.065578
0 0.516188 0.388727 0.039500 0.049609
0 0.337195 0.306148 0.035766 0.028547
1 0.302609 0.248445 0.036156 0.051703
0 0.520789 0.371406 0.014766 0.011406
0 0.461883 0.373242 0.049953 0.097516
0 0.353891 0.346258 0.046844 0.033672
0 0.606781 0.321766 0.028844 0.058250
1 0.578078 0.276320 0.027594 0.042109
1 0.411711 0.293906 0.031266 0.052438
0 0.633828 0.370672 0.023281 0.117000
1 0.556102 0.334211 0.037828 0.045047
1 0.666500 0.275383 0.037781 0.052516
2 0.306484 0.300961 0.049219 0.160078
2 0.551602 0.368773 0.049109 0.116953
2 0.580227 0.301938 0.051797 0.094375
2 0.656422 0.330008 0.073875 0.165203
