2 0.532109 0.148008 0.053500 0.109484
2 0.328656 0.530969 0.105500 0.325250
1 0.536094 0.113422 0.018906 0.040312
0 0.549102 0.171750 0.018453 0.058594
1 0.352625 0.151344 0.017500 0.041250
1 0.407469 0.181422 0.009063 0.037656
1 0.181758 0.537281 0.062672 0.074531
0 0.215430 0.652422 0.057359 0.102406
0 0.227242 0.611797 0.027203 0.035781
2 0.174109 0.607539 0.087906 0.215391
1 0.331430 0.415523 0.066359 0.095422
0 0.339008 0.594672 0.051234 0.194719
1 0.826289 0.228391 0.034109 0.056688
0 0.824547 0.289930 0.084344 0.073422
0 0.843719 0.344438 0.036437 0.054344
2 0.401234 0.228180 0.022219 0.131797
2 0.352398 0.178195 0.019609 0.094359
2 0.804539 0.287547 0.075641 0.174906
0 0.561164 0.469508 0.081078 0.051547
0 0.550406 0.450703 0.051094 0.051562
1 0.590125 0.380594 0.031656 0.045188
2 0.602914 0.428125 0.067109 0.141375
