2 0.639078 0.434039 0.089187 0.125359
1 0.866055 0.291289 0.043828 0.064609
1 0.758148 0.258031 0.036734 0.057656
1 0.636148 0.400867 0.040328 0.058891
1 0.489281 0.314234 0.047031 0.052188
0 0.458422 0.405234 0.040500 0.114219
0 0.698766 0.340883 0.045281 0.120266
0 0.765906 0.361383 0.030406 0.114609
0 0.707789 0.586586 0.028953 0.074234
0 0.322953 0.681953 0.023156 0.061062
0 0.118633 0.640875 0.088453 0.108875
0 0.153414 0.586258 0.056703 0.060297
0 0.964789 0.553016 0.070422 0.100469
0 0.905617 0.524477 0.052797 0.103547
0 0.607141 0.470867 0.025531 0.085922
2 0.460984 0.362937 0.103563 0.149594
2 0.735906 0.314836 0.089875 0.172172
2 0.932609 0.529250 0.134437 0.250875
2 0.831523 0.353250 0.111734 0.189125
2 0.656602 0.565008 0.134141 0.193484
2 0.143914 0.656141 0.097984 0.177437
2 0.276547 0.659828 0.117875 0.224594
0 0.793633 0.379375 0.035797 0.137187
1 0.125172 0.604117 0.050250 0.074516
1 0.268648 0.587352 0.060016 0.079484
1 0.661352 0.497008 0.051266 0.058359
1 0.964617 0.449055 0.054641 0.090953
