0 0.588023 0.316992 0.017297 0.085422
1 0.613469 0.228703 0.027500 0.055469
0 0.685312 0.226750 0.032500 0.040000
2 0.625805 0.360656 0.079891 0.204312
0 0.659219 0.226516 0.018438 0.035469
1 0.675680 0.180078 0.024078 0.039844
2 0.676062 0.216633 0.052813 0.113297
2 0.606172 0.280227 0.054563 0.159203
0 0.657461 0.412531 0.013797 0.119125
0 0.599727 0.387539 0.028297 0.078391
2 0.211617 0.413875 0.097359 0.230375
0 0.250070 0.446578 0.064672 0.124906
1 0.205609 0.330117 0.049406 0.060766
1 0.644602 0.292070 0.038234 0.068047
