2 0.280352 0.658492 0.112984 0.194266
2 0.169852 0.639094 0.087109 0.201813
1 0.178391 0.575734 0.056000 0.072906
1 0.279078 0.595313 0.055344 0.069375
1 0.153641 0.161773 0.036844 0.056453
1 0.341898 0.125484 0.012859 0.039219
1 0.536836 0.118969 0.022359 0.038125
1 0.535906 0.167969 0.029219 0.039688
1 0.521906 0.205805 0.033812 0.040109
1 0.634836 0.195633 0.030016 0.045016
1 0.670406 0.222867 0.038500 0.047266
1 0.884891 0.446664 0.070469 0.070422
2 0.862180 0.535766 0.125141 0.247406
0 0.134102 0.633586 0.015078 0.038484
0 0.603133 0.264984 0.026297 0.097406
0 0.658781 0.337039 0.040875 0.113109
2 0.623633 0.243234 0.067703 0.140719
2 0.664156 0.282242 0.051906 0.166703
2 0.526211 0.149750 0.043516 0.101219
0 0.511016 0.171250 0.012563 0.058563
2 0.535992 0.193656 0.029516 0.090688
0 0.487539 0.300430 0.035828 0.101641
0 0.182109 0.723625 0.068219 0.142750
0 0.321930 0.698633 0.028547 0.078359
0 0.822359 0.586836 0.114031 0.127484
2 0.510219 0.268437 0.079812 0.165781
0 0.538320 0.311531 0.015641 0.099500
2 0.348516 0.166461 0.026469 0.120828
2 0.154383 0.194492 0.044047 0.122266
