0 0.472727 0.516234 0.044328 0.121594
1 0.544187 0.198000 0.025625 0.044844
0 0.530609 0.263031 0.014812 0.068500
2 0.225141 0.412063 0.071594 0.152938
2 0.171984 0.326547 0.046406 0.099187
0 0.254078 0.448328 0.063719 0.081719
2 0.037430 0.364180 0.074859 0.204453
2 0.062242 0.296609 0.089891 0.181531
1 0.156656 0.344289 0.046031 0.066516
1 0.208422 0.362180 0.038250 0.053078
2 0.175711 0.426797 0.135734 0.230781
2 0.287711 0.356453 0.098891 0.213031
2 0.482953 0.465180 0.067500 0.224984
2 0.560016 0.408641 0.084656 0.178031
2 0.587141 0.296063 0.069500 0.100375
2 0.548273 0.242805 0.051641 0.134391
0 0.550719 0.269969 0.046594 0.080812
0 0.605930 0.322234 0.027422 0.044969
1 0.481086 0.383320 0.057703 0.061109
1 0.543328 0.350844 0.050000 0.061719
0 0.582984 0.453125 0.037750 0.131250
1 0.568828 0.269813 0.033062 0.048219
1 0.011250 0.286875 0.022500 0.048125
1 0.042656 0.232266 0.034531 0.052344
0 0.095688 0.317648 0.022719 0.098609
0 0.057188 0.384047 0.037063 0.107406
0 0.127688 0.463227 0.038531 0.093422
0 0.224250 0.461492 0.039594 0.116828
0 0.256805 0.398867 0.037109 0.127328
0 0.310594 0.330156 0.023281 0.068437
1 0.257063 0.277531 0.036625 0.054531
1 0.164336 0.298125 0.031109 0.042031
