0 0.324305 0.446008 0.033391 0.149234
0 0.530039 0.718953 0.090328 0.099031
0 0.533594 0.661391 0.056375 0.024937
1 0.483445 0.594734 0.056984 0.067219
2 0.477461 0.681000 0.092047 0.240000
1 0.628266 0.721883 0.064156 0.099359
2 0.617797 0.835344 0.140937 0.329313
1 0.845656 0.575695 0.056750 0.068953
0 0.834234 0.646570 0.096937 0.094359
2 0.827891 0.620617 0.112281 0.160703
0 0.596000 0.422336 0.046219 0.070953
0 0.672148 0.337031 0.046078 0.066219
1 0.592555 0.350133 0.029391 0.048172
1 0.664852 0.281406 0.030578 0.045688
0 0.658906 0.348070 0.048906 0.062609
0 0.403023 0.433617 0.031859 0.140891
1 0.352125 0.324727 0.037438 0.064641
0 0.234594 0.404047 0.067344 0.056906
1 0.191531 0.335125 0.041594 0.045187
1 0.179828 0.385406 0.057156 0.071062
0 0.234477 0.464469 0.044234 0.079500
0 0.201328 0.498758 0.080875 0.083109
0 0.050086 0.380430 0.038922 0.122953
0 0.120141 0.358328 0.032281 0.087406
1 0.088602 0.263906 0.041891 0.053437
0 0.078492 0.230031 0.052797 0.057344
1 0.006875 0.264641 0.013750 0.047531
1 0.024734 0.201109 0.034687 0.049219
0 0.021969 0.297898 0.022156 0.094359
2 0.352242 0.396930 0.089547 0.208016
2 0.198594 0.372570 0.054719 0.119234
2 0.204008 0.472734 0.104859 0.247344
2 0.084031 0.335531 0.106219 0.195500
2 0.020273 0.332766 0.040547 0.182438
2 0.038883 0.260516 0.063641 0.169031
2 0.661984 0.336633 0.067406 0.156547
2 0.585719 0.385227 0.042344 0.118016
0 0.554766 0.845805 0.016688 0.081172
0 0.684141 0.920258 0.081875 0.159484
0 0.806047 0.642914 0.068375 0.113078
