2 0.223828 0.406555 0.072875 0.134391
0 0.816477 0.468375 0.070891 0.095500
0 0.865336 0.473750 0.097547 0.060937
1 0.881008 0.400750 0.050859 0.066219
0 0.672742 0.335969 0.029953 0.091344
0 0.515469 0.265055 0.040937 0.069766
0 0.501898 0.261906 0.021922 0.068312
1 0.208984 0.363484 0.043438 0.048125
1 0.160938 0.301141 0.039531 0.045938
0 0.252172 0.442211 0.074687 0.062766
0 0.178453 0.364953 0.033375 0.049250
2 0.168070 0.333844 0.054797 0.111469
2 0.538539 0.368859 0.071141 0.118531
2 0.554141 0.297570 0.060312 0.097734
1 0.504523 0.204875 0.023766 0.045156
2 0.516789 0.228227 0.048828 0.092609
2 0.688586 0.377852 0.062109 0.160859
0 0.449141 0.744578 0.050219 0.082313
1 0.377008 0.656719 0.068828 0.071125
2 0.408625 0.706477 0.132000 0.170172
0 0.517305 0.379969 0.038297 0.042969
0 0.525219 0.325484 0.027813 0.042656
1 0.555219 0.331500 0.027500 0.043438
0 0.558961 0.313703 0.043953 0.046656
1 0.554445 0.271938 0.028766 0.045562
2 0.848102 0.470602 0.132672 0.205984
