0 0.243805 0.515172 0.026672 0.076531
0 0.221937 0.507180 0.062656 0.136141
1 0.291750 0.395602 0.049125 0.072578
1 0.213477 0.365773 0.047953 0.071391
2 0.028961 0.267406 0.057922 0.166781
0 0.068211 0.224828 0.059172 0.051344
1 0.013109 0.208109 0.026219 0.048594
1 0.047344 0.376320 0.056250 0.070859
2 0.606227 0.268828 0.038172 0.135250
0 0.605563 0.284109 0.027750 0.054281
1 0.601977 0.222125 0.029234 0.041875
0 0.637406 0.211367 0.039469 0.070891
2 0.574305 0.386008 0.044453 0.119453
0 0.546508 0.414852 0.051766 0.060609
0 0.559344 0.381188 0.024219 0.012969
1 0.581758 0.351328 0.029703 0.049906
2 0.062477 0.461133 0.124953 0.243109
0 0.107688 0.481797 0.064406 0.088594
2 0.210219 0.449844 0.068750 0.237812
2 0.453352 0.681227 0.086172 0.241734
2 0.627078 0.837109 0.155063 0.325781
2 0.830008 0.614523 0.114516 0.166891
0 0.838227 0.647656 0.098047 0.099687
1 0.855766 0.571289 0.050781 0.080484
0 0.818258 0.625930 0.091234 0.094703
0 0.557703 0.836953 0.018375 0.073563
0 0.684742 0.902414 0.039891 0.117984
1 0.633453 0.723055 0.058813 0.097703
0 0.494453 0.720211 0.026781 0.093891
0 0.463102 0.728672 0.050828 0.109687
1 0.461734 0.598187 0.067031 0.072844
2 0.294703 0.484828 0.128719 0.252844
0 0.347445 0.509211 0.023328 0.082891
