0 0.124016 0.467492 0.036156 0.084609
2 0.072641 0.473820 0.139813 0.231109
0 0.723563 0.525820 0.033312 0.122734
0 0.816289 0.558039 0.026891 0.090359
1 0.777336 0.461156 0.049641 0.076438
0 0.553578 0.665281 0.056875 0.078188
2 0.377117 0.358430 0.065828 0.122828
1 0.525336 0.590656 0.075984 0.070437
2 0.117578 0.414609 0.097594 0.201094
2 0.520594 0.641023 0.123312 0.172016
2 0.768953 0.518750 0.123000 0.193437
2 0.202055 0.297391 0.080766 0.062125
1 0.028883 0.399859 0.054047 0.083406
1 0.094812 0.351148 0.052656 0.074266
1 0.174383 0.282250 0.025484 0.031437
0 0.174930 0.307703 0.036203 0.047063
1 0.363297 0.321555 0.032406 0.048641
1 0.496258 0.180141 0.021266 0.035656
0 0.509969 0.224234 0.011562 0.028750
0 0.503016 0.239234 0.024531 0.034688
2 0.499445 0.209578 0.033484 0.094969
0 0.378914 0.391273 0.056141 0.056828
0 0.410016 0.363812 0.032344 0.034250
0 0.124938 0.517625 0.034875 0.142438
