1 0.660906 0.224188 0.032688 0.052750
2 0.649211 0.273094 0.082703 0.149281
2 0.614859 0.250523 0.054344 0.150484
2 0.471883 0.206250 0.054734 0.170187
0 0.678523 0.312766 0.024203 0.095906
2 0.275586 0.662359 0.109953 0.223281
2 0.175578 0.643875 0.085531 0.196094
1 0.188438 0.583797 0.057750 0.077187
1 0.280398 0.590086 0.049547 0.080078
0 0.317297 0.709297 0.026375 0.088281
0 0.180844 0.720812 0.068719 0.144000
0 0.621813 0.307578 0.027781 0.103375
0 0.610398 0.264352 0.023516 0.070641
1 0.623336 0.194797 0.036734 0.039688
0 0.501555 0.232328 0.020078 0.091125
0 0.451320 0.239750 0.023453 0.104469
1 0.465133 0.142813 0.029547 0.043594
