1 0.648656 0.518539 0.060031 0.061047
1 0.197375 0.588375 0.058594 0.075750
1 0.273719 0.588984 0.051688 0.079531
1 0.899883 0.275766 0.042297 0.053875
0 0.917469 0.293609 0.037437 0.044094
2 0.182109 0.646398 0.090781 0.192828
2 0.274070 0.653539 0.111891 0.208234
2 0.636648 0.576266 0.106391 0.175156
0 0.827391 0.348141 0.037688 0.128000
1 0.694516 0.204984 0.033125 0.058594
2 0.942094 0.496242 0.115813 0.147203
0 0.898023 0.522000 0.027609 0.095844
0 0.968211 0.537680 0.063578 0.101453
1 0.947102 0.455219 0.037828 0.064375
0 0.605180 0.623070 0.044109 0.079984
0 0.694945 0.265336 0.039703 0.071828
0 0.679016 0.269031 0.033750 0.065156
0 0.314039 0.699750 0.030828 0.116063
2 0.872461 0.326266 0.128109 0.155156
2 0.682688 0.255109 0.066625 0.159156
0 0.181875 0.729438 0.071250 0.142312
