2 0.477938 0.242250 0.054656 0.119563
1 0.423047 0.202055 0.030781 0.045578
1 0.470313 0.205164 0.031406 0.044984
0 0.479773 0.269391 0.047703 0.049344
0 0.447547 0.252672 0.022031 0.051844
0 0.401742 0.218586 0.015547 0.049172
0 0.422555 0.292523 0.032516 0.085203
1 0.586000 0.259711 0.030344 0.057109
2 0.416781 0.257164 0.044563 0.155984
0 0.599477 0.323398 0.034297 0.053516
0 0.565195 0.319328 0.034297 0.058781
1 0.920992 0.375836 0.043922 0.053641
0 0.861164 0.444305 0.068297 0.113422
1 0.988008 0.469219 0.023984 0.084000
0 0.889859 0.576758 0.050937 0.163672
2 0.870289 0.384852 0.144641 0.101547
2 0.934688 0.565102 0.130625 0.276172
2 0.583125 0.294813 0.069813 0.127250
