2 0.515477 0.357609 0.079547 0.166656
2 0.386641 0.381031 0.066094 0.194094
2 0.554289 0.235234 0.049891 0.094844
1 0.558680 0.209375 0.028609 0.043125
1 0.510508 0.297578 0.033297 0.046719
0 0.532500 0.264203 0.020094 0.073469
0 0.560828 0.253516 0.036187 0.058281
2 0.596937 0.424758 0.095000 0.203141
0 0.566500 0.471555 0.033906 0.110172
2 0.569063 0.378188 0.036906 0.107625
1 0.576727 0.347266 0.021266 0.045469
1 0.599773 0.353594 0.036422 0.060625
0 0.568836 0.384773 0.036109 0.034578
0 0.486750 0.398008 0.022063 0.085859
0 0.545602 0.379359 0.018734 0.077281
0 0.402906 0.411953 0.033719 0.106719
1 0.379070 0.308328 0.050016 0.049375
2 0.175539 0.339852 0.059828 0.125609
1 0.625281 0.943812 0.095812 0.112375
2 0.625836 0.944102 0.097016 0.111797
0 0.170273 0.362109 0.046797 0.052187
1 0.011461 0.326687 0.022922 0.053719
0 0.066352 0.451164 0.036422 0.157141
0 0.216008 0.491961 0.040172 0.116078
1 0.233102 0.368102 0.054609 0.064359
1 0.213273 0.353336 0.037578 0.045984
2 0.213453 0.381437 0.037313 0.101813
2 0.250727 0.449445 0.109609 0.225484
2 0.042406 0.415086 0.084812 0.229109
1 0.161789 0.297813 0.030328 0.042031
