0 0.384812 0.240039 0.048437 0.049922
0 0.539609 0.372453 0.058750 0.019344
1 0.392078 0.198203 0.009219 0.030313
2 0.307805 0.516133 0.121953 0.232109
0 0.239977 0.436992 0.036547 0.065828
1 0.540398 0.334156 0.028297 0.043281
1 0.144391 0.347352 0.051219 0.079359
1 0.113242 0.438461 0.063984 0.077766
0 0.107813 0.620805 0.083125 0.174953
2 0.124867 0.523266 0.117359 0.248469
2 0.173305 0.430094 0.108234 0.244500
1 0.239312 0.356414 0.034844 0.049672
1 0.278609 0.445234 0.063000 0.088281
2 0.239102 0.402453 0.044234 0.142281
2 0.386703 0.355898 0.042281 0.130766
1 0.396117 0.306875 0.009734 0.032500
0 0.448820 0.348125 0.032672 0.073438
2 0.383852 0.224578 0.046328 0.083031
0 0.309148 0.609953 0.047359 0.145750
2 0.536320 0.373969 0.073766 0.124469
1 0.418055 0.269523 0.028922 0.035016
2 0.431414 0.333367 0.067141 0.162641
0 0.518516 0.386055 0.037031 0.046953
