2 0.590883 0.295117 0.065047 0.106609
0 0.041117 0.409141 0.044609 0.114469
0 0.245297 0.308695 0.014969 0.084172
0 0.538273 0.404945 0.032516 0.061047
0 0.198375 0.325305 0.020313 0.097672
1 0.204664 0.233016 0.028141 0.046563
1 0.350695 0.273297 0.038297 0.055594
1 0.428805 0.284438 0.033453 0.055156
0 0.524797 0.598586 0.067187 0.106703
1 0.454695 0.605312 0.066953 0.070844
0 0.507750 0.720172 0.087500 0.099469
0 0.913781 0.479594 0.075281 0.068719
0 0.798594 0.489227 0.041250 0.120828
1 0.867805 0.410695 0.051891 0.069609
2 0.864445 0.478422 0.173828 0.205344
2 0.463242 0.677000 0.099766 0.213500
2 0.035102 0.404594 0.070203 0.151812
2 0.220758 0.291797 0.064953 0.164219
2 0.639102 0.320383 0.052328 0.159547
1 0.627172 0.267500 0.028594 0.053906
2 0.561312 0.385914 0.055094 0.099672
2 0.429320 0.353461 0.074172 0.194328
2 0.332344 0.326492 0.084062 0.160609
0 0.356633 0.332703 0.036109 0.057719
0 0.560289 0.314070 0.045453 0.050203
1 0.600414 0.264688 0.025016 0.045000
1 0.576133 0.349781 0.024703 0.027188
0 0.613539 0.326602 0.060141 0.048859
0 0.546203 0.377688 0.017969 0.020156
