2 0.561648 0.697289 0.181109 0.350578
2 0.573664 0.308812 0.061922 0.165563
1 0.543875 0.584664 0.078719 0.125453
0 0.476187 0.743891 0.044406 0.254625
0 0.633406 0.761359 0.048438 0.277469
0 0.520281 0.509516 0.016094 0.056406
0 0.629805 0.555023 0.034297 0.149953
0 0.703781 0.327437 0.042375 0.079406
1 0.702430 0.245039 0.036297 0.062203
0 0.929063 0.725531 0.040188 0.128469
1 0.562984 0.441945 0.057656 0.090484
0 0.578625 0.321969 0.050625 0.071094
1 0.567391 0.257125 0.029594 0.061875
2 0.683953 0.305484 0.072812 0.186687
2 0.953945 0.704016 0.092109 0.298219
2 0.579969 0.513227 0.135562 0.232922
