0 0.906023 0.610953 0.087672 0.145781
0 0.600547 0.267141 0.050469 0.053125
0 0.612578 0.255602 0.035156 0.061922
1 0.252953 0.594477 0.060219 0.080203
0 0.308812 0.658297 0.060219 0.040500
0 0.317719 0.750297 0.118906 0.125031
0 0.520695 0.507047 0.054359 0.134656
0 0.569711 0.460602 0.022766 0.075484
1 0.538969 0.404844 0.035469 0.056875
1 0.848664 0.278375 0.042391 0.061719
0 0.869375 0.399156 0.021344 0.131656
0 0.796445 0.373969 0.025047 0.121656
0 0.676383 0.301430 0.027359 0.100703
0 0.729453 0.299367 0.015375 0.086234
2 0.941391 0.557625 0.117219 0.314750
2 0.838211 0.334828 0.082953 0.172938
2 0.706258 0.269078 0.062391 0.164719
2 0.602758 0.260461 0.054859 0.154484
2 0.536867 0.445992 0.087203 0.139891
2 0.276445 0.683055 0.131297 0.257016
1 0.964734 0.441172 0.070531 0.082000
1 0.693867 0.210437 0.026891 0.046719
1 0.599070 0.206328 0.024234 0.046719
