0 0.791758 0.577484 0.056422 0.043031
2 0.494758 0.657820 0.112141 0.236984
2 0.358078 0.292859 0.035750 0.112219
2 0.280828 0.382031 0.085219 0.204063
2 0.221180 0.460758 0.078828 0.235484
2 0.041000 0.377141 0.082000 0.203469
1 0.017383 0.301734 0.034766 0.053438
0 0.822922 0.618383 0.081500 0.089047
1 0.853094 0.527250 0.051187 0.062844
0 0.547625 0.686875 0.105500 0.080938
0 0.542172 0.642938 0.049531 0.033906
0 0.250188 0.416375 0.027250 0.073094
0 0.290969 0.433016 0.039313 0.154125
0 0.235883 0.514750 0.060391 0.124719
1 0.209383 0.376305 0.052609 0.066172
0 0.052773 0.411828 0.058547 0.127656
1 0.480539 0.200672 0.020141 0.039219
1 0.610469 0.275500 0.040125 0.062625
1 0.696602 0.249234 0.035484 0.049375
2 0.684930 0.316781 0.059641 0.185188
0 0.662711 0.333406 0.014766 0.058719
2 0.613750 0.351523 0.083625 0.214141
0 0.696609 0.353414 0.032937 0.111828
0 0.589219 0.327828 0.034312 0.094969
0 0.548766 0.418938 0.059187 0.056312
0 0.494336 0.247625 0.036891 0.061719
0 0.464133 0.264578 0.015234 0.071594
0 0.387492 0.315312 0.047828 0.049375
1 0.362641 0.259156 0.024406 0.044687
1 0.491844 0.578953 0.049531 0.079188
1 0.260437 0.309797 0.044531 0.058438
2 0.574578 0.409641 0.034344 0.075000
2 0.484625 0.240531 0.056125 0.119188
2 0.835414 0.586711 0.106578 0.181953
