1 0.503648 0.591336 0.060547 0.068297
2 0.489828 0.676555 0.102531 0.237953
0 0.612094 0.285406 0.021375 0.056844
1 0.610563 0.223766 0.027000 0.045312
2 0.605039 0.277313 0.035672 0.152406
0 0.523937 0.391523 0.043031 0.045734
1 0.562797 0.348688 0.027500 0.028750
2 0.545273 0.374312 0.062172 0.080375
2 0.278406 0.461125 0.097750 0.246187
2 0.208570 0.382195 0.053797 0.136766
1 0.252773 0.374242 0.045953 0.073797
0 0.210945 0.401438 0.049047 0.053969
1 0.199930 0.337570 0.035328 0.046859
0 0.066273 0.225086 0.065516 0.049547
1 0.012773 0.211445 0.025547 0.051234
0 0.553977 0.650344 0.060172 0.027031
0 0.552664 0.691773 0.098891 0.086578
2 0.840297 0.599648 0.110844 0.153266
0 0.859336 0.602891 0.072828 0.146313
1 0.855945 0.558266 0.052453 0.069219
0 0.820133 0.569703 0.069578 0.092844
2 0.575078 0.888000 0.146094 0.224000
1 0.560187 0.835016 0.066031 0.117094
0 0.253922 0.526469 0.028719 0.155813
0 0.172180 0.557844 0.105328 0.103062
1 0.164766 0.412797 0.064125 0.079250
2 0.027906 0.266984 0.055813 0.161500
0 0.224234 0.548453 0.028844 0.086187
2 0.173563 0.506227 0.107125 0.265766
