1 0.013289 0.375055 0.026578 0.068547
0 0.230719 0.412742 0.070906 0.050828
1 0.200477 0.336516 0.038984 0.044531
2 0.720047 0.939672 0.120750 0.120656
2 0.013172 0.374961 0.026344 0.068328
2 0.847852 0.633531 0.116484 0.185687
2 0.468562 0.684773 0.095812 0.259516
2 0.212945 0.380219 0.065391 0.131937
2 0.620953 0.259680 0.050281 0.113453
0 0.600812 0.274547 0.010625 0.039844
0 0.635891 0.286094 0.018906 0.060781
1 0.618812 0.226813 0.038594 0.048125
0 0.856453 0.673039 0.102094 0.107047
0 0.792781 0.631672 0.042156 0.086500
1 0.845914 0.584688 0.051234 0.084563
1 0.477617 0.594359 0.060766 0.079375
0 0.529359 0.662859 0.069000 0.047406
0 0.490203 0.749945 0.084781 0.139234
1 0.720219 0.939648 0.121500 0.120703
