1 0.507586 0.306422 0.037016 0.053344
2 0.503320 0.364820 0.081109 0.169172
2 0.302813 0.742070 0.120625 0.169609
0 0.924344 0.718695 0.077000 0.120984
0 0.271328 0.790219 0.094750 0.072375
1 0.285406 0.698352 0.083594 0.080359
0 0.791312 0.642555 0.049500 0.080422
1 0.599742 0.219305 0.024422 0.044109
0 0.593523 0.278531 0.031453 0.059844
0 0.613484 0.272289 0.032375 0.047016
2 0.603656 0.252539 0.051813 0.111172
0 0.471000 0.375547 0.015750 0.062656
0 0.537867 0.417898 0.020734 0.115672
1 0.842273 0.614680 0.060891 0.081891
2 0.843156 0.652883 0.130063 0.157984
