1 0.638086 0.409250 0.052984 0.055781
2 0.190594 0.624430 0.101875 0.203328
2 0.274391 0.649297 0.109094 0.208625
2 0.620867 0.441516 0.087953 0.120719
2 0.613602 0.214961 0.060359 0.143172
2 0.641719 0.264242 0.074937 0.167891
2 0.926484 0.512648 0.097094 0.154078
0 0.894125 0.525500 0.032000 0.077000
0 0.925734 0.558070 0.085781 0.063547
1 0.933477 0.463984 0.051016 0.057656
0 0.205500 0.674813 0.039969 0.090000
1 0.212719 0.560438 0.057125 0.076938
1 0.288266 0.588688 0.050406 0.085438
1 0.645562 0.523789 0.048937 0.062109
0 0.670352 0.466195 0.033266 0.072922
0 0.655453 0.484320 0.090563 0.095422
0 0.597898 0.251008 0.030359 0.103266
0 0.646070 0.309789 0.039391 0.120109
1 0.661344 0.206734 0.035875 0.052469
1 0.624984 0.164656 0.027219 0.042562
2 0.643344 0.586125 0.113469 0.187438
0 0.611359 0.623711 0.032187 0.055078
0 0.313688 0.710000 0.030250 0.087188
