0 0.621336 0.869719 0.057703 0.208687
2 0.619383 0.268992 0.073297 0.165766
2 0.834297 0.253789 0.050094 0.100672
2 0.653008 0.218828 0.046453 0.089031
0 0.656180 0.254156 0.019859 0.018938
1 0.661328 0.191297 0.029687 0.033031
1 0.837508 0.221500 0.020953 0.035937
1 0.629172 0.212289 0.035469 0.052609
0 0.636430 0.303594 0.037547 0.093656
0 0.591125 0.310000 0.014656 0.107813
1 0.706195 0.321234 0.044547 0.056594
0 0.677289 0.460859 0.066234 0.150156
1 0.980531 0.497141 0.038937 0.045000
0 0.959883 0.588813 0.080234 0.062437
0 0.942977 0.572727 0.051328 0.079141
2 0.975477 0.543359 0.049047 0.137969
1 0.651172 0.707969 0.074906 0.131562
2 0.670172 0.807984 0.143844 0.331844
2 0.690641 0.403781 0.091844 0.222312
0 0.844719 0.299664 0.028031 0.096891
