1 0.081500 0.158531 0.021094 0.055469
1 0.181555 0.576156 0.060047 0.075031
0 0.179945 0.718977 0.069172 0.151109
0 0.323758 0.704961 0.022484 0.075516
1 0.284055 0.592094 0.059641 0.078438
0 0.697562 0.443672 0.051594 0.087344
0 0.803125 0.455039 0.026625 0.148047
1 0.745984 0.338375 0.044437 0.056031
0 0.703555 0.342562 0.060234 0.054875
0 0.641461 0.242188 0.024547 0.052031
1 0.617867 0.230547 0.027359 0.045000
0 0.589352 0.316203 0.022891 0.095781
0 0.555906 0.230273 0.016906 0.091797
1 0.549797 0.139672 0.021250 0.042969
1 0.706164 0.268914 0.039484 0.049953
1 0.798375 0.298953 0.049375 0.055781
2 0.796641 0.344281 0.070094 0.146750
2 0.763148 0.424492 0.108047 0.228828
2 0.698836 0.335148 0.069672 0.184734
2 0.615812 0.288562 0.076437 0.160781
2 0.544609 0.189766 0.039594 0.142625
2 0.280398 0.665547 0.115172 0.225531
2 0.175055 0.637555 0.078953 0.199609
0 0.051687 0.211422 0.014781 0.075625
2 0.073695 0.210039 0.059328 0.158516
0 0.154656 0.208258 0.025000 0.087172
2 0.158641 0.199773 0.034063 0.104141
1 0.668687 0.191859 0.029281 0.045312
0 0.649945 0.263711 0.016328 0.098734
2 0.656250 0.234633 0.053125 0.131453
