1 0.586883 0.258406 0.030547 0.055687
1 0.147031 0.319117 0.052812 0.075516
1 0.606430 0.136742 0.019234 0.034328
1 0.843945 0.253695 0.038609 0.058234
1 0.913391 0.342312 0.039281 0.051875
2 0.881945 0.375461 0.103766 0.119703
0 0.881953 0.426602 0.048000 0.096266
0 0.837430 0.380617 0.040609 0.080078
0 0.603039 0.318586 0.030141 0.063141
0 0.568477 0.316430 0.038891 0.060266
0 0.572844 0.174781 0.017656 0.035750
0 0.612078 0.226617 0.017906 0.081766
0 0.104703 0.429539 0.028219 0.104047
0 0.855602 0.323188 0.017359 0.048156
0 0.785148 0.343344 0.031141 0.114250
2 0.816906 0.311211 0.095344 0.173203
2 0.583898 0.290117 0.069141 0.119766
2 0.135516 0.381148 0.091656 0.201141
2 0.593148 0.181531 0.057672 0.123500
