2 0.561445 0.384141 0.053234 0.096594
1 0.234813 0.209141 0.038125 0.041094
0 0.378234 0.389672 0.031031 0.051875
0 0.545781 0.379094 0.020313 0.020250
0 0.539680 0.405187 0.037203 0.054625
0 0.612156 0.327062 0.056719 0.061375
1 0.575437 0.350016 0.025000 0.028281
0 0.558938 0.312867 0.045531 0.052453
1 0.627430 0.264969 0.039047 0.058438
0 0.453148 0.719219 0.058703 0.138594
0 0.441031 0.675492 0.041688 0.072172
1 0.382687 0.671578 0.075531 0.080281
0 0.910328 0.499828 0.085906 0.083656
0 0.822617 0.507273 0.041234 0.148172
1 0.887078 0.410039 0.053500 0.069516
1 0.599125 0.261555 0.028594 0.047328
2 0.877281 0.478617 0.150969 0.205359
2 0.413898 0.722922 0.138422 0.183844
2 0.634547 0.322445 0.053531 0.173453
2 0.590602 0.295062 0.062172 0.114406
2 0.354273 0.375055 0.080203 0.199578
2 0.327125 0.325406 0.076125 0.159250
2 0.245836 0.256703 0.059734 0.136094
2 0.034125 0.403109 0.068250 0.155156
1 0.348930 0.266469 0.032047 0.041406
1 0.339203 0.302891 0.043438 0.056406
0 0.244367 0.292961 0.020922 0.095328
0 0.037734 0.408617 0.043719 0.116547
