2 0.547398 0.300555 0.067953 0.100672
1 0.160969 0.299328 0.032813 0.042656
0 0.195188 0.364156 0.066562 0.051687
2 0.173953 0.334039 0.062469 0.111453
0 0.356156 0.334000 0.044531 0.062312
1 0.355750 0.278922 0.032813 0.055625
0 0.322906 0.226719 0.021719 0.048125
0 0.289164 0.268031 0.039141 0.083937
1 0.297617 0.190656 0.027516 0.051719
2 0.301555 0.245125 0.063953 0.160781
0 0.574984 0.343500 0.031906 0.068813
1 0.554523 0.333812 0.024391 0.045469
0 0.529141 0.317289 0.031156 0.054672
0 0.550258 0.325047 0.060516 0.051781
1 0.550453 0.273141 0.025312 0.046094
0 0.707367 0.362398 0.024641 0.063297
1 0.680133 0.298031 0.032234 0.058594
0 0.640641 0.346594 0.015594 0.067594
2 0.676430 0.343602 0.086547 0.151547
2 0.566977 0.371461 0.048641 0.120203
2 0.331211 0.326922 0.082828 0.152625
0 0.443203 0.750883 0.051687 0.081047
1 0.383219 0.659797 0.072437 0.071375
2 0.407711 0.708102 0.122922 0.167828
0 0.811437 0.490195 0.034531 0.084891
0 0.889477 0.423000 0.061141 0.122938
1 0.855883 0.396453 0.037203 0.069281
2 0.857367 0.466945 0.126922 0.211641
