2 0.752391 0.321969 0.064313 0.207500
2 0.812016 0.290461 0.069875 0.172703
0 0.796250 0.332937 0.040313 0.088437
1 0.828867 0.231891 0.035609 0.054937
2 0.863789 0.342922 0.099578 0.172531
1 0.890219 0.284156 0.045781 0.054688
0 0.883586 0.343031 0.055203 0.087063
0 0.825844 0.362531 0.039687 0.103438
1 0.761281 0.244352 0.038344 0.052422
0 0.738594 0.365797 0.048469 0.130969
2 0.567797 0.226133 0.049188 0.146797
1 0.573242 0.173672 0.023297 0.041563
0 0.588008 0.252953 0.009703 0.093719
0 0.548586 0.226484 0.010484 0.043750
2 0.442977 0.262594 0.043359 0.168406
0 0.414352 0.203234 0.047891 0.060688
2 0.470414 0.239453 0.029953 0.118813
0 0.447031 0.294289 0.025344 0.088922
0 0.470680 0.264148 0.029234 0.061547
1 0.464609 0.200906 0.019969 0.041375
1 0.447383 0.199656 0.034297 0.040531
