2 0.572875 0.272727 0.072938 0.127672
0 0.038937 0.406383 0.042875 0.118172
1 0.313742 0.288766 0.044984 0.055438
1 0.352961 0.270937 0.034391 0.048594
0 0.355164 0.366969 0.034547 0.066719
0 0.359172 0.330906 0.037844 0.061562
0 0.455281 0.255805 0.016312 0.071891
0 0.591828 0.299406 0.034563 0.076563
0 0.611922 0.331617 0.048438 0.062547
1 0.579898 0.355234 0.025328 0.041562
0 0.546305 0.380859 0.025328 0.019062
0 0.541539 0.402773 0.043297 0.048828
1 0.623133 0.261359 0.034391 0.049844
1 0.551414 0.234172 0.028766 0.049531
1 0.432203 0.187625 0.028750 0.039063
0 0.878070 0.458242 0.046984 0.105391
0 0.822836 0.448141 0.049547 0.083406
1 0.863281 0.392797 0.051875 0.069531
2 0.849781 0.468313 0.104500 0.220563
0 0.456859 0.718750 0.051719 0.139281
0 0.440406 0.679484 0.042125 0.063813
1 0.383016 0.664383 0.077375 0.070141
2 0.413312 0.722602 0.139344 0.188547
2 0.565359 0.380547 0.054688 0.092531
2 0.035047 0.401789 0.070094 0.158797
2 0.351812 0.304445 0.053344 0.114234
2 0.331750 0.362234 0.081125 0.202094
2 0.440547 0.230492 0.046094 0.123703
0 0.423984 0.257117 0.008188 0.062172
2 0.633461 0.323086 0.055984 0.172891
