0 0.841070 0.398203 0.040047 0.130719
0 0.882500 0.429656 0.016719 0.023594
1 0.902711 0.297219 0.044859 0.058906
0 0.431555 0.363234 0.031578 0.112531
0 0.302383 0.224289 0.010641 0.069703
2 0.329734 0.202867 0.066312 0.114953
2 0.464578 0.338867 0.097844 0.161641
1 0.492656 0.288984 0.040625 0.060781
0 0.499047 0.371203 0.040156 0.070719
2 0.873445 0.357055 0.103203 0.178484
0 0.972633 0.608812 0.054734 0.069719
0 0.962359 0.577164 0.051562 0.096047
2 0.988750 0.557430 0.022500 0.112016
1 0.658391 0.216859 0.025156 0.040937
0 0.660430 0.272492 0.060234 0.068141
2 0.650703 0.245008 0.040781 0.096422
1 0.659430 0.182289 0.021109 0.033734
2 0.649977 0.196062 0.040016 0.061000
