0 0.537562 0.315727 0.022969 0.058547
2 0.420695 0.723984 0.167141 0.175156
2 0.658930 0.315594 0.083266 0.154125
2 0.565023 0.300047 0.076891 0.089969
2 0.554234 0.379953 0.045500 0.115187
1 0.653969 0.261891 0.034844 0.047437
0 0.630477 0.350352 0.024953 0.105234
0 0.590172 0.319445 0.026625 0.055484
1 0.548344 0.279477 0.027969 0.047297
0 0.043523 0.449500 0.035172 0.154063
2 0.030805 0.392031 0.061609 0.135500
1 0.560789 0.345617 0.031266 0.047203
0 0.535453 0.385313 0.018281 0.013906
0 0.530602 0.397383 0.053922 0.060859
0 0.460914 0.390078 0.050641 0.063594
1 0.418234 0.300828 0.031094 0.051156
0 0.333297 0.306266 0.022813 0.028750
0 0.323211 0.322734 0.061109 0.041719
1 0.302055 0.250719 0.032047 0.053562
0 0.473586 0.779219 0.122922 0.064375
1 0.374203 0.675781 0.072937 0.080000
0 0.428109 0.682273 0.046656 0.029828
2 0.305211 0.287484 0.048547 0.127531
2 0.426070 0.358578 0.069109 0.167219
