0 0.056578 0.340797 0.066406 0.082844
1 0.012969 0.309773 0.025938 0.060016
2 0.045141 0.396555 0.090281 0.233453
1 0.173797 0.470445 0.063969 0.091609
1 0.180477 0.339672 0.045203 0.071281
1 0.162078 0.299672 0.033594 0.042969
0 0.240844 0.445406 0.044063 0.109813
0 0.149711 0.461258 0.027797 0.124484
2 0.179508 0.418898 0.087047 0.229703
0 0.258984 0.622484 0.039906 0.126594
0 0.139617 0.637914 0.040203 0.077422
2 0.197539 0.571023 0.165203 0.293266
0 0.212852 0.370594 0.032359 0.021250
2 0.176094 0.325320 0.067750 0.095578
1 0.554305 0.863125 0.080641 0.112500
0 0.623867 0.933656 0.059609 0.132687
0 0.608141 0.867375 0.028313 0.043406
2 0.575656 0.903383 0.155875 0.193234
0 0.367297 0.499664 0.018625 0.102266
2 0.540992 0.213930 0.051609 0.120391
2 0.550391 0.367359 0.033781 0.114500
2 0.574031 0.429492 0.067125 0.192578
2 0.402000 0.481016 0.087875 0.223594
1 0.533500 0.174922 0.027031 0.042188
0 0.511820 0.239250 0.024234 0.060469
0 0.543648 0.240727 0.045234 0.066641
1 0.551750 0.331328 0.031094 0.041406
1 0.574570 0.363328 0.050984 0.059750
0 0.529461 0.467523 0.024984 0.046141
0 0.522078 0.365492 0.040594 0.016516
0 0.531391 0.396430 0.038719 0.056203
0 0.568359 0.444062 0.056406 0.114687
2 0.434227 0.368023 0.057516 0.184266
0 0.446531 0.397109 0.045781 0.099344
1 0.437922 0.302164 0.051000 0.051891
1 0.408789 0.401039 0.044047 0.065109
0 0.427766 0.522344 0.036813 0.105938
