1 0.667047 0.273656 0.036656 0.050281
0 0.558375 0.381055 0.022375 0.138016
0 0.686930 0.395852 0.031109 0.137047
0 0.955891 0.343758 0.040938 0.076234
0 0.987758 0.379422 0.024484 0.040094
1 0.995266 0.286828 0.009469 0.051656
2 0.967539 0.340672 0.064922 0.160094
1 0.611977 0.220383 0.027391 0.052047
1 0.642578 0.233859 0.027344 0.044156
1 0.592914 0.275734 0.032266 0.060094
0 0.608117 0.371758 0.016359 0.121484
2 0.614234 0.238211 0.030875 0.087328
2 0.581844 0.333328 0.069813 0.174906
2 0.629828 0.277781 0.052906 0.133500
2 0.657031 0.348258 0.079687 0.197922
