0 0.874711 0.373781 0.029484 0.149219
1 0.642039 0.232016 0.034641 0.050094
1 0.657906 0.211859 0.025469 0.048281
1 0.861500 0.252102 0.037937 0.055078
1 0.927883 0.269180 0.049016 0.061828
1 0.924859 0.356352 0.056906 0.076734
0 0.934445 0.419391 0.020109 0.053500
0 0.908344 0.507641 0.046375 0.176375
0 0.838273 0.328477 0.026172 0.063797
0 0.609742 0.324398 0.017391 0.110609
0 0.660258 0.305078 0.015422 0.070281
0 0.673961 0.266781 0.017359 0.053156
2 0.907336 0.435008 0.093016 0.235797
2 0.905297 0.329102 0.096719 0.185641
2 0.862352 0.315008 0.075891 0.181734
2 0.664875 0.263094 0.038187 0.151625
2 0.635922 0.288023 0.068562 0.161328
