0 0.639664 0.310797 0.012984 0.055313
0 0.614055 0.326367 0.020953 0.059484
1 0.020883 0.321766 0.041766 0.056937
0 0.039992 0.432711 0.022828 0.092672
0 0.139281 0.515836 0.055094 0.162703
1 0.077078 0.364500 0.051812 0.066375
0 0.169641 0.359117 0.057094 0.065109
1 0.209719 0.361625 0.039531 0.048750
1 0.163852 0.297484 0.036578 0.041719
0 0.253633 0.443289 0.081953 0.063016
2 0.223625 0.409789 0.067094 0.146391
2 0.169391 0.334023 0.057594 0.115078
2 0.096898 0.454664 0.108703 0.245891
2 0.025320 0.387484 0.050641 0.188281
0 0.557164 0.387219 0.024703 0.019687
0 0.544219 0.415078 0.067812 0.067719
1 0.584031 0.354391 0.026406 0.043438
2 0.571719 0.390828 0.051344 0.116313
1 0.615078 0.249602 0.032562 0.044297
1 0.594437 0.202578 0.029531 0.048750
0 0.434063 0.230961 0.031406 0.070766
0 0.396953 0.246125 0.012063 0.088563
1 0.411375 0.163102 0.022656 0.041578
2 0.420016 0.208977 0.059062 0.134266
2 0.619531 0.293828 0.053375 0.131937
2 0.597719 0.237102 0.036094 0.117984
1 0.747047 0.395844 0.062375 0.067312
0 0.730445 0.494273 0.090328 0.074891
2 0.740703 0.472617 0.075563 0.220766
0 0.541703 0.677641 0.071687 0.096969
0 0.538406 0.624437 0.042188 0.030469
1 0.505117 0.581984 0.065922 0.070875
2 0.507961 0.665023 0.138984 0.237141
