1 0.450719 0.154969 0.021406 0.043594
1 0.811133 0.325648 0.043516 0.056609
1 0.508141 0.145047 0.025625 0.045000
1 0.677031 0.167125 0.025906 0.046719
0 0.453484 0.229570 0.026625 0.025172
0 0.498984 0.228117 0.027594 0.097766
0 0.651023 0.295664 0.036547 0.108172
1 0.639398 0.210031 0.035641 0.044312
0 0.824539 0.409203 0.024953 0.069000
0 0.763922 0.393492 0.034719 0.082297
2 0.792188 0.370930 0.091469 0.149578
0 0.624477 0.294180 0.015391 0.102484
2 0.676484 0.211016 0.052531 0.134906
2 0.642875 0.258750 0.055563 0.141875
2 0.452898 0.202117 0.027797 0.138797
2 0.515570 0.199453 0.049922 0.155156
