2 0.037531 0.425508 0.075063 0.214297
1 0.202852 0.338445 0.042734 0.045391
1 0.399969 0.326375 0.044469 0.073937
1 0.483570 0.593687 0.050703 0.094937
0 0.529406 0.660141 0.067500 0.037500
0 0.494602 0.750273 0.073484 0.143203
1 0.737727 0.887258 0.089391 0.131859
2 0.210555 0.383039 0.065234 0.137047
2 0.385852 0.407383 0.074141 0.237516
2 0.479500 0.670570 0.098500 0.248359
2 0.870305 0.632773 0.123953 0.190203
2 0.623797 0.254102 0.048438 0.108641
0 0.890531 0.679672 0.081031 0.096594
0 0.799320 0.629922 0.052203 0.102719
1 0.865383 0.568961 0.067359 0.060391
1 0.625898 0.221625 0.029047 0.043813
0 0.636906 0.279828 0.021063 0.057594
0 0.389633 0.478445 0.029391 0.155797
0 0.236852 0.412453 0.054547 0.049375
0 0.053461 0.463906 0.042203 0.133500
2 0.720398 0.908539 0.132359 0.182922
1 0.007352 0.354039 0.014703 0.069172
