0 0.909000 0.532359 0.026281 0.049375
0 0.924922 0.535578 0.054219 0.133375
1 0.946086 0.431852 0.038141 0.049109
0 0.607602 0.304445 0.027297 0.093359
1 0.643516 0.227297 0.033750 0.044219
1 0.508727 0.284320 0.049203 0.055859
0 0.487203 0.394766 0.032531 0.137125
0 0.181461 0.724781 0.069953 0.136375
0 0.317508 0.690844 0.027484 0.110125
1 0.279625 0.590703 0.053469 0.081719
1 0.187383 0.584578 0.061859 0.076781
2 0.175312 0.642383 0.084562 0.192109
2 0.273859 0.651563 0.111156 0.204813
2 0.938258 0.491836 0.080891 0.166859
2 0.632750 0.271109 0.078969 0.132031
2 0.498781 0.348461 0.068563 0.183984
