2 0.275305 0.648680 0.111328 0.201953
1 0.354242 0.129992 0.012828 0.036547
0 0.349562 0.243555 0.017344 0.137703
2 0.350023 0.168195 0.022547 0.113203
0 0.575078 0.271469 0.022406 0.093906
2 0.596789 0.245531 0.065859 0.145500
2 0.632875 0.295258 0.084719 0.157078
1 0.197508 0.588125 0.059609 0.077438
1 0.280148 0.588125 0.050609 0.078125
1 0.605453 0.197523 0.026281 0.047609
1 0.640211 0.240828 0.031141 0.047313
0 0.317898 0.693719 0.026234 0.090344
0 0.181258 0.723680 0.067109 0.138266
0 0.604375 0.322406 0.027406 0.101281
2 0.180648 0.644875 0.092734 0.191187
