2 0.442039 0.268531 0.040203 0.177031
2 0.469781 0.240266 0.034156 0.121469
2 0.866055 0.256937 0.038797 0.106906
2 0.820930 0.332406 0.075641 0.183312
2 0.666367 0.296133 0.049734 0.199516
2 0.578305 0.219266 0.043547 0.143031
1 0.583375 0.164086 0.025406 0.033391
1 0.867891 0.232344 0.033594 0.056250
1 0.837586 0.270937 0.040828 0.060031
0 0.821969 0.327820 0.048094 0.073922
0 0.658539 0.347195 0.037953 0.122109
1 0.668117 0.223703 0.039359 0.054906
0 0.567508 0.219859 0.021859 0.042219
1 0.446898 0.203102 0.029984 0.044859
1 0.464469 0.202789 0.021813 0.045172
0 0.409812 0.227391 0.039219 0.045656
0 0.438828 0.297797 0.029344 0.077969
0 0.472836 0.268094 0.029172 0.064312
