1 0.180984 0.452570 0.064219 0.080484
1 0.228227 0.358961 0.039953 0.046766
1 0.271055 0.374797 0.049734 0.074469
2 0.291563 0.453539 0.092344 0.232922
2 0.234859 0.404086 0.060219 0.139016
2 0.194508 0.548578 0.091578 0.276594
2 0.270297 0.603727 0.150562 0.279422
2 0.279398 0.284094 0.059734 0.119625
2 0.402383 0.347695 0.089359 0.158672
2 0.530406 0.367742 0.060438 0.110141
2 0.580078 0.283094 0.075781 0.126000
2 0.652656 0.296945 0.065937 0.145484
0 0.671508 0.292992 0.026609 0.076797
1 0.654633 0.249625 0.038234 0.051375
1 0.566570 0.245445 0.030172 0.050359
0 0.559023 0.301641 0.033266 0.073594
0 0.607969 0.311367 0.021969 0.080078
1 0.546789 0.332953 0.028297 0.040469
0 0.519492 0.370906 0.013609 0.013750
0 0.518180 0.382945 0.035984 0.048484
1 0.404047 0.293242 0.029031 0.049359
1 0.276422 0.248742 0.028906 0.048766
0 0.296875 0.317852 0.024062 0.051797
0 0.285461 0.488695 0.039547 0.072922
0 0.348297 0.347742 0.057406 0.049516
0 0.208367 0.639906 0.026016 0.070188
0 0.320281 0.634992 0.047688 0.106016
0 0.301898 0.555766 0.048141 0.042844
1 0.254422 0.508070 0.072313 0.088234
0 0.184695 0.581453 0.053609 0.089594
0 0.228359 0.439992 0.048281 0.066734
