0 0.227992 0.431633 0.019891 0.065047
1 0.235742 0.348648 0.049547 0.071766
0 0.269258 0.484352 0.033797 0.122922
2 0.453000 0.350484 0.076844 0.179000
2 0.534211 0.371516 0.069172 0.117156
0 0.405570 0.387898 0.022172 0.043516
1 0.537438 0.335062 0.026406 0.043750
0 0.516703 0.382680 0.034219 0.047203
0 0.475734 0.364875 0.032094 0.081500
1 0.447211 0.284953 0.038141 0.048813
1 0.394875 0.314805 0.049719 0.046109
2 0.181203 0.435328 0.112938 0.251531
2 0.262625 0.415852 0.104125 0.205797
2 0.065813 0.447055 0.077687 0.234641
2 0.145852 0.505695 0.141734 0.268922
1 0.150367 0.345000 0.048547 0.070906
0 0.384859 0.242867 0.041938 0.045203
1 0.392398 0.194453 0.010172 0.037187
2 0.383539 0.227914 0.045672 0.104734
0 0.052086 0.496039 0.047328 0.119016
2 0.392172 0.359328 0.055500 0.135813
1 0.060367 0.366492 0.053359 0.072641
1 0.104234 0.405453 0.057688 0.069719
0 0.201227 0.500352 0.028859 0.098109
