0 0.908781 0.498391 0.039500 0.139063
0 0.948234 0.499250 0.039438 0.101625
0 0.650680 0.232367 0.020703 0.078328
1 0.674797 0.159367 0.021875 0.044109
2 0.111062 0.224258 0.067906 0.154766
0 0.085578 0.248742 0.016500 0.108547
2 0.852719 0.306766 0.093344 0.165469
2 0.919641 0.466938 0.098000 0.242625
1 0.937289 0.373539 0.038422 0.054422
1 0.878813 0.253594 0.041125 0.059531
0 0.813063 0.320695 0.043656 0.099516
0 0.871016 0.352688 0.042656 0.116438
2 0.669758 0.205547 0.058547 0.135969
0 0.680180 0.227766 0.037328 0.074125
0 0.360445 0.476852 0.024609 0.071391
0 0.272164 0.500547 0.032047 0.089469
1 0.309406 0.383391 0.044844 0.066406
2 0.313930 0.448156 0.116922 0.194625
0 0.573211 0.467664 0.087047 0.055672
0 0.549383 0.443289 0.058734 0.051047
1 0.601531 0.390141 0.046094 0.046094
2 0.608906 0.445063 0.061406 0.156656
