2 0.116133 0.331109 0.050859 0.135750
2 0.720656 0.645828 0.117438 0.211281
2 0.548047 0.674078 0.138281 0.377781
0 0.692250 0.695945 0.057625 0.103922
2 0.958531 0.322023 0.082938 0.191328
0 0.984047 0.350977 0.031906 0.061016
0 0.938891 0.334164 0.058406 0.070453
1 0.977633 0.259492 0.044734 0.063922
1 0.721109 0.583602 0.057437 0.080359
1 0.534070 0.544781 0.070266 0.118406
0 0.595875 0.655164 0.084594 0.130984
0 0.454000 0.637055 0.061750 0.165953
2 0.640836 0.206672 0.038266 0.099719
0 0.631430 0.230266 0.016609 0.042594
1 0.636609 0.176359 0.026875 0.037031
1 0.113211 0.289781 0.042047 0.053000
