0 0.510289 0.390008 0.017172 0.033266
1 0.300406 0.250180 0.031250 0.051828
2 0.555367 0.302172 0.061859 0.097844
0 0.264820 0.423977 0.019859 0.075297
0 0.231562 0.437398 0.036594 0.059891
0 0.308477 0.642461 0.055734 0.097203
0 0.192781 0.622336 0.068375 0.145797
0 0.443703 0.749969 0.076813 0.124750
0 0.428805 0.680281 0.046359 0.026406
2 0.267570 0.604375 0.138109 0.286562
2 0.415750 0.718406 0.157125 0.186625
2 0.190250 0.546625 0.083375 0.295500
1 0.550664 0.329984 0.032359 0.040313
2 0.425742 0.349664 0.067703 0.155672
2 0.301117 0.287312 0.047984 0.125375
2 0.239547 0.399289 0.071312 0.135484
0 0.453617 0.378219 0.053547 0.096687
0 0.315062 0.317195 0.064844 0.057484
0 0.328266 0.308063 0.021875 0.027031
0 0.655062 0.343781 0.021687 0.098719
2 0.627578 0.300672 0.077656 0.147406
2 0.534461 0.358391 0.065828 0.097281
1 0.627781 0.247961 0.036250 0.042172
1 0.181977 0.440867 0.066734 0.083266
1 0.249188 0.504844 0.079062 0.088437
1 0.371688 0.668766 0.070312 0.087469
1 0.233914 0.356906 0.039141 0.050250
1 0.413109 0.295219 0.040313 0.047344
1 0.550281 0.277281 0.029844 0.048250
0 0.552234 0.321359 0.068000 0.056969
