1 0.205625 0.559031 0.056406 0.082875
0 0.699742 0.571156 0.013297 0.052500
2 0.656695 0.582414 0.099422 0.192359
2 0.840281 0.296828 0.077750 0.162250
2 0.785492 0.290680 0.086172 0.169266
2 0.187031 0.622188 0.092844 0.208781
2 0.275469 0.657227 0.108375 0.203672
2 0.760406 0.694688 0.173281 0.328438
0 0.624867 0.627328 0.032391 0.096563
0 0.804086 0.339805 0.030828 0.120234
0 0.830117 0.301977 0.033891 0.071672
1 0.857453 0.245000 0.034187 0.057500
1 0.810391 0.232055 0.036094 0.052141
2 0.952914 0.541828 0.094172 0.125781
0 0.930391 0.541383 0.049219 0.082359
0 0.971875 0.589188 0.056250 0.068062
0 0.826875 0.794195 0.041250 0.198016
1 0.807336 0.580711 0.079828 0.096578
1 0.668078 0.518336 0.045719 0.064141
0 0.206633 0.628898 0.063859 0.116266
0 0.317133 0.697766 0.024953 0.117281
1 0.283836 0.594227 0.048641 0.077797
