2 0.627500 0.258250 0.064375 0.108094
0 0.576219 0.636453 0.042875 0.028375
1 0.231406 0.482156 0.079375 0.067750
1 0.542125 0.526625 0.054906 0.085687
0 0.565188 0.658727 0.083906 0.135109
2 0.848930 0.613078 0.116922 0.163844
2 0.528055 0.589055 0.088016 0.213641
2 0.325641 0.345672 0.071594 0.156156
2 0.241477 0.568430 0.144516 0.239859
0 0.642445 0.242969 0.035172 0.064687
1 0.612773 0.226484 0.033609 0.043906
1 0.321555 0.291383 0.047297 0.047703
0 0.352617 0.364281 0.041641 0.064219
0 0.291750 0.653391 0.052438 0.166563
0 0.181484 0.581766 0.023656 0.082094
1 0.870914 0.567508 0.063172 0.069172
0 0.835531 0.652391 0.134187 0.083594
0 0.782797 0.589586 0.116344 0.053328
