0 0.698625 0.731984 0.043781 0.044781
2 0.753289 0.729461 0.118547 0.315141
0 0.756563 0.829937 0.109063 0.158031
0 0.658086 0.248047 0.019297 0.028594
2 0.650188 0.219461 0.056937 0.086859
1 0.665711 0.193625 0.026266 0.035000
2 0.979484 0.547141 0.041031 0.149688
2 0.840812 0.313109 0.078719 0.160969
2 0.775578 0.325766 0.086313 0.164094
0 0.746508 0.363641 0.028953 0.086781
0 0.811711 0.296141 0.020109 0.036062
0 0.852898 0.358492 0.034203 0.104484
1 0.860789 0.260125 0.039391 0.054125
1 0.789586 0.270937 0.039766 0.055000
0 0.955922 0.575266 0.040656 0.077594
0 0.972578 0.593289 0.054844 0.075016
1 0.984391 0.502258 0.031219 0.059359
1 0.736570 0.631664 0.084016 0.116672
