2 0.981133 0.535242 0.037734 0.144328
1 0.984844 0.489180 0.030312 0.053109
0 0.944711 0.564063 0.053484 0.087375
0 0.965000 0.585484 0.070000 0.060219
0 0.764969 0.370742 0.022438 0.097891
0 0.839117 0.389836 0.026984 0.120953
0 0.487461 0.320695 0.018797 0.062984
0 0.553898 0.342711 0.040797 0.066453
1 0.541500 0.271102 0.037375 0.057484
0 0.637813 0.275375 0.019625 0.095187
1 0.660070 0.196383 0.021734 0.045984
1 0.852602 0.217914 0.029578 0.045422
1 0.815398 0.270953 0.034547 0.055469
0 0.869867 0.295945 0.019141 0.098266
2 0.521773 0.308688 0.087922 0.134187
2 0.649555 0.225031 0.043078 0.104937
2 0.802703 0.341578 0.099812 0.197469
2 0.849437 0.270367 0.060125 0.149578
