2 0.498898 0.397156 0.102609 0.209437
2 0.197016 0.535570 0.094844 0.250422
2 0.103914 0.466789 0.093766 0.246422
2 0.237484 0.405461 0.075406 0.140016
2 0.310313 0.234711 0.042156 0.111453
0 0.442734 0.353570 0.013812 0.055422
2 0.418711 0.340312 0.047328 0.150500
2 0.548664 0.375086 0.048266 0.121078
2 0.643367 0.289289 0.066734 0.148609
2 0.276633 0.611586 0.152359 0.296203
1 0.088445 0.378594 0.062203 0.065937
0 0.100961 0.538391 0.067234 0.163844
1 0.183320 0.450195 0.066328 0.077109
0 0.212211 0.547234 0.065109 0.100687
0 0.262766 0.429398 0.024438 0.070922
0 0.230570 0.443531 0.061234 0.064813
1 0.230977 0.361078 0.034234 0.050344
1 0.264016 0.509094 0.064187 0.093375
0 0.326609 0.640508 0.051000 0.117109
0 0.210547 0.637797 0.020469 0.071906
1 0.305367 0.199984 0.029234 0.041594
0 0.320930 0.258563 0.045297 0.047812
0 0.330523 0.248641 0.013297 0.019531
1 0.422016 0.287687 0.038750 0.042437
0 0.432617 0.368633 0.041734 0.076797
1 0.504063 0.326227 0.047781 0.070984
1 0.539383 0.336727 0.029484 0.044359
1 0.637297 0.239008 0.026719 0.047297
0 0.667602 0.335578 0.017484 0.082594
0 0.624047 0.297328 0.028437 0.055781
0 0.533047 0.466320 0.031906 0.145484
0 0.440781 0.403039 0.068438 0.047047
