1 0.616250 0.237711 0.026250 0.049547
2 0.618602 0.281484 0.051266 0.137781
0 0.456531 0.406141 0.025250 0.121875
1 0.422859 0.276297 0.032969 0.052500
0 0.398336 0.306328 0.025016 0.064062
0 0.591797 0.408234 0.033000 0.069344
2 0.569523 0.410578 0.076328 0.188312
2 0.529469 0.439391 0.069500 0.194500
2 0.427422 0.359961 0.083094 0.220391
0 0.365023 0.245156 0.012141 0.082563
2 0.340578 0.225695 0.048781 0.144297
0 0.274703 0.446266 0.031469 0.034719
2 0.216188 0.387680 0.088500 0.191203
2 0.160672 0.324813 0.036406 0.095688
2 0.066453 0.341969 0.071813 0.189813
2 0.018719 0.299867 0.037437 0.186797
1 0.050633 0.271250 0.039484 0.048125
0 0.071320 0.383148 0.060953 0.124953
0 0.018914 0.349469 0.037828 0.115531
1 0.523992 0.371180 0.057828 0.055766
1 0.553172 0.349781 0.044469 0.064531
0 0.568063 0.446305 0.054969 0.082516
1 0.587266 0.348047 0.032656 0.046250
1 0.014828 0.230859 0.029656 0.049094
2 0.587539 0.354461 0.033078 0.058766
1 0.336781 0.176469 0.024531 0.045312
0 0.327797 0.263109 0.023594 0.100531
0 0.187578 0.324594 0.023594 0.057031
1 0.216891 0.322695 0.038000 0.060672
0 0.225523 0.357680 0.056641 0.090578
1 0.161539 0.296734 0.034078 0.039375
0 0.631891 0.305984 0.024469 0.070813
