2 0.417570 0.373750 0.051266 0.161875
0 0.550031 0.329422 0.028031 0.050844
0 0.534461 0.351695 0.039953 0.080328
2 0.548617 0.359781 0.068109 0.090219
2 0.247766 0.385961 0.101312 0.201828
2 0.073719 0.510758 0.110563 0.226297
2 0.175203 0.342539 0.051813 0.124922
2 0.082219 0.355242 0.089563 0.214516
0 0.062406 0.405320 0.050125 0.132172
0 0.125953 0.567656 0.062969 0.165313
0 0.350477 0.507406 0.025703 0.067906
1 0.389578 0.405312 0.056031 0.066562
1 0.417789 0.319883 0.051266 0.054172
1 0.569117 0.333805 0.026203 0.037422
1 0.871984 0.848180 0.100250 0.124641
2 0.853563 0.883906 0.136312 0.195719
2 0.577742 0.228469 0.060203 0.114250
1 0.570156 0.192812 0.027813 0.043125
0 0.559133 0.254523 0.022828 0.058453
0 0.587688 0.252711 0.039312 0.064859
1 0.068906 0.276836 0.040344 0.056328
0 0.112438 0.332047 0.029219 0.077781
1 0.176086 0.302438 0.032047 0.045156
1 0.239383 0.315383 0.040203 0.061391
0 0.294516 0.428836 0.036844 0.135453
0 0.207922 0.428266 0.023094 0.132844
0 0.181133 0.361469 0.040578 0.048313
1 0.046938 0.437937 0.056719 0.079250
0 0.631398 0.960969 0.075359 0.078063
1 0.562984 0.872078 0.082469 0.110219
0 0.612055 0.912531 0.043828 0.046219
2 0.583664 0.908102 0.176203 0.183797
0 0.442945 0.495859 0.013922 0.052969
2 0.393930 0.485984 0.113828 0.228031
