0 0.554859 0.207328 0.012125 0.083938
0 0.599000 0.206969 0.008906 0.084094
2 0.059555 0.223805 0.037422 0.206391
0 0.662414 0.343984 0.057516 0.089344
0 0.865672 0.385156 0.026156 0.062187
2 0.085391 0.209297 0.035875 0.150687
2 0.830750 0.338938 0.098156 0.154938
2 0.804609 0.406586 0.106406 0.212766
2 0.280031 0.664102 0.113344 0.223734
2 0.172953 0.637227 0.075281 0.198672
1 0.059719 0.149820 0.037281 0.055672
1 0.086703 0.156359 0.010406 0.044531
1 0.174016 0.575437 0.057344 0.076719
1 0.282813 0.591539 0.058563 0.076484
1 0.832250 0.328039 0.042906 0.055422
1 0.850461 0.286937 0.045391 0.052719
1 0.580586 0.132922 0.022984 0.039375
1 0.685484 0.239242 0.029531 0.039016
1 0.674281 0.264977 0.041188 0.050391
2 0.576328 0.175484 0.054969 0.124375
2 0.667375 0.294680 0.066625 0.149891
2 0.664602 0.318891 0.061203 0.159406
0 0.189680 0.550539 0.052516 0.077984
0 0.180703 0.720016 0.068531 0.147156
0 0.323078 0.698562 0.025875 0.075375
0 0.838102 0.450203 0.037266 0.101312
0 0.764570 0.404055 0.023359 0.071234
0 0.791789 0.340664 0.018547 0.035609
