0 0.688758 0.473570 0.023297 0.110141
2 0.168539 0.434461 0.109578 0.246703
2 0.060820 0.469219 0.104203 0.245000
2 0.383711 0.224539 0.046172 0.084359
2 0.401352 0.356484 0.072703 0.127656
2 0.725797 0.448437 0.095812 0.194688
1 0.138203 0.346875 0.049063 0.071250
1 0.157961 0.307117 0.045922 0.060766
0 0.140313 0.463883 0.030563 0.083797
0 0.216328 0.424695 0.013719 0.075891
1 0.405016 0.314078 0.027625 0.043094
1 0.391586 0.197289 0.008516 0.028859
0 0.383641 0.239531 0.046094 0.051875
1 0.096492 0.732742 0.108234 0.119828
0 0.179852 0.937641 0.088828 0.124719
1 0.503758 0.808812 0.092109 0.130500
1 0.734555 0.385328 0.051578 0.068406
1 0.542453 0.360070 0.026875 0.052359
0 0.561555 0.434523 0.046234 0.079078
2 0.555945 0.391672 0.057453 0.116656
0 0.524516 0.370875 0.013750 0.019687
2 0.478609 0.871219 0.174906 0.257562
0 0.422328 0.374766 0.034844 0.047031
1 0.456703 0.450586 0.075750 0.072891
0 0.736797 0.488656 0.073906 0.112375
2 0.166313 0.344477 0.063813 0.135328
2 0.133969 0.837055 0.182000 0.325891
1 0.047648 0.386820 0.058672 0.080422
0 0.093703 0.522070 0.040719 0.092422
2 0.449914 0.533914 0.090766 0.240859
0 0.432203 0.604484 0.054469 0.167594
