0 0.817000 0.492523 0.080031 0.094641
1 0.856758 0.253977 0.034234 0.054547
1 0.648648 0.192086 0.024703 0.037391
1 0.899906 0.287500 0.037656 0.050625
1 0.861242 0.433109 0.048609 0.070031
2 0.647859 0.198305 0.044125 0.066516
1 0.659680 0.182305 0.020484 0.034516
2 0.646781 0.225117 0.041000 0.103703
2 0.840930 0.301859 0.086734 0.150563
2 0.862156 0.352125 0.115125 0.179812
2 0.831531 0.468875 0.108781 0.142562
2 0.977227 0.546250 0.045547 0.137500
0 0.634594 0.277453 0.016656 0.095562
0 0.811148 0.323422 0.026891 0.107219
0 0.891195 0.399773 0.030734 0.084703
0 0.943922 0.571695 0.048344 0.069859
0 0.966055 0.587289 0.067891 0.055016
1 0.982977 0.505234 0.034047 0.056250
