1 0.223180 0.361484 0.037984 0.053125
2 0.037687 0.285750 0.075375 0.141219
2 0.054695 0.361500 0.079359 0.195437
2 0.163297 0.323039 0.034656 0.092891
2 0.194227 0.412555 0.071578 0.219609
2 0.235844 0.412773 0.065187 0.155859
2 0.532766 0.460820 0.072281 0.197484
2 0.596961 0.422070 0.071141 0.181391
2 0.636602 0.289281 0.054141 0.145781
2 0.489063 0.207563 0.059125 0.133469
2 0.379609 0.338148 0.070438 0.204484
0 0.199133 0.486727 0.054109 0.149266
0 0.241672 0.425156 0.053906 0.074125
0 0.615180 0.468109 0.034078 0.113969
0 0.523266 0.513422 0.053375 0.120313
1 0.627961 0.239844 0.035609 0.047031
0 0.656984 0.298828 0.012344 0.049219
1 0.383609 0.266680 0.036656 0.061297
1 0.042297 0.239742 0.037625 0.048641
1 0.038680 0.288828 0.048109 0.051344
0 0.011070 0.310211 0.022141 0.077766
0 0.047352 0.419875 0.054016 0.134406
0 0.086391 0.318898 0.044250 0.086516
1 0.163445 0.305688 0.034234 0.057500
1 0.186609 0.334922 0.047000 0.063813
0 0.622844 0.310078 0.021250 0.067344
1 0.596320 0.365969 0.033266 0.069406
1 0.539492 0.396656 0.052984 0.069062
0 0.397914 0.372438 0.043484 0.100750
0 0.475109 0.234328 0.030625 0.080563
0 0.505031 0.224406 0.026438 0.066156
1 0.481203 0.162062 0.019687 0.040937
