1 0.956188 0.453797 0.037031 0.058344
0 0.689609 0.586570 0.014219 0.050828
0 0.316469 0.699297 0.027937 0.118594
2 0.946359 0.503664 0.094594 0.159547
2 0.628258 0.231445 0.061641 0.164297
2 0.674227 0.420172 0.100109 0.202156
2 0.191492 0.623414 0.098766 0.206297
2 0.275805 0.656562 0.113422 0.203750
2 0.829398 0.290758 0.086922 0.159109
0 0.651711 0.267234 0.013766 0.112750
0 0.612438 0.270445 0.027031 0.112547
2 0.642461 0.589977 0.109734 0.192578
0 0.605172 0.629836 0.035562 0.062203
0 0.642062 0.453383 0.035531 0.120297
0 0.695523 0.485891 0.049609 0.127594
0 0.916547 0.529391 0.036156 0.107813
0 0.968289 0.570047 0.051547 0.109563
0 0.800250 0.331039 0.028750 0.118859
1 0.847570 0.240070 0.033766 0.058297
1 0.631359 0.173266 0.032500 0.047031
1 0.689508 0.353469 0.045391 0.069875
1 0.646000 0.526062 0.049156 0.063156
0 0.201344 0.704031 0.053813 0.144125
1 0.285016 0.596266 0.050406 0.081531
1 0.212484 0.561195 0.056563 0.079172
