1 0.470094 0.602148 0.057406 0.067203
0 0.202594 0.506406 0.046938 0.145188
0 0.248055 0.510656 0.035734 0.129688
0 0.313898 0.522453 0.036547 0.179688
1 0.272437 0.378172 0.050187 0.076375
0 0.220273 0.405687 0.049078 0.044063
1 0.200125 0.337094 0.036250 0.046562
1 0.143203 0.388953 0.054750 0.077406
0 0.066828 0.225547 0.061406 0.051094
1 0.012500 0.209953 0.025000 0.050625
2 0.605172 0.267641 0.041000 0.135437
0 0.506711 0.389367 0.013859 0.045203
1 0.558594 0.343047 0.028125 0.018125
2 0.536133 0.372953 0.073359 0.077937
2 0.207789 0.379797 0.052859 0.132281
2 0.027852 0.267250 0.055703 0.165531
0 0.859008 0.614328 0.082078 0.133844
2 0.852719 0.606484 0.112781 0.168906
2 0.473148 0.686742 0.094516 0.236391
2 0.293258 0.460102 0.090578 0.240422
2 0.576437 0.889336 0.154781 0.221328
2 0.160961 0.479031 0.130984 0.257875
1 0.560633 0.840422 0.069016 0.119625
1 0.878641 0.556570 0.060937 0.069328
0 0.823695 0.563609 0.054141 0.087594
0 0.598016 0.282625 0.027406 0.056469
1 0.600953 0.222203 0.026250 0.044844
0 0.636313 0.205523 0.043875 0.068172
0 0.537531 0.716289 0.101719 0.087859
0 0.525523 0.646539 0.070734 0.056453
0 0.137469 0.517078 0.084187 0.127719
