1 0.169320 0.301469 0.043016 0.044156
1 0.019328 0.292281 0.038656 0.056250
2 0.556969 0.234086 0.052906 0.093609
2 0.574805 0.374141 0.045547 0.097031
0 0.567750 0.427688 0.033750 0.049531
2 0.597961 0.416430 0.095734 0.185672
2 0.787180 0.840859 0.199672 0.318281
1 0.841539 0.734789 0.087828 0.105391
0 0.712313 0.835922 0.048188 0.120938
2 0.389016 0.357797 0.048812 0.129406
2 0.177500 0.341477 0.068719 0.124859
2 0.238906 0.369531 0.075469 0.194063
0 0.565867 0.374664 0.028609 0.025859
1 0.557672 0.208906 0.025937 0.044219
0 0.530734 0.272773 0.023219 0.075141
0 0.564688 0.250250 0.036250 0.062312
1 0.581172 0.347609 0.031562 0.044844
1 0.609484 0.357523 0.038031 0.067516
2 0.423492 0.440031 0.096422 0.199000
2 0.247836 0.600406 0.101297 0.285531
0 0.543898 0.391094 0.072828 0.032813
1 0.389273 0.318992 0.048172 0.050516
1 0.417703 0.375727 0.038875 0.069609
0 0.385500 0.456781 0.020812 0.093906
0 0.458719 0.456289 0.021063 0.088578
0 0.275656 0.644625 0.138969 0.111688
1 0.252164 0.502617 0.075078 0.088516
0 0.230453 0.422656 0.057969 0.144156
0 0.201664 0.386172 0.041578 0.029375
0 0.183266 0.373617 0.056594 0.055266
0 0.201805 0.361898 0.027859 0.026047
2 0.040141 0.372758 0.080281 0.216578
0 0.090609 0.366766 0.073844 0.062688
1 0.223016 0.303320 0.042844 0.060922
