0 0.400898 0.392508 0.062453 0.058203
1 0.404258 0.324805 0.025328 0.051109
0 0.777984 0.645703 0.075812 0.128625
0 0.816539 0.667109 0.141266 0.082031
1 0.848805 0.585922 0.065734 0.073875
2 0.833859 0.628477 0.106625 0.160547
0 0.602219 0.698836 0.133812 0.065109
0 0.568250 0.640703 0.072156 0.037250
1 0.528164 0.601359 0.058234 0.077844
2 0.511766 0.664359 0.094125 0.202125
2 0.408492 0.360508 0.077391 0.122516
2 0.555898 0.237680 0.046047 0.116828
0 0.557984 0.255922 0.038156 0.063094
1 0.547187 0.199281 0.026562 0.040188
0 0.435281 0.377914 0.023062 0.045734
