1 0.206914 0.339578 0.029859 0.053594
0 0.240484 0.405344 0.066531 0.051812
0 0.342469 0.434625 0.056312 0.117625
0 0.370516 0.429297 0.017281 0.095469
2 0.776969 0.529172 0.104500 0.215313
1 0.074945 0.430312 0.056891 0.074781
1 0.010031 0.366094 0.020063 0.070312
2 0.034477 0.404422 0.068953 0.146437
0 0.159477 0.573273 0.061234 0.168141
2 0.101062 0.524797 0.110250 0.265719
0 0.723289 0.545562 0.036797 0.115344
0 0.781813 0.587812 0.087031 0.097813
1 0.790008 0.460859 0.042422 0.078937
0 0.648094 0.234219 0.036344 0.076563
1 0.620297 0.221844 0.032531 0.044219
2 0.634805 0.256742 0.063047 0.112453
2 0.332891 0.396641 0.094563 0.232969
2 0.212312 0.374312 0.052562 0.123531
2 0.455703 0.701703 0.101406 0.221594
1 0.459109 0.630930 0.071656 0.081328
0 0.480805 0.762242 0.108859 0.101453
0 0.529672 0.678461 0.066094 0.069984
2 0.419789 0.317773 0.056641 0.132578
1 0.412133 0.272281 0.027672 0.042031
1 0.308063 0.314703 0.044906 0.067375
