0 0.714414 0.383398 0.029641 0.074922
0 0.640125 0.394648 0.020500 0.081391
0 0.527961 0.394383 0.060359 0.062953
0 0.537477 0.364922 0.025172 0.011719
1 0.558922 0.332070 0.033812 0.039234
1 0.675305 0.306562 0.035953 0.047031
2 0.159555 0.321742 0.037672 0.088547
2 0.514312 0.233117 0.041187 0.105328
2 0.554820 0.297539 0.061609 0.096609
2 0.557258 0.372148 0.037391 0.119266
2 0.408453 0.716680 0.132906 0.191641
2 0.679180 0.382797 0.099516 0.198937
2 0.845055 0.470320 0.136797 0.208734
1 0.880672 0.399719 0.052812 0.066406
0 0.808148 0.470000 0.062828 0.090437
1 0.176000 0.337695 0.050594 0.062922
1 0.213078 0.363156 0.037188 0.052344
0 0.255086 0.440914 0.062734 0.061641
0 0.218695 0.481336 0.063828 0.137953
0 0.559898 0.312078 0.040391 0.046156
1 0.375758 0.662000 0.067422 0.082625
0 0.447953 0.743586 0.053344 0.081391
2 0.193500 0.415492 0.087094 0.219953
2 0.226945 0.404477 0.064453 0.134172
1 0.159297 0.302180 0.037469 0.049578
0 0.513531 0.277766 0.034125 0.091063
0 0.525836 0.323844 0.027172 0.044188
1 0.553398 0.273797 0.027828 0.048125
1 0.507008 0.203000 0.024547 0.044531
0 0.488922 0.266828 0.034187 0.090281
0 0.858391 0.471641 0.096656 0.067344
