2 0.149461 0.449484 0.097609 0.236375
2 0.168156 0.330477 0.046812 0.107234
1 0.514719 0.587125 0.062062 0.080625
0 0.545039 0.677812 0.063453 0.096812
0 0.539687 0.624937 0.034906 0.031469
2 0.492414 0.670586 0.107641 0.247078
0 0.739234 0.515234 0.095031 0.075781
1 0.756039 0.412625 0.056609 0.068875
2 0.747742 0.492859 0.089922 0.229344
1 0.583758 0.356289 0.028953 0.040328
0 0.557211 0.386758 0.022516 0.019641
0 0.536867 0.422211 0.060547 0.051859
2 0.569172 0.392141 0.056562 0.112531
0 0.642992 0.309844 0.013766 0.057813
0 0.613531 0.328594 0.020188 0.056563
1 0.618016 0.250555 0.034406 0.045484
1 0.601117 0.196719 0.027828 0.041500
2 0.621289 0.310609 0.057172 0.165969
2 0.605219 0.235750 0.036906 0.118906
0 0.439305 0.236828 0.024422 0.068875
0 0.396336 0.226602 0.014891 0.062078
1 0.418336 0.166953 0.025016 0.043906
1 0.144477 0.365219 0.047578 0.066187
0 0.214453 0.515109 0.062312 0.144469
0 0.256344 0.441172 0.077281 0.063031
1 0.207867 0.360773 0.038828 0.047891
1 0.162742 0.298906 0.035609 0.045406
2 0.415117 0.214547 0.052547 0.139750
2 0.224875 0.413672 0.072281 0.152969
0 0.170164 0.355687 0.042984 0.057344
