0 0.201516 0.409289 0.084625 0.064234
2 0.025586 0.343062 0.051172 0.184500
2 0.202188 0.377766 0.085094 0.127594
2 0.358187 0.596789 0.158344 0.345172
2 0.684789 0.388742 0.085766 0.256797
0 0.711273 0.450172 0.030484 0.126031
0 0.653734 0.439547 0.060187 0.154844
1 0.676828 0.302008 0.051813 0.084109
0 0.291852 0.614086 0.026422 0.101453
0 0.411195 0.626938 0.047047 0.127688
1 0.340586 0.476008 0.068359 0.103922
0 0.263813 0.332000 0.089969 0.058406
1 0.200891 0.342297 0.034750 0.055094
0 0.011734 0.381094 0.023469 0.090688
1 0.004891 0.269750 0.009781 0.037656
