1 0.040359 0.202625 0.032656 0.050688
2 0.618898 0.847906 0.137953 0.304187
0 0.665586 0.924070 0.048797 0.145266
1 0.652773 0.746766 0.069141 0.101594
1 0.473148 0.597555 0.066453 0.069672
0 0.528789 0.663828 0.062328 0.031750
0 0.530047 0.714211 0.090688 0.094922
0 0.626328 0.386984 0.015937 0.078437
0 0.273930 0.515750 0.052953 0.150063
0 0.138766 0.518758 0.055875 0.063391
2 0.480141 0.679758 0.105437 0.233359
1 0.051977 0.258930 0.041453 0.055578
1 0.014227 0.254594 0.028453 0.047031
0 0.098898 0.359969 0.051547 0.112562
1 0.082977 0.409508 0.065703 0.076609
1 0.202500 0.336000 0.048594 0.040500
1 0.209203 0.378180 0.048281 0.062734
0 0.556828 0.853078 0.012969 0.059125
2 0.600313 0.371758 0.055469 0.107734
1 0.680984 0.265359 0.033031 0.050250
1 0.588727 0.335344 0.031578 0.034844
0 0.675102 0.343727 0.051828 0.062859
2 0.830102 0.621094 0.122859 0.148125
0 0.830297 0.646070 0.104812 0.098484
0 0.809812 0.638555 0.082219 0.103391
1 0.852383 0.588352 0.056703 0.083578
0 0.084937 0.233531 0.025781 0.047031
0 0.077961 0.241289 0.015047 0.052234
2 0.019281 0.319500 0.038562 0.176188
2 0.058109 0.332883 0.093594 0.201922
2 0.062992 0.259813 0.079141 0.164438
2 0.108305 0.497531 0.116422 0.252750
2 0.224945 0.469008 0.106891 0.243234
2 0.216492 0.370852 0.076141 0.111016
2 0.689992 0.325664 0.050641 0.170891
