0 0.457258 0.382258 0.044922 0.086109
2 0.639234 0.303836 0.078781 0.159891
2 0.559766 0.300508 0.081062 0.118359
1 0.625289 0.244797 0.033297 0.042344
0 0.664969 0.324367 0.026312 0.078828
0 0.531672 0.318359 0.025188 0.052813
0 0.585633 0.323609 0.029078 0.072188
2 0.541398 0.354891 0.094609 0.088031
0 0.499031 0.384734 0.009531 0.021094
0 0.576766 0.375055 0.023750 0.048016
2 0.426164 0.350289 0.069047 0.161922
1 0.555148 0.264969 0.027828 0.046094
1 0.543453 0.328578 0.030469 0.035156
1 0.140094 0.652594 0.087188 0.113250
1 0.198461 0.422336 0.068016 0.075328
0 0.233344 0.604922 0.092844 0.177656
0 0.250164 0.862352 0.096359 0.199672
0 0.428727 0.681203 0.045797 0.028750
0 0.477266 0.778180 0.115125 0.063641
1 0.375555 0.674492 0.070672 0.078172
2 0.420648 0.722617 0.160484 0.174453
2 0.188938 0.778953 0.184188 0.368031
2 0.211945 0.531164 0.093391 0.293922
0 0.304508 0.449352 0.043766 0.114109
1 0.260773 0.332797 0.038516 0.060875
0 0.322547 0.315273 0.053156 0.056766
0 0.328375 0.305859 0.020781 0.027969
1 0.300336 0.250844 0.031266 0.052031
2 0.304773 0.292422 0.054016 0.134156
1 0.413930 0.293484 0.041422 0.048750
2 0.257867 0.395352 0.080859 0.187703
