1 0.547156 0.600367 0.050219 0.078953
0 0.096102 0.475687 0.059953 0.095500
1 0.408289 0.331008 0.030734 0.050797
1 0.563797 0.231320 0.029469 0.050797
1 0.832242 0.565016 0.061891 0.067469
0 0.579625 0.638391 0.066719 0.036344
0 0.620375 0.714609 0.149500 0.094844
0 0.812406 0.669664 0.128000 0.080359
0 0.772961 0.648094 0.059922 0.118188
0 0.583766 0.297656 0.024094 0.077625
0 0.547656 0.283266 0.019063 0.019219
0 0.435305 0.376461 0.024078 0.047078
0 0.406766 0.398406 0.060937 0.052875
2 0.538672 0.661172 0.133281 0.201406
2 0.813164 0.620305 0.129734 0.179078
2 0.405422 0.364977 0.077594 0.120047
2 0.075867 0.447695 0.100484 0.233766
2 0.572438 0.270828 0.047125 0.131156
1 0.053836 0.365945 0.056234 0.070297
