0 0.224734 0.404992 0.041219 0.049172
1 0.275820 0.383828 0.047547 0.064531
1 0.198687 0.338094 0.036219 0.045812
2 0.029773 0.265781 0.059547 0.163438
0 0.067922 0.226766 0.060344 0.046875
1 0.012102 0.210141 0.024203 0.051875
1 0.550906 0.343719 0.028750 0.043125
0 0.613523 0.299781 0.031109 0.063875
1 0.615992 0.233906 0.031422 0.044219
2 0.621211 0.280562 0.050391 0.137656
0 0.471883 0.386383 0.046172 0.100922
0 0.501531 0.413547 0.012312 0.075563
1 0.442125 0.280383 0.036969 0.060922
2 0.544039 0.381289 0.065516 0.118672
2 0.459469 0.366328 0.070813 0.232344
2 0.481820 0.684516 0.097766 0.241500
0 0.321164 0.516289 0.035641 0.136797
2 0.213844 0.381273 0.066750 0.132766
2 0.283359 0.475344 0.111375 0.246719
0 0.635844 0.283922 0.020750 0.061906
0 0.531141 0.377313 0.022344 0.012187
0 0.518617 0.396406 0.050797 0.046250
2 0.875406 0.609570 0.146687 0.192672
1 0.895922 0.547016 0.056375 0.067844
0 0.901961 0.656438 0.093453 0.100250
0 0.818039 0.593719 0.088328 0.067187
0 0.497008 0.716203 0.108203 0.092281
0 0.537469 0.655500 0.062344 0.063594
1 0.473867 0.605711 0.079172 0.082672
