0 0.609273 0.290039 0.015516 0.110984
0 0.555312 0.296297 0.034719 0.118594
1 0.586656 0.190422 0.026500 0.043969
0 0.470805 0.263758 0.029703 0.060578
0 0.444688 0.298422 0.023813 0.083687
0 0.414531 0.203641 0.048281 0.063656
1 0.446531 0.204211 0.033500 0.047359
1 0.796383 0.273172 0.038797 0.054594
0 0.761789 0.321484 0.036516 0.075500
1 0.892438 0.229141 0.033313 0.054219
0 0.873258 0.332594 0.046203 0.107531
0 0.838047 0.314477 0.021125 0.089734
2 0.868430 0.288406 0.081266 0.174281
2 0.783563 0.341047 0.079969 0.188844
2 0.582180 0.262211 0.070328 0.186172
2 0.470859 0.259320 0.030437 0.085172
2 0.441148 0.269195 0.044578 0.178047
1 0.586906 0.164938 0.027594 0.031219
2 0.595242 0.188180 0.045484 0.077016
