0 0.568555 0.687898 0.104109 0.087953
2 0.340273 0.432258 0.101234 0.219359
2 0.235477 0.384859 0.067734 0.136937
2 0.169320 0.484203 0.120484 0.259031
2 0.601414 0.263695 0.041328 0.123578
1 0.599695 0.221188 0.028609 0.038906
0 0.636523 0.200547 0.042891 0.073000
0 0.560922 0.635383 0.056687 0.066672
0 0.608305 0.286367 0.025797 0.053328
2 0.549859 0.373461 0.071750 0.075828
0 0.523406 0.388750 0.039125 0.045156
1 0.572297 0.346609 0.026406 0.022188
2 0.577523 0.892242 0.158078 0.215516
1 0.569758 0.843258 0.071859 0.116141
2 0.499289 0.672070 0.120953 0.223734
2 0.849383 0.624344 0.123922 0.185062
0 0.812383 0.594867 0.048109 0.054328
1 0.013555 0.209203 0.027109 0.047031
0 0.067391 0.226609 0.060062 0.049969
2 0.027172 0.268352 0.054344 0.165266
1 0.153047 0.395531 0.049156 0.080812
0 0.237586 0.405680 0.031578 0.056266
0 0.880336 0.653320 0.059016 0.127734
1 0.249953 0.339531 0.039062 0.045625
1 0.335500 0.357188 0.046125 0.068906
0 0.392641 0.476016 0.037281 0.156406
0 0.311609 0.457078 0.044750 0.120219
0 0.187000 0.514000 0.082594 0.123969
0 0.127898 0.510547 0.035609 0.123281
1 0.858953 0.567547 0.047219 0.071156
1 0.506375 0.593414 0.060781 0.066547
