1 0.507086 0.392320 0.056922 0.058984
1 0.512000 0.368891 0.050000 0.044344
1 0.556563 0.333930 0.031719 0.044984
0 0.552734 0.393055 0.026156 0.040797
0 0.535805 0.367641 0.016141 0.015687
0 0.506758 0.223727 0.036516 0.055703
1 0.501453 0.167375 0.024219 0.041813
2 0.507844 0.204156 0.036969 0.115375
2 0.257930 0.364039 0.083422 0.204047
2 0.168727 0.460414 0.121016 0.243234
2 0.061062 0.424602 0.103313 0.239516
2 0.244539 0.681570 0.157797 0.265078
2 0.559984 0.372133 0.039031 0.121172
0 0.564836 0.471766 0.028953 0.131188
2 0.533805 0.441320 0.095359 0.189234
0 0.192008 0.323172 0.018078 0.036875
2 0.573031 0.903867 0.159687 0.192266
0 0.624422 0.935805 0.058062 0.128391
1 0.555281 0.860828 0.077625 0.104969
2 0.172187 0.332688 0.060937 0.109781
2 0.494234 0.467539 0.102875 0.210234
1 0.045789 0.337703 0.054078 0.064406
1 0.156484 0.372195 0.051687 0.066516
1 0.169156 0.300141 0.029531 0.044062
1 0.254117 0.289117 0.035484 0.053016
0 0.286539 0.364055 0.033984 0.068453
0 0.191227 0.364484 0.046109 0.046562
0 0.078773 0.466508 0.066766 0.133547
0 0.124484 0.504336 0.031656 0.091984
0 0.221016 0.461055 0.016969 0.053766
1 0.205359 0.596133 0.077250 0.092391
0 0.301359 0.674367 0.045063 0.098828
0 0.233914 0.748602 0.068797 0.130984
0 0.462219 0.449922 0.038813 0.097156
