0 0.114727 0.330727 0.023984 0.058078
2 0.635953 0.313258 0.060844 0.172109
0 0.082594 0.226406 0.040469 0.043125
1 0.018297 0.202969 0.030625 0.045625
1 0.047023 0.259125 0.036578 0.053313
1 0.079766 0.262016 0.039719 0.050344
0 0.050305 0.376992 0.042641 0.127016
1 0.106711 0.379984 0.053172 0.074188
1 0.192984 0.338516 0.040156 0.045000
1 0.266539 0.369180 0.054797 0.064016
0 0.300977 0.519406 0.051484 0.146187
0 0.215430 0.408938 0.044234 0.053750
0 0.174945 0.463797 0.033297 0.055469
0 0.696094 0.921945 0.093719 0.128922
1 0.635609 0.726141 0.064781 0.093938
0 0.558805 0.843039 0.019453 0.069016
1 0.874695 0.582688 0.054641 0.081219
0 0.529578 0.712859 0.093781 0.098969
0 0.527313 0.661813 0.057969 0.028594
1 0.481445 0.596523 0.054359 0.068047
0 0.810070 0.639594 0.077953 0.108000
0 0.840195 0.647188 0.118859 0.092188
2 0.836945 0.623773 0.130891 0.162141
2 0.478016 0.678242 0.097906 0.232609
2 0.281031 0.459906 0.092344 0.246438
2 0.585406 0.391023 0.043562 0.115734
0 0.013875 0.310375 0.027750 0.117813
2 0.136109 0.460203 0.112469 0.234906
2 0.076773 0.338687 0.097672 0.203656
2 0.042180 0.315109 0.045672 0.164500
2 0.033164 0.263758 0.066328 0.166953
2 0.205227 0.383625 0.064203 0.135875
2 0.627711 0.839000 0.158547 0.322000
1 0.639328 0.251289 0.026156 0.048984
0 0.629961 0.336820 0.048172 0.095109
0 0.652398 0.336984 0.028922 0.094656
0 0.595437 0.420359 0.045937 0.070875
1 0.593992 0.357875 0.026734 0.048625
