2 0.649508 0.212703 0.045391 0.095250
0 0.659195 0.235469 0.026391 0.024219
2 0.808867 0.732516 0.159828 0.251844
1 0.868367 0.286172 0.041859 0.054594
0 0.858687 0.406805 0.033812 0.112078
0 0.788820 0.351289 0.031078 0.086016
2 0.831195 0.354195 0.116922 0.191297
1 0.988750 0.490695 0.022500 0.045984
0 0.965719 0.596992 0.068562 0.061297
0 0.946813 0.570742 0.046656 0.075297
2 0.984945 0.539836 0.030109 0.143141
1 0.812227 0.661984 0.069828 0.110719
0 0.856406 0.792266 0.056219 0.130844
0 0.752945 0.726977 0.045672 0.131047
1 0.659289 0.183953 0.022953 0.036875
