2 0.637047 0.234258 0.061875 0.134703
0 0.320719 0.691539 0.027531 0.070047
0 0.182078 0.722312 0.074531 0.143188
1 0.064578 0.148266 0.032344 0.049719
1 0.182609 0.578547 0.057438 0.069156
1 0.281773 0.592695 0.058328 0.075516
1 0.489016 0.158711 0.022969 0.043516
1 0.577031 0.213687 0.041094 0.041563
1 0.645469 0.190266 0.029844 0.044687
1 0.713586 0.272781 0.036734 0.052969
1 0.772781 0.318961 0.044500 0.063453
1 0.806172 0.420883 0.057375 0.072359
0 0.712414 0.335570 0.052984 0.066672
2 0.084898 0.153938 0.012359 0.045938
0 0.850469 0.510711 0.013875 0.061797
2 0.801562 0.501023 0.114688 0.235453
2 0.706234 0.307570 0.065969 0.123609
2 0.756633 0.388453 0.077266 0.203094
2 0.277727 0.659437 0.113078 0.207719
2 0.175484 0.640664 0.079656 0.194297
2 0.071906 0.207234 0.059438 0.166563
1 0.084867 0.154000 0.012828 0.045625
0 0.747344 0.554586 0.081781 0.116141
0 0.748492 0.449367 0.061047 0.126266
0 0.681383 0.331484 0.016109 0.038750
0 0.565203 0.304609 0.021031 0.095781
0 0.508445 0.253203 0.014672 0.106438
0 0.456000 0.242672 0.009750 0.087781
0 0.617352 0.265570 0.022391 0.106297
0 0.652328 0.255633 0.031062 0.063578
0 0.595328 0.321094 0.013281 0.022031
0 0.066961 0.233133 0.035578 0.035578
2 0.484367 0.212109 0.066391 0.150250
2 0.570727 0.263742 0.054422 0.142734
