0 0.086594 0.242859 0.026938 0.052219
0 0.063445 0.261625 0.051266 0.056250
1 0.035633 0.260375 0.040016 0.050313
0 0.069250 0.346063 0.074500 0.083062
1 0.059383 0.391070 0.055922 0.071078
0 0.129727 0.475180 0.044703 0.137047
1 0.204008 0.340797 0.042984 0.046094
0 0.227961 0.410375 0.069859 0.056563
0 0.531813 0.654312 0.086250 0.040625
1 0.466781 0.598117 0.064938 0.067109
0 0.536477 0.695453 0.119203 0.073719
0 0.603719 0.869656 0.079813 0.095219
1 0.739484 0.836273 0.079906 0.111828
0 0.813289 0.641805 0.073359 0.124047
0 0.845414 0.633867 0.096078 0.084766
1 0.865734 0.578531 0.052031 0.079625
2 0.835531 0.617711 0.117188 0.159484
1 0.598414 0.347813 0.032672 0.049375
0 0.595828 0.419141 0.047250 0.072906
2 0.588461 0.383445 0.052234 0.121484
2 0.205414 0.384539 0.044391 0.133328
2 0.076492 0.461805 0.152984 0.214609
2 0.066211 0.258414 0.061266 0.167547
2 0.032063 0.318406 0.064125 0.166375
2 0.670961 0.889945 0.216859 0.220109
2 0.472461 0.680914 0.102141 0.230984
1 0.049820 0.198703 0.028922 0.049219
