0 0.324117 0.497242 0.030484 0.079391
1 0.224398 0.344000 0.049547 0.065813
1 0.265922 0.385273 0.050969 0.071891
0 0.221188 0.486680 0.050125 0.158828
0 0.229266 0.489031 0.020938 0.069844
1 0.078328 0.360398 0.050938 0.062328
0 0.136953 0.465891 0.049219 0.090094
1 0.013773 0.209000 0.027547 0.050156
0 0.070047 0.224938 0.057500 0.048906
1 0.583680 0.351813 0.025391 0.041156
0 0.555125 0.386500 0.023750 0.018281
0 0.542586 0.417273 0.056641 0.054891
2 0.572734 0.388172 0.047500 0.113719
0 0.634820 0.212008 0.053922 0.067766
1 0.594445 0.223734 0.032984 0.041563
0 0.600148 0.286859 0.033141 0.056719
1 0.461867 0.599469 0.072734 0.072406
1 0.631617 0.724844 0.062203 0.105313
1 0.858453 0.573617 0.056469 0.079641
0 0.818508 0.623984 0.091047 0.099125
0 0.834055 0.648320 0.089078 0.102422
0 0.675984 0.911148 0.045844 0.129234
0 0.472383 0.737828 0.060266 0.108188
2 0.833367 0.617172 0.121422 0.165656
2 0.624148 0.836086 0.149547 0.327828
0 0.557070 0.840195 0.015328 0.078047
2 0.454617 0.683547 0.087453 0.241187
2 0.597180 0.264570 0.039047 0.125172
2 0.279031 0.471703 0.121813 0.244719
2 0.222687 0.428188 0.053094 0.234437
2 0.102602 0.446953 0.118047 0.235156
1 0.190508 0.342328 0.029172 0.054969
2 0.190914 0.358086 0.030078 0.085734
2 0.029656 0.266437 0.059313 0.163281
