2 0.626500 0.264547 0.063563 0.120594
0 0.820758 0.645070 0.108859 0.095484
1 0.333391 0.307516 0.036062 0.053719
1 0.163992 0.619117 0.092391 0.084578
0 0.638570 0.242828 0.039547 0.065000
1 0.612867 0.226734 0.032203 0.044063
1 0.524758 0.593187 0.051828 0.077844
1 0.823820 0.566055 0.071984 0.070109
0 0.240500 0.832750 0.077281 0.182906
0 0.572891 0.641141 0.080750 0.033469
0 0.593703 0.690516 0.126125 0.070281
0 0.770859 0.608000 0.055719 0.044094
2 0.331437 0.357734 0.082125 0.154438
2 0.508695 0.658922 0.086672 0.210281
2 0.189039 0.721758 0.164953 0.289609
2 0.831117 0.612875 0.087672 0.163094
