0 0.171633 0.362469 0.045797 0.045781
0 0.451242 0.332445 0.011516 0.057328
2 0.420602 0.332422 0.074078 0.217656
0 0.557219 0.501336 0.034344 0.045016
1 0.578547 0.349398 0.017281 0.044266
0 0.548930 0.378453 0.052672 0.026562
2 0.575852 0.369094 0.021891 0.083219
2 0.603875 0.416062 0.082250 0.192562
0 0.569891 0.442180 0.013063 0.097016
2 0.627313 0.291594 0.065344 0.165563
2 0.513008 0.463703 0.076328 0.189156
2 0.243008 0.379062 0.096328 0.199125
2 0.170328 0.334875 0.049687 0.115625
0 0.077266 0.381898 0.059406 0.124328
2 0.036828 0.301875 0.073656 0.175062
2 0.059305 0.340734 0.085797 0.181406
1 0.421258 0.250000 0.030516 0.053844
0 0.087922 0.317172 0.036594 0.083594
1 0.164391 0.299328 0.034594 0.044094
1 0.222375 0.307508 0.041281 0.058797
0 0.275258 0.428805 0.048703 0.129203
0 0.386797 0.337688 0.028875 0.068688
0 0.495047 0.225695 0.035937 0.060078
0 0.531586 0.229328 0.017422 0.065531
0 0.606617 0.298258 0.023891 0.051078
1 0.600891 0.353922 0.035656 0.067844
0 0.623062 0.453320 0.043844 0.117891
1 0.521039 0.403836 0.053266 0.068234
0 0.512828 0.498391 0.076281 0.068781
0 0.651602 0.296891 0.016109 0.060656
1 0.504617 0.168344 0.022359 0.043594
2 0.508883 0.204352 0.063172 0.115672
1 0.621766 0.229656 0.026750 0.041281
1 0.040750 0.238555 0.036344 0.047828
1 0.038844 0.273695 0.043750 0.046891
0 0.014703 0.318438 0.029406 0.087562
