1 0.135984 0.149594 0.021000 0.059375
1 0.535062 0.213234 0.026094 0.047594
2 0.662062 0.253031 0.064750 0.144562
2 0.528016 0.259086 0.068375 0.138703
0 0.181859 0.724664 0.069344 0.139109
0 0.317281 0.695008 0.026063 0.112797
1 0.276336 0.589852 0.050828 0.078422
1 0.188211 0.584234 0.058609 0.074031
2 0.956375 0.506648 0.087250 0.164578
0 0.914836 0.518930 0.052297 0.084672
1 0.976008 0.452891 0.047984 0.056281
0 0.505305 0.298383 0.024422 0.104047
2 0.149070 0.188141 0.049016 0.134969
2 0.273586 0.651250 0.113859 0.200625
1 0.679477 0.200086 0.030172 0.038578
0 0.658859 0.279180 0.022438 0.091328
0 0.554484 0.306969 0.015500 0.113250
2 0.175609 0.642508 0.084687 0.189984
