2 0.222680 0.291805 0.067797 0.224328
1 0.220242 0.212578 0.041422 0.064531
1 0.400047 0.251898 0.037000 0.062734
1 0.511469 0.201828 0.032000 0.044844
1 0.624016 0.137625 0.025000 0.041719
1 0.630891 0.213039 0.033875 0.040672
1 0.753164 0.258703 0.037047 0.042250
1 0.855867 0.364305 0.057766 0.073391
1 0.821680 0.475750 0.063891 0.075031
1 0.185172 0.572477 0.055688 0.081891
1 0.283195 0.593367 0.059297 0.079703
1 0.646250 0.194055 0.022781 0.044828
0 0.418320 0.401469 0.034422 0.165500
0 0.475320 0.294813 0.026234 0.112875
0 0.626547 0.302414 0.018438 0.086391
0 0.729438 0.329805 0.037406 0.069766
0 0.883555 0.608914 0.029141 0.130766
0 0.758148 0.590938 0.069641 0.118500
0 0.204109 0.352609 0.028781 0.146156
0 0.213391 0.533367 0.045875 0.027172
0 0.322664 0.691047 0.026016 0.072438
0 0.181156 0.718578 0.069156 0.148781
0 0.600406 0.227789 0.016938 0.050891
0 0.659047 0.250875 0.014688 0.074469
2 0.504000 0.265672 0.083250 0.172438
2 0.618102 0.269383 0.059078 0.152828
2 0.651109 0.229719 0.032531 0.117562
2 0.619172 0.184883 0.054219 0.137453
2 0.742570 0.301898 0.062859 0.127797
2 0.819031 0.579328 0.156844 0.283875
2 0.852187 0.426180 0.064156 0.198359
2 0.279828 0.655742 0.114562 0.204328
2 0.398672 0.340313 0.075625 0.240031
2 0.175578 0.634766 0.077563 0.208500
