1 0.542086 0.293625 0.040172 0.062750
1 0.654977 0.190437 0.027047 0.040000
1 0.842359 0.237016 0.036719 0.051906
0 0.943117 0.570648 0.048734 0.082766
2 0.980547 0.538883 0.038906 0.140578
1 0.983320 0.490680 0.033359 0.044578
1 0.858930 0.219531 0.029547 0.041406
0 0.853641 0.351031 0.029531 0.118875
0 0.647344 0.277703 0.018875 0.096813
0 0.794937 0.324023 0.032688 0.110391
0 0.964242 0.583750 0.071516 0.061094
2 0.858594 0.268523 0.030156 0.139516
2 0.823656 0.299695 0.089281 0.177484
2 0.650719 0.225336 0.035500 0.111203
2 0.533188 0.331633 0.058500 0.138609
0 0.536828 0.362914 0.065469 0.075109
