2 0.349031 0.158328 0.022344 0.082563
1 0.827070 0.331617 0.053734 0.066766
1 0.716797 0.270414 0.039875 0.054016
2 0.173031 0.637984 0.077625 0.202469
2 0.279008 0.661055 0.112703 0.214266
1 0.655188 0.193297 0.019719 0.043344
2 0.813922 0.483211 0.105656 0.241547
1 0.627680 0.218992 0.036078 0.041141
1 0.342820 0.116648 0.013016 0.044109
1 0.351328 0.139602 0.017719 0.045547
1 0.358883 0.193789 0.031391 0.055641
1 0.810703 0.396477 0.056875 0.068891
1 0.282891 0.592320 0.061156 0.078953
1 0.183273 0.574984 0.058109 0.076094
0 0.321484 0.695578 0.026312 0.077844
0 0.179789 0.722414 0.070703 0.146109
0 0.627641 0.313477 0.016000 0.095359
0 0.715961 0.333992 0.055484 0.062328
2 0.355641 0.262117 0.058219 0.191359
0 0.378516 0.309211 0.040500 0.097828
2 0.618531 0.268766 0.054844 0.140313
2 0.657594 0.236250 0.042156 0.130000
2 0.804344 0.402719 0.098656 0.208906
0 0.754148 0.547719 0.085359 0.152344
0 0.858422 0.503094 0.015875 0.090719
0 0.671289 0.260328 0.014297 0.080313
2 0.710180 0.304727 0.067234 0.122109
0 0.684297 0.324781 0.014063 0.050781
2 0.342961 0.130266 0.013234 0.071344
