2 0.858750 0.317930 0.111531 0.167203
0 0.896383 0.518484 0.023328 0.089906
2 0.940047 0.497656 0.111375 0.133125
0 0.794508 0.301039 0.026734 0.069797
0 0.807742 0.295312 0.020453 0.062188
2 0.482891 0.845484 0.220719 0.309031
2 0.280070 0.660258 0.110328 0.206984
2 0.174797 0.642328 0.087656 0.193844
0 0.614500 0.637500 0.040656 0.089687
2 0.642695 0.587656 0.098109 0.189375
2 0.796344 0.276047 0.075719 0.141031
1 0.187234 0.584820 0.061469 0.079422
1 0.288148 0.594453 0.052859 0.075781
0 0.222547 0.613953 0.022500 0.022813
0 0.180680 0.721336 0.068828 0.146703
0 0.320750 0.696711 0.028563 0.112859
1 0.532008 0.755234 0.085047 0.130562
0 0.401492 0.915375 0.075484 0.141125
0 0.569930 0.944078 0.042797 0.111844
1 0.653344 0.525180 0.061281 0.062766
1 0.817953 0.232828 0.032500 0.054656
1 0.887430 0.262344 0.038891 0.055938
0 0.899687 0.297477 0.027750 0.084297
0 0.822078 0.345398 0.037281 0.134203
1 0.945523 0.462562 0.038016 0.063000
0 0.965867 0.542812 0.058578 0.095125
