0 0.839117 0.361859 0.028547 0.124719
0 0.524953 0.339156 0.052031 0.072313
0 0.864734 0.304563 0.021719 0.113688
1 0.522766 0.270797 0.042344 0.059969
2 0.976055 0.539508 0.047891 0.140141
0 0.943234 0.572023 0.050094 0.076234
0 0.962117 0.583273 0.075766 0.064859
2 0.813719 0.312094 0.078750 0.178625
0 0.783016 0.333680 0.018625 0.074984
2 0.644414 0.229406 0.039391 0.114000
2 0.855133 0.268477 0.041297 0.140547
1 0.982688 0.492469 0.034625 0.048312
1 0.858555 0.220125 0.031734 0.043500
1 0.829102 0.244141 0.033078 0.043906
1 0.648406 0.195242 0.026750 0.044109
0 0.476789 0.334719 0.023234 0.064031
2 0.504242 0.307727 0.080578 0.134516
0 0.633820 0.279508 0.018203 0.106922
