2 0.519969 0.318141 0.068531 0.161531
2 0.947641 0.500984 0.099406 0.152094
2 0.174297 0.642109 0.086125 0.192656
2 0.275070 0.652086 0.112641 0.204266
0 0.918617 0.522422 0.040891 0.077687
0 0.544633 0.363844 0.018609 0.123156
0 0.494070 0.364258 0.016734 0.130859
0 0.971766 0.550602 0.050344 0.052234
1 0.965023 0.449961 0.047078 0.050828
0 0.624461 0.286516 0.025547 0.098531
0 0.673914 0.284133 0.016797 0.072641
1 0.659734 0.215188 0.025719 0.043375
1 0.524789 0.265156 0.041453 0.056875
0 0.180820 0.721125 0.067109 0.143063
0 0.318344 0.692430 0.024125 0.111453
1 0.280516 0.590203 0.049531 0.080531
1 0.188492 0.583680 0.058359 0.075453
2 0.646914 0.264641 0.071422 0.142625
