0 0.589188 0.284133 0.034625 0.072641
0 0.572937 0.278250 0.011719 0.046719
0 0.618055 0.268828 0.011578 0.037031
2 0.595789 0.275883 0.057078 0.052141
1 0.593117 0.226680 0.037328 0.054766
2 0.595688 0.286414 0.047938 0.174641
2 0.039781 0.372320 0.078000 0.146953
0 0.021141 0.329914 0.037469 0.045609
1 0.350148 0.555891 0.052484 0.072594
0 0.355375 0.685766 0.041500 0.096281
2 0.329086 0.640461 0.093703 0.241797
1 0.969875 0.476406 0.060250 0.090781
0 0.922578 0.642797 0.137156 0.129625
0 0.909234 0.620328 0.045312 0.051562
2 0.955133 0.580516 0.089734 0.297719
1 0.542477 0.404008 0.033766 0.058547
0 0.571672 0.459437 0.026063 0.053969
0 0.526242 0.523242 0.051828 0.122891
2 0.537922 0.445492 0.074688 0.143078
