0 0.875008 0.367859 0.036172 0.081469
1 0.356477 0.212383 0.034547 0.050547
1 0.574180 0.225320 0.025953 0.054047
1 0.587562 0.259555 0.028906 0.056828
0 0.601539 0.324508 0.031828 0.052859
0 0.568102 0.321648 0.037234 0.048578
0 0.546266 0.279305 0.031156 0.062984
0 0.714094 0.354898 0.041312 0.117078
1 0.757477 0.250609 0.038766 0.051250
0 0.820984 0.368984 0.046938 0.138594
0 0.378125 0.307812 0.043406 0.086250
1 0.889773 0.291594 0.044859 0.055938
2 0.854648 0.350016 0.114422 0.173094
2 0.742883 0.319617 0.090328 0.188203
2 0.583297 0.294023 0.068250 0.124953
2 0.365047 0.268852 0.051531 0.163234
2 0.558656 0.254469 0.056656 0.113750
