0 0.492500 0.724977 0.042812 0.109703
1 0.472531 0.580258 0.056156 0.066922
0 0.535273 0.635359 0.072672 0.033625
0 0.256578 0.478688 0.059687 0.124188
2 0.462484 0.333313 0.058750 0.194969
2 0.469820 0.233242 0.051141 0.115141
1 0.469938 0.194445 0.020250 0.037359
0 0.479500 0.202977 0.031563 0.054359
0 0.450375 0.254836 0.012094 0.068547
2 0.634320 0.285953 0.051641 0.151844
1 0.622148 0.231813 0.027016 0.042750
2 0.569758 0.388078 0.059703 0.113406
0 0.544031 0.415461 0.061781 0.058141
0 0.642320 0.304156 0.036172 0.067312
1 0.583984 0.354141 0.031219 0.045437
0 0.451891 0.375617 0.032406 0.110703
1 0.475969 0.262273 0.031781 0.052234
1 0.347789 0.266688 0.033766 0.047656
2 0.471406 0.671602 0.085969 0.248672
0 0.357445 0.329211 0.041109 0.062203
1 0.236391 0.343695 0.051969 0.065484
0 0.949250 0.501500 0.054125 0.055844
1 0.895203 0.494914 0.042406 0.077328
0 0.850477 0.603711 0.048922 0.186484
2 0.877609 0.529297 0.115500 0.144125
2 0.248102 0.421586 0.076641 0.222422
1 0.366859 0.270672 0.015937 0.042500
2 0.364266 0.289648 0.023031 0.080266
2 0.334023 0.325188 0.088609 0.164625
0 0.038711 0.412148 0.037109 0.137891
2 0.034391 0.405414 0.068781 0.151359
