1 0.338875 0.273289 0.030687 0.048703
2 0.305352 0.241203 0.045922 0.147156
2 0.168781 0.333039 0.051250 0.103609
2 0.316031 0.326250 0.076281 0.155000
2 0.358914 0.353750 0.109703 0.190625
2 0.640203 0.301336 0.056219 0.158797
2 0.551945 0.299195 0.064766 0.103391
2 0.529789 0.368680 0.069078 0.109828
0 0.511867 0.379734 0.033328 0.042813
2 0.468047 0.673156 0.098313 0.224375
1 0.464281 0.596406 0.063812 0.070063
0 0.526914 0.696398 0.070578 0.099609
0 0.512852 0.626898 0.041984 0.072203
2 0.874555 0.478844 0.153016 0.211063
1 0.889547 0.405102 0.053188 0.064359
0 0.909805 0.495453 0.083359 0.081000
0 0.823539 0.506586 0.050203 0.154953
0 0.532258 0.315469 0.025766 0.051687
0 0.551688 0.325305 0.064125 0.050484
1 0.552805 0.269031 0.026109 0.043125
0 0.190023 0.358359 0.054328 0.042031
1 0.627266 0.246109 0.030000 0.047500
0 0.643367 0.305383 0.047984 0.068578
1 0.542984 0.333703 0.026406 0.040156
0 0.289883 0.263523 0.022328 0.064484
1 0.308352 0.193484 0.028766 0.049844
1 0.358484 0.284234 0.033156 0.051313
0 0.326094 0.381773 0.043406 0.103016
0 0.400898 0.360141 0.023766 0.063469
1 0.159969 0.302953 0.033125 0.044219
0 0.048500 0.390836 0.038000 0.118328
2 0.034063 0.389148 0.068125 0.145453
