1 0.411406 0.288867 0.035937 0.057891
0 0.351758 0.333000 0.026859 0.061000
0 0.371320 0.368328 0.013891 0.067281
0 0.437586 0.374547 0.020141 0.050469
0 0.494195 0.707422 0.076141 0.125719
1 0.462266 0.194047 0.020156 0.038156
0 0.467961 0.247203 0.041234 0.057781
0 0.595055 0.284625 0.044578 0.101031
0 0.552609 0.276141 0.041625 0.074906
1 0.588055 0.201875 0.025953 0.048750
1 0.647039 0.259844 0.032047 0.049687
0 0.616500 0.328891 0.015188 0.058781
0 0.670375 0.330961 0.030375 0.063641
0 0.544000 0.379320 0.023438 0.016078
0 0.538016 0.402898 0.039594 0.050141
1 0.872781 0.419500 0.054312 0.073500
0 0.805063 0.483367 0.030750 0.084922
0 0.914102 0.516508 0.079141 0.096047
1 0.428820 0.619359 0.060766 0.069062
2 0.328641 0.329203 0.075719 0.167563
2 0.406992 0.351234 0.083078 0.183781
2 0.468148 0.225687 0.041328 0.102031
2 0.594625 0.242523 0.048625 0.131078
2 0.646969 0.300508 0.076062 0.132109
2 0.442656 0.693469 0.117500 0.216500
2 0.871594 0.478906 0.164031 0.192188
1 0.351258 0.271336 0.030641 0.051391
0 0.292938 0.315211 0.025625 0.020516
1 0.361859 0.272750 0.025594 0.046250
