2 0.647687 0.224641 0.045531 0.105500
1 0.516492 0.267695 0.038922 0.060234
1 0.656578 0.194875 0.021250 0.045250
0 0.634703 0.272445 0.019469 0.103547
1 0.820719 0.256695 0.031719 0.047234
1 0.857117 0.222117 0.029078 0.048578
1 0.982922 0.493422 0.034156 0.049063
0 0.533500 0.339711 0.045969 0.069953
0 0.765875 0.358281 0.028656 0.110437
0 0.837156 0.362719 0.025406 0.110969
0 0.866586 0.311367 0.020047 0.086109
2 0.801055 0.323508 0.098359 0.179547
0 0.962367 0.585516 0.075266 0.062156
2 0.980445 0.538719 0.039109 0.139000
2 0.851258 0.276484 0.052203 0.156719
2 0.507031 0.305961 0.056656 0.138391
