1 0.113383 0.377836 0.058578 0.074859
1 0.679336 0.283531 0.046141 0.061375
2 0.493016 0.322594 0.095375 0.204000
2 0.571664 0.302602 0.082391 0.199984
2 0.679203 0.364039 0.063531 0.222547
0 0.203297 0.412555 0.085031 0.058359
0 0.271648 0.329102 0.091422 0.059609
2 0.203023 0.376250 0.087109 0.130000
1 0.204609 0.340711 0.035156 0.057516
2 0.135781 0.455953 0.102781 0.233406
0 0.526844 0.374867 0.026688 0.140141
0 0.453742 0.350687 0.017609 0.100437
1 0.493695 0.256805 0.039953 0.071078
0 0.117281 0.514750 0.038375 0.091563
1 0.573172 0.230773 0.033937 0.054391
0 0.597000 0.355477 0.030656 0.137672
0 0.672438 0.425891 0.047875 0.129875
0 0.094031 0.420359 0.036125 0.065250
