0 0.608414 0.309555 0.025953 0.067141
0 0.453367 0.370492 0.022797 0.048328
0 0.390922 0.305219 0.031844 0.105187
0 0.594016 0.440680 0.020531 0.109734
0 0.508492 0.476922 0.059672 0.080375
0 0.273875 0.450844 0.036250 0.024219
0 0.237414 0.457719 0.049141 0.109469
0 0.177984 0.415914 0.018750 0.058109
0 0.166328 0.359219 0.036094 0.032813
0 0.068797 0.386523 0.059000 0.125703
0 0.018531 0.349563 0.037062 0.122469
0 0.523078 0.374133 0.020938 0.016578
1 0.583703 0.347266 0.033125 0.042188
1 0.549367 0.359180 0.034859 0.071328
1 0.468531 0.396844 0.062437 0.058094
1 0.608195 0.236813 0.032953 0.052625
1 0.419914 0.276922 0.034859 0.059531
1 0.332961 0.174648 0.030172 0.045703
1 0.220406 0.325828 0.048438 0.063344
1 0.162828 0.297703 0.034531 0.041344
1 0.023602 0.236109 0.039078 0.049531
1 0.044617 0.273953 0.042047 0.049281
2 0.583641 0.347203 0.033281 0.042188
2 0.420094 0.360281 0.089781 0.223812
2 0.479586 0.469781 0.091859 0.204906
2 0.554992 0.412000 0.100766 0.179438
2 0.597828 0.279570 0.054656 0.140234
2 0.335211 0.224508 0.049109 0.144703
2 0.215609 0.396477 0.094125 0.206734
2 0.169227 0.325891 0.050203 0.099469
2 0.064750 0.341008 0.081969 0.184078
2 0.021633 0.300867 0.043266 0.180047
0 0.325305 0.267055 0.029047 0.104328
