1 0.201172 0.337078 0.034687 0.044375
2 0.025852 0.260172 0.051703 0.151562
2 0.031055 0.358109 0.062109 0.223125
0 0.020281 0.390031 0.040563 0.113781
1 0.008727 0.273898 0.017453 0.054766
0 0.066102 0.226305 0.060172 0.052297
1 0.013250 0.208437 0.026500 0.047562
1 0.240922 0.400297 0.051875 0.081125
0 0.201500 0.407156 0.039312 0.059844
0 0.192687 0.519250 0.118844 0.118531
2 0.203039 0.386625 0.043078 0.144969
1 0.550352 0.343750 0.033547 0.045250
0 0.529703 0.378797 0.026344 0.016125
0 0.528836 0.402484 0.061141 0.060969
0 0.640383 0.271813 0.022391 0.065219
1 0.628250 0.221711 0.024844 0.039797
2 0.626094 0.267641 0.051906 0.131062
2 0.552820 0.380531 0.054234 0.118063
0 0.534352 0.678875 0.030391 0.068625
0 0.490930 0.715703 0.096859 0.095937
2 0.494203 0.681547 0.113031 0.239094
2 0.262156 0.491305 0.094125 0.263016
1 0.486562 0.601109 0.073844 0.077562
1 0.874812 0.554586 0.056219 0.063766
0 0.821508 0.603500 0.050391 0.108312
0 0.847859 0.624195 0.067281 0.123172
2 0.849508 0.609398 0.106766 0.172766
