2 0.381781 0.228797 0.049094 0.067719
1 0.102492 0.384875 0.053766 0.071188
0 0.118320 0.541656 0.078297 0.157625
1 0.207375 0.449070 0.061281 0.088578
1 0.272922 0.510758 0.063844 0.094891
0 0.330930 0.642234 0.042328 0.110937
1 0.245437 0.357117 0.048469 0.075047
1 0.384195 0.314906 0.047828 0.047344
1 0.547289 0.334070 0.029484 0.039766
0 0.516891 0.381469 0.032969 0.050500
2 0.531094 0.360453 0.061250 0.092062
0 0.400750 0.232188 0.011094 0.038125
1 0.669781 0.262164 0.029938 0.050234
2 0.279367 0.615969 0.147047 0.307438
0 0.217734 0.567367 0.069062 0.084703
2 0.200594 0.546648 0.076187 0.282641
2 0.110188 0.478195 0.093375 0.256422
2 0.267867 0.439844 0.093359 0.240000
1 0.229930 0.367922 0.043516 0.067969
2 0.229586 0.423937 0.044797 0.181500
0 0.410336 0.383727 0.018422 0.055984
0 0.382195 0.386750 0.037891 0.053687
2 0.382625 0.352266 0.052344 0.122031
0 0.378852 0.235039 0.043203 0.053328
2 0.659789 0.318141 0.075078 0.160906
0 0.686562 0.360742 0.021031 0.105234
0 0.636039 0.346516 0.028578 0.099531
