0 0.339266 0.716875 0.070031 0.064375
1 0.165219 0.553523 0.059125 0.070453
0 0.228750 0.567906 0.101938 0.163594
0 0.224305 0.643859 0.042047 0.026750
0 0.562000 0.453172 0.023156 0.085156
1 0.591953 0.389633 0.040469 0.052609
0 0.535461 0.306047 0.023984 0.076969
0 0.601211 0.457969 0.062391 0.086250
1 0.558023 0.224008 0.038484 0.039953
1 0.533219 0.188289 0.022969 0.048453
1 0.477906 0.087500 0.017031 0.032187
1 0.877367 0.249344 0.041922 0.053812
0 0.880453 0.363492 0.050781 0.128328
0 0.819031 0.326562 0.050906 0.111031
2 0.854336 0.325195 0.104953 0.204922
2 0.594445 0.432789 0.088766 0.138891
2 0.550023 0.274750 0.055703 0.141531
0 0.514773 0.265445 0.019828 0.080078
2 0.524813 0.234750 0.039844 0.142375
2 0.470797 0.121992 0.049156 0.101953
0 0.469727 0.137578 0.044547 0.047344
2 0.189656 0.621391 0.111906 0.206406
2 0.288969 0.655102 0.102531 0.209172
1 0.295969 0.581633 0.057406 0.063984
