0 0.307602 0.657273 0.061953 0.040891
2 0.950391 0.570422 0.099219 0.325406
2 0.535266 0.446852 0.090719 0.154078
2 0.930250 0.290578 0.087063 0.184188
2 0.817531 0.321102 0.080687 0.170984
2 0.643625 0.269813 0.054437 0.154906
2 0.275969 0.670461 0.132000 0.233016
0 0.642391 0.285672 0.059531 0.058531
0 0.657250 0.277414 0.039438 0.065828
0 0.769133 0.368813 0.041172 0.115656
0 0.851461 0.384344 0.021672 0.141625
0 0.897437 0.330406 0.021094 0.127625
0 0.956422 0.330867 0.035969 0.139641
0 0.566867 0.455945 0.027203 0.088484
0 0.519734 0.510055 0.059938 0.129953
0 0.320398 0.753969 0.114578 0.116938
0 0.918977 0.618391 0.089891 0.111406
1 0.933234 0.224664 0.041563 0.051578
1 0.532961 0.396953 0.036859 0.053125
1 0.250875 0.595539 0.063594 0.080953
1 0.966937 0.452703 0.066125 0.088844
1 0.818148 0.265672 0.040391 0.057937
1 0.642891 0.220000 0.030156 0.054594
