0 0.774977 0.250719 0.018172 0.085656
2 0.291859 0.734680 0.144906 0.432328
2 0.582086 0.272344 0.044797 0.132500
2 0.696313 0.309516 0.074469 0.185969
2 0.758992 0.218484 0.051234 0.124781
2 0.796953 0.235188 0.036094 0.098375
0 0.320008 0.767945 0.088359 0.165203
1 0.577781 0.227508 0.030313 0.042797
0 0.599820 0.308430 0.030766 0.082516
1 0.278070 0.576313 0.092453 0.116125
0 0.664164 0.328750 0.008578 0.089531
1 0.757070 0.175641 0.024547 0.039375
1 0.704914 0.241437 0.035953 0.049375
0 0.723375 0.361633 0.019000 0.127453
