0 0.654797 0.485602 0.090844 0.100297
0 0.676320 0.473367 0.042766 0.083266
1 0.640656 0.409227 0.049719 0.054953
0 0.665016 0.309297 0.027187 0.117031
0 0.714367 0.302055 0.016578 0.079172
1 0.682469 0.202203 0.029906 0.049031
0 0.485609 0.256703 0.034125 0.108438
1 0.523859 0.166625 0.027562 0.050531
1 0.964188 0.458133 0.036719 0.059609
0 0.904766 0.529750 0.039531 0.094500
0 0.950305 0.538578 0.077984 0.075344
2 0.937555 0.502867 0.105047 0.148484
1 0.645664 0.523875 0.050859 0.066750
0 0.614133 0.618516 0.031984 0.062938
2 0.648359 0.592805 0.101719 0.204297
2 0.620531 0.448852 0.089125 0.136109
2 0.685445 0.265094 0.068203 0.175406
2 0.511344 0.225320 0.051719 0.167328
1 0.219445 0.564500 0.047203 0.081000
1 0.289156 0.594086 0.051469 0.076766
0 0.318992 0.709219 0.024453 0.083656
0 0.207672 0.673648 0.039750 0.097578
2 0.276961 0.670047 0.109266 0.229188
2 0.192180 0.625945 0.102859 0.203766
