1 0.660891 0.278141 0.039656 0.058031
0 0.322664 0.313156 0.059297 0.063062
0 0.333516 0.304953 0.025313 0.028563
1 0.301656 0.251266 0.033125 0.052656
1 0.417008 0.310250 0.031672 0.052094
0 0.459672 0.392492 0.050906 0.062516
2 0.423852 0.364461 0.063328 0.160641
0 0.590719 0.335344 0.026375 0.067437
1 0.561016 0.335422 0.034063 0.030469
0 0.631055 0.381086 0.020859 0.088766
1 0.538781 0.290781 0.026562 0.044062
0 0.529687 0.326359 0.029375 0.040937
2 0.559656 0.318773 0.088344 0.100203
2 0.560828 0.335500 0.034844 0.030625
1 0.374469 0.676625 0.073156 0.081750
0 0.428844 0.681047 0.045469 0.029531
0 0.472883 0.774250 0.125734 0.076719
2 0.419766 0.723672 0.164656 0.177969
0 0.693289 0.360047 0.015953 0.088219
2 0.661023 0.337445 0.080891 0.176641
2 0.306117 0.298242 0.047234 0.146203
