0 0.698508 0.586938 0.014203 0.057656
2 0.853008 0.313633 0.113078 0.174109
2 0.935508 0.501094 0.093734 0.151875
1 0.542687 0.937773 0.108188 0.124453
2 0.542117 0.937711 0.108797 0.124578
0 0.315102 0.696797 0.032797 0.117344
2 0.645813 0.587625 0.121500 0.189750
1 0.185633 0.583469 0.058234 0.077000
1 0.277117 0.589711 0.050578 0.076234
1 0.558016 0.159000 0.025000 0.046688
1 0.868383 0.257273 0.037828 0.061391
1 0.950141 0.455687 0.037187 0.061437
1 0.656039 0.527102 0.047016 0.068516
0 0.893414 0.294391 0.031891 0.057344
0 0.548883 0.232859 0.037859 0.074469
0 0.811727 0.348609 0.046078 0.128969
0 0.941727 0.541828 0.080297 0.071031
0 0.900703 0.520289 0.024344 0.088953
0 0.180383 0.724695 0.070859 0.138422
0 0.604867 0.614781 0.039078 0.047031
2 0.276141 0.653453 0.113281 0.204250
2 0.174180 0.641094 0.083047 0.193438
2 0.545445 0.206773 0.050766 0.142234
