0 0.628187 0.378883 0.027031 0.135703
1 0.885164 0.242391 0.038297 0.047812
0 0.883695 0.345266 0.054359 0.090719
2 0.704836 0.263711 0.072484 0.161953
1 0.706703 0.204469 0.031094 0.042188
0 0.677281 0.294609 0.017469 0.111938
0 0.339766 0.537445 0.056656 0.107922
0 0.442867 0.533125 0.043578 0.097813
1 0.401117 0.484461 0.042391 0.064859
0 0.731938 0.301063 0.018094 0.087875
2 0.870750 0.299109 0.067156 0.161906
2 0.585797 0.336109 0.084187 0.209031
2 0.446875 0.240516 0.021250 0.106469
1 0.446625 0.209594 0.020938 0.044375
1 0.589500 0.258898 0.032438 0.054453
2 0.373969 0.514500 0.125219 0.124438
0 0.554258 0.387305 0.020891 0.105953
