1 0.261508 0.464805 0.050766 0.071234
2 0.364797 0.555984 0.104531 0.307094
0 0.773500 0.319281 0.023250 0.112312
1 0.558812 0.120172 0.019688 0.038125
1 0.820352 0.229875 0.031734 0.055781
0 0.860109 0.303000 0.055656 0.067031
0 0.552883 0.446398 0.055141 0.046484
0 0.566992 0.471406 0.080359 0.048594
0 0.279320 0.569586 0.051609 0.101047
0 0.335266 0.636633 0.044156 0.200234
0 0.395250 0.590391 0.046531 0.104594
1 0.372805 0.446461 0.053328 0.089109
2 0.804406 0.288617 0.086906 0.176047
2 0.549414 0.161102 0.048328 0.120172
0 0.535008 0.198539 0.017453 0.089109
2 0.600594 0.438031 0.066219 0.154125
1 0.595375 0.381203 0.034875 0.039625
2 0.233289 0.521469 0.107234 0.185469
