0 0.830492 0.666578 0.118203 0.078125
0 0.792695 0.645859 0.053234 0.116781
2 0.835422 0.618461 0.121281 0.174016
0 0.415141 0.359055 0.021781 0.040359
0 0.389734 0.371883 0.038937 0.063109
1 0.384484 0.318891 0.035562 0.041219
0 0.612016 0.287164 0.022375 0.078203
0 0.602906 0.647102 0.082937 0.103609
0 0.571391 0.279469 0.022500 0.036719
1 0.591836 0.222906 0.025016 0.044531
2 0.597109 0.263344 0.053031 0.126125
2 0.393500 0.361336 0.065219 0.125578
2 0.540703 0.648969 0.128219 0.195969
1 0.853289 0.569273 0.058547 0.075328
0 0.587305 0.611797 0.055703 0.048937
1 0.557719 0.589305 0.054031 0.076359
