2 0.474086 0.180367 0.049922 0.124453
1 0.504461 0.176844 0.029641 0.044656
0 0.485852 0.272414 0.027234 0.106703
0 0.455445 0.298453 0.042109 0.097156
0 0.470594 0.293711 0.009875 0.063016
1 0.453297 0.196984 0.042469 0.042250
1 0.159883 0.162016 0.028766 0.044312
2 0.644781 0.199203 0.052281 0.128156
2 0.160883 0.193781 0.030578 0.107875
2 0.451164 0.261430 0.048266 0.171516
2 0.496188 0.231539 0.047531 0.154672
2 0.637945 0.288305 0.067141 0.145891
1 0.644500 0.239922 0.041469 0.050219
0 0.624711 0.309852 0.031047 0.067828
1 0.646086 0.155672 0.024078 0.041406
1 0.487539 0.140656 0.022828 0.044844
