1 0.620391 0.627461 0.072063 0.108984
2 0.588695 0.704070 0.134422 0.262109
0 0.655578 0.764914 0.041406 0.042109
0 0.588211 0.781711 0.130984 0.163766
2 0.688641 0.213805 0.042875 0.146703
0 0.675641 0.237266 0.017125 0.099500
1 0.701352 0.158203 0.012297 0.035219
2 0.817187 0.442625 0.095844 0.231688
2 0.848430 0.312289 0.097984 0.196828
1 0.871406 0.241883 0.038031 0.056016
0 0.809211 0.278422 0.067078 0.061906
0 0.872992 0.350234 0.048203 0.120969
1 0.842219 0.358516 0.045250 0.062688
0 0.808523 0.484563 0.038922 0.147406
2 0.605414 0.441188 0.063953 0.148531
0 0.569055 0.463891 0.086922 0.064094
0 0.553078 0.446758 0.059125 0.044641
1 0.605008 0.389664 0.045641 0.045641
