0 0.318234 0.692953 0.025562 0.116906
1 0.184086 0.579297 0.059547 0.078594
0 0.197320 0.560758 0.035297 0.069422
0 0.182133 0.723836 0.071797 0.139828
1 0.280719 0.592328 0.049156 0.080031
1 0.659727 0.338695 0.057891 0.062547
1 0.801086 0.335164 0.054234 0.054984
0 0.806930 0.371234 0.022359 0.037812
0 0.773922 0.449961 0.034531 0.127266
0 0.629727 0.459305 0.030391 0.155297
1 0.972438 0.470375 0.045781 0.053625
0 0.967750 0.547687 0.064500 0.075875
0 0.926617 0.517055 0.024984 0.068891
2 0.956828 0.514227 0.086344 0.143141
2 0.772258 0.395852 0.111391 0.176797
2 0.642406 0.408406 0.091156 0.201688
2 0.274406 0.652727 0.114094 0.201359
2 0.174484 0.638312 0.079219 0.197438
