1 0.911633 0.535500 0.062172 0.086875
2 0.556461 0.261203 0.060578 0.153094
1 0.578422 0.148797 0.020781 0.036094
2 0.667820 0.294594 0.066891 0.158969
0 0.655492 0.336328 0.029328 0.100906
1 0.682125 0.237180 0.038125 0.044359
2 0.279570 0.674648 0.106828 0.222078
2 0.163930 0.637203 0.092578 0.193938
1 0.181016 0.576844 0.058469 0.072563
1 0.292703 0.603914 0.057312 0.079766
0 0.316594 0.714438 0.033500 0.073125
0 0.181070 0.722539 0.068516 0.141484
0 0.910719 0.691555 0.062813 0.137266
0 0.791516 0.614469 0.106531 0.108750
1 0.556953 0.205078 0.022813 0.041563
0 0.579703 0.293750 0.013063 0.087094
0 0.528102 0.286781 0.025766 0.087531
2 0.353172 0.183586 0.015281 0.084547
1 0.356258 0.160977 0.009078 0.038703
2 0.144391 0.181102 0.039656 0.139047
1 0.136703 0.136836 0.024250 0.050266
2 0.873250 0.626320 0.153063 0.269109
0 0.587969 0.191625 0.030625 0.045469
2 0.576719 0.187492 0.053437 0.113453
