2 0.427914 0.354758 0.070766 0.161422
2 0.418680 0.723531 0.164203 0.173031
2 0.631039 0.304430 0.075828 0.147203
2 0.563312 0.302172 0.068969 0.095656
1 0.558078 0.344906 0.029312 0.022063
1 0.627977 0.253891 0.033078 0.044469
0 0.588320 0.308406 0.019859 0.035781
2 0.303461 0.288070 0.044391 0.127328
2 0.037930 0.386422 0.075859 0.186562
0 0.544258 0.315453 0.031266 0.054531
1 0.553086 0.278625 0.028297 0.048375
0 0.522602 0.401297 0.031109 0.054406
0 0.460562 0.382289 0.050750 0.077297
1 0.414734 0.299094 0.038219 0.050313
0 0.333156 0.305625 0.024531 0.025937
0 0.323555 0.314695 0.061484 0.055297
1 0.301953 0.250453 0.033125 0.051094
0 0.056727 0.417086 0.038391 0.125359
0 0.471047 0.778164 0.129625 0.063672
0 0.428523 0.681734 0.046953 0.032437
1 0.374195 0.676352 0.074234 0.080422
2 0.540117 0.381234 0.064859 0.094625
