1 0.678781 0.310063 0.032656 0.060000
1 0.105625 0.314750 0.051750 0.056781
1 0.200148 0.296641 0.035484 0.046250
1 0.223578 0.332562 0.051063 0.065594
0 0.124508 0.461406 0.059734 0.171063
0 0.244625 0.476195 0.047625 0.148766
0 0.164195 0.340289 0.041609 0.052203
0 0.528414 0.392008 0.064828 0.053203
0 0.565516 0.416664 0.064188 0.083422
0 0.690656 0.395484 0.034750 0.090656
1 0.573180 0.346781 0.026422 0.046250
0 0.544008 0.324172 0.048516 0.054781
0 0.522953 0.322836 0.013531 0.047266
0 0.511180 0.277062 0.030203 0.094437
0 0.486078 0.270875 0.026875 0.069438
1 0.500617 0.220969 0.024234 0.038594
1 0.530922 0.284414 0.026562 0.050609
1 0.509469 0.582016 0.054531 0.065687
0 0.546055 0.671906 0.058734 0.066219
0 0.817828 0.458094 0.064625 0.088000
0 0.864328 0.471734 0.101906 0.069656
1 0.885531 0.399930 0.053438 0.068297
2 0.850703 0.466484 0.130281 0.201719
2 0.511297 0.233859 0.045625 0.065063
2 0.545242 0.305555 0.055516 0.092016
2 0.567406 0.380969 0.060906 0.113156
2 0.671234 0.376289 0.074562 0.191578
2 0.506234 0.670141 0.142063 0.243656
2 0.231328 0.410156 0.071094 0.221937
2 0.180812 0.334453 0.074031 0.121500
2 0.115688 0.399039 0.072469 0.225984
