1 0.261047 0.290828 0.042281 0.058656
2 0.173852 0.407594 0.093391 0.224813
2 0.285242 0.379250 0.106266 0.234937
2 0.024102 0.358625 0.048203 0.133875
2 0.470086 0.233367 0.050047 0.116391
2 0.687453 0.324625 0.070219 0.176688
1 0.583836 0.351703 0.028141 0.033438
0 0.532625 0.405156 0.055625 0.040312
2 0.564484 0.380242 0.067156 0.090859
0 0.563820 0.684906 0.092547 0.077094
0 0.551055 0.633938 0.055016 0.034219
1 0.501086 0.595820 0.077297 0.075891
0 0.661727 0.336258 0.014047 0.080234
0 0.713055 0.358008 0.019203 0.109453
1 0.467633 0.194312 0.027672 0.037344
0 0.453219 0.267344 0.016250 0.034531
0 0.476891 0.254117 0.036500 0.050547
1 0.222859 0.204039 0.029531 0.047547
1 0.161328 0.327750 0.045375 0.063563
0 0.853141 0.674898 0.057562 0.104266
1 0.857680 0.591781 0.055109 0.081969
2 0.836938 0.638867 0.097687 0.176953
2 0.492438 0.667211 0.121094 0.217609
1 0.698188 0.258930 0.030844 0.045047
0 0.269367 0.248172 0.028297 0.032031
1 0.330180 0.280313 0.034703 0.060156
0 0.348938 0.395383 0.027156 0.135609
0 0.322242 0.411133 0.032141 0.127422
0 0.203289 0.448609 0.034859 0.110594
0 0.026664 0.363000 0.042891 0.124625
2 0.237023 0.254078 0.058422 0.146844
2 0.340984 0.346523 0.056875 0.193203
