0 0.594344 0.281219 0.035406 0.056312
1 0.282937 0.697711 0.074531 0.083953
0 0.269383 0.787680 0.089391 0.077578
0 0.239023 0.768711 0.029234 0.070547
2 0.293172 0.741477 0.137562 0.171359
0 0.924609 0.728203 0.076719 0.133281
0 0.791125 0.640117 0.048344 0.084797
1 0.848125 0.603969 0.051094 0.084875
0 0.494656 0.407680 0.012656 0.096141
0 0.431133 0.383234 0.020516 0.060719
1 0.463742 0.305641 0.032891 0.057344
0 0.611313 0.273031 0.031594 0.043188
1 0.598570 0.217859 0.024859 0.045781
2 0.601664 0.261203 0.050734 0.131656
2 0.461422 0.356805 0.081344 0.161391
2 0.837172 0.644250 0.140094 0.164312
