1 0.202898 0.364836 0.045391 0.049797
1 0.564289 0.349031 0.049922 0.058219
1 0.646414 0.289813 0.037672 0.054438
0 0.563055 0.248688 0.039953 0.066375
0 0.533641 0.266359 0.019281 0.078531
1 0.558555 0.206562 0.023766 0.041250
2 0.555547 0.234141 0.054781 0.096719
0 0.535664 0.707867 0.085359 0.131203
0 0.324289 0.739164 0.091484 0.159328
1 0.438172 0.646969 0.072094 0.115125
2 0.405195 0.786734 0.254922 0.391469
2 0.655047 0.343703 0.068969 0.161500
2 0.564930 0.426078 0.058578 0.211688
2 0.410047 0.375117 0.079406 0.186016
2 0.298875 0.370844 0.072906 0.222062
2 0.263297 0.452594 0.131812 0.234813
2 0.136219 0.395359 0.081063 0.235438
2 0.169250 0.333141 0.050469 0.111406
2 0.212438 0.375523 0.064187 0.072453
0 0.176953 0.394055 0.139094 0.064703
0 0.212344 0.487742 0.032062 0.099859
0 0.314156 0.511070 0.029969 0.128484
0 0.298844 0.398492 0.033188 0.083016
1 0.284141 0.292391 0.042687 0.065437
1 0.258953 0.367695 0.043531 0.064609
1 0.410289 0.308977 0.047703 0.054453
0 0.385680 0.368812 0.032078 0.062812
0 0.534328 0.392563 0.036000 0.034156
0 0.555766 0.470734 0.040281 0.123062
1 0.119742 0.309422 0.048453 0.061656
1 0.162516 0.299500 0.031406 0.044375
0 0.171141 0.363422 0.045219 0.050656
0 0.675570 0.372992 0.026641 0.082609
