2 0.869781 0.298258 0.044250 0.094109
2 0.823406 0.350492 0.100969 0.190266
0 0.968742 0.596422 0.062516 0.059094
0 0.949695 0.568289 0.047203 0.081234
2 0.980008 0.548055 0.039984 0.156328
1 0.862547 0.740773 0.094125 0.120016
0 0.783773 0.357195 0.025109 0.103422
0 0.848422 0.401766 0.037406 0.133250
1 0.876156 0.280516 0.030469 0.059844
2 0.854797 0.814820 0.158031 0.267859
1 0.655773 0.178727 0.022203 0.038797
0 0.653664 0.237633 0.033922 0.037859
2 0.651742 0.207789 0.049422 0.097234
1 0.850148 0.284359 0.047484 0.058156
1 0.985938 0.495945 0.028125 0.051797
0 0.802961 0.800242 0.041266 0.148828
