1 0.022523 0.371445 0.045047 0.068484
2 0.246922 0.379727 0.067938 0.210547
1 0.182430 0.649094 0.067141 0.099344
0 0.235320 0.768945 0.092328 0.105672
0 0.296086 0.683133 0.060766 0.080609
2 0.238859 0.710156 0.178969 0.222812
1 0.547523 0.863383 0.077109 0.105297
0 0.622078 0.933836 0.062562 0.132328
0 0.598070 0.849336 0.022109 0.046766
2 0.571859 0.905312 0.163250 0.189375
0 0.499312 0.424977 0.046906 0.107547
1 0.467258 0.404094 0.041859 0.066938
2 0.473539 0.473281 0.099453 0.206688
0 0.584953 0.476516 0.054969 0.118594
0 0.504172 0.374469 0.069656 0.049250
1 0.556609 0.334711 0.033469 0.045391
0 0.529555 0.364891 0.056891 0.027094
1 0.575055 0.373367 0.054359 0.061109
2 0.575203 0.439562 0.076594 0.192375
2 0.556406 0.344922 0.033750 0.066656
2 0.156977 0.477133 0.129953 0.249172
0 0.073719 0.524695 0.065969 0.164391
2 0.054039 0.473320 0.108078 0.269828
0 0.550422 0.243602 0.023406 0.063859
1 0.551914 0.179844 0.025797 0.040781
2 0.554414 0.218953 0.032078 0.118906
2 0.173031 0.333180 0.059500 0.109578
1 0.168672 0.299781 0.030531 0.042875
0 0.191781 0.324883 0.022375 0.033266
0 0.274930 0.395828 0.073859 0.072719
0 0.180172 0.362047 0.067781 0.051844
0 0.211219 0.502188 0.019906 0.101969
0 0.108055 0.526828 0.031672 0.099875
1 0.136289 0.388414 0.052953 0.070578
1 0.253906 0.306750 0.039719 0.063906
