2 0.667195 0.335031 0.051359 0.171500
2 0.850469 0.592562 0.093344 0.181750
0 0.102453 0.375211 0.040750 0.126766
1 0.209547 0.400633 0.058406 0.078016
1 0.272891 0.387039 0.050625 0.077391
1 0.322570 0.382000 0.046641 0.076938
0 0.352906 0.487148 0.068844 0.083203
0 0.231937 0.566055 0.038031 0.164266
0 0.508687 0.619477 0.063594 0.120734
0 0.437211 0.615062 0.053172 0.120188
0 0.039383 0.403078 0.033578 0.143875
0 0.238930 0.270336 0.014016 0.043297
0 0.287883 0.296523 0.023328 0.101641
1 0.262711 0.212594 0.035484 0.041406
0 0.362797 0.484344 0.024719 0.129437
0 0.525469 0.399414 0.037063 0.057109
0 0.524711 0.373781 0.021578 0.017500
1 0.558547 0.336203 0.028281 0.041875
1 0.469039 0.593438 0.052859 0.074844
0 0.838625 0.627594 0.105563 0.079500
1 0.837008 0.538320 0.065922 0.072797
0 0.658406 0.338391 0.033406 0.059156
1 0.659945 0.275031 0.037047 0.052031
0 0.020625 0.358117 0.041250 0.111766
2 0.020906 0.372063 0.041813 0.138813
2 0.072914 0.342234 0.100891 0.193656
2 0.202641 0.490789 0.071719 0.258422
2 0.285477 0.505352 0.146516 0.312328
2 0.330758 0.459023 0.089234 0.231641
2 0.263102 0.260328 0.062641 0.136219
2 0.552164 0.377164 0.060172 0.124422
2 0.475602 0.666516 0.130391 0.221656
1 0.052234 0.280773 0.041406 0.070953
