1 0.624719 0.220797 0.025156 0.044375
1 0.197266 0.348914 0.052531 0.082609
1 0.040938 0.364305 0.052844 0.079703
1 0.071555 0.430953 0.059797 0.075750
0 0.149016 0.521578 0.040500 0.076469
0 0.256898 0.475695 0.060578 0.115422
1 0.450930 0.296000 0.033141 0.056562
0 0.462672 0.403117 0.030469 0.122141
1 0.538937 0.626055 0.050687 0.090328
0 0.477016 0.719539 0.053781 0.098016
0 0.559859 0.685289 0.039094 0.099766
1 0.795891 0.512703 0.066062 0.077594
0 0.805727 0.593211 0.066672 0.110266
0 0.746852 0.580203 0.028297 0.064719
0 0.639898 0.268625 0.024891 0.064219
2 0.625398 0.253109 0.048359 0.108719
2 0.446578 0.336406 0.049875 0.137500
2 0.510313 0.678328 0.128000 0.194750
2 0.060469 0.409914 0.109750 0.170703
2 0.105758 0.514687 0.129484 0.244375
2 0.228570 0.434586 0.112641 0.254891
2 0.805250 0.561187 0.101438 0.174937
