1 0.859977 0.416398 0.039078 0.072703
0 0.448125 0.246969 0.010375 0.045969
2 0.466469 0.238297 0.046875 0.124406
1 0.644820 0.234492 0.032891 0.053578
2 0.842445 0.483648 0.106828 0.208234
1 0.618969 0.231375 0.020156 0.041187
2 0.565789 0.385750 0.048922 0.106406
0 0.552234 0.412523 0.019937 0.050766
2 0.404953 0.719883 0.119906 0.196172
0 0.628930 0.288062 0.019609 0.039563
0 0.677898 0.312664 0.009453 0.077922
2 0.650742 0.299227 0.063922 0.181547
2 0.613953 0.279273 0.045406 0.136453
0 0.804016 0.532992 0.030406 0.160422
0 0.466930 0.773273 0.113516 0.090016
1 0.384555 0.657352 0.078547 0.073891
0 0.407578 0.642062 0.058188 0.068375
2 0.393562 0.415336 0.119094 0.222453
2 0.330125 0.324086 0.078000 0.167922
1 0.349117 0.266258 0.033922 0.052422
1 0.390578 0.334516 0.043156 0.060000
0 0.435227 0.449414 0.035766 0.098984
0 0.346008 0.435875 0.021578 0.082938
0 0.353547 0.327797 0.031062 0.058594
0 0.040563 0.406594 0.038688 0.115281
2 0.035133 0.402125 0.070266 0.155969
1 0.576555 0.351391 0.027578 0.037406
0 0.467891 0.249906 0.039250 0.059438
1 0.462266 0.194086 0.018687 0.035172
0 0.910000 0.475805 0.052313 0.052359
