0 0.327930 0.264039 0.023016 0.073797
0 0.291609 0.271344 0.038875 0.075750
1 0.294828 0.189789 0.031094 0.047328
0 0.203289 0.463367 0.036641 0.096703
0 0.287695 0.444961 0.042141 0.126641
1 0.220180 0.324750 0.043453 0.057375
0 0.169172 0.359273 0.057750 0.056672
1 0.169211 0.298125 0.033422 0.043125
0 0.080117 0.399172 0.055141 0.128531
1 0.068187 0.280383 0.048625 0.047984
0 0.054875 0.418477 0.042156 0.137109
2 0.038133 0.411977 0.076266 0.151984
2 0.300469 0.239891 0.060344 0.147719
2 0.083148 0.346164 0.078297 0.182672
2 0.168578 0.331641 0.058531 0.111437
2 0.244875 0.388055 0.119719 0.184453
2 0.479891 0.670078 0.116688 0.217969
2 0.623586 0.262172 0.054953 0.119094
2 0.491117 0.375031 0.072609 0.226187
2 0.581023 0.386750 0.041734 0.124063
2 0.681984 0.484820 0.098906 0.204734
1 0.615836 0.226344 0.027516 0.047188
0 0.638312 0.298383 0.025687 0.078547
0 0.652133 0.516711 0.038641 0.094922
1 0.666031 0.422039 0.044062 0.079047
0 0.508273 0.634852 0.039234 0.061609
0 0.512742 0.676578 0.059953 0.119844
1 0.468219 0.597328 0.079000 0.070563
0 0.555219 0.419000 0.064906 0.060125
0 0.555844 0.390039 0.037812 0.018672
1 0.584898 0.349219 0.035016 0.048906
0 0.499289 0.434859 0.032016 0.135594
1 0.474062 0.294859 0.038437 0.064656
