0 0.540164 0.388672 0.031453 0.042125
0 0.234055 0.521578 0.074453 0.116656
0 0.550281 0.641609 0.043313 0.035969
0 0.546156 0.623945 0.034438 0.144672
0 0.387141 0.317000 0.048281 0.047969
2 0.502391 0.667203 0.123250 0.244406
1 0.015086 0.300656 0.030172 0.054594
0 0.056273 0.402625 0.054359 0.125844
1 0.219742 0.377352 0.054391 0.072172
0 0.350836 0.330063 0.043141 0.038437
0 0.323570 0.340656 0.099547 0.071813
1 0.299383 0.258875 0.035484 0.053906
1 0.367016 0.261586 0.017281 0.045578
1 0.524578 0.350578 0.042375 0.077281
1 0.569727 0.338781 0.035328 0.044219
0 0.495609 0.486969 0.028469 0.140937
1 0.507297 0.579961 0.051875 0.071609
2 0.838641 0.615742 0.106281 0.197078
2 0.511500 0.427234 0.069187 0.231687
2 0.556266 0.377016 0.062937 0.120938
2 0.467375 0.235766 0.046969 0.117219
1 0.460539 0.195594 0.020328 0.036875
0 0.455977 0.259500 0.024141 0.070062
0 0.480266 0.254953 0.021656 0.072906
2 0.669578 0.309875 0.081156 0.162469
1 0.673742 0.247703 0.025016 0.037812
1 0.860570 0.553977 0.062078 0.072859
0 0.832445 0.662367 0.114141 0.101516
0 0.802445 0.617109 0.052734 0.084031
0 0.644492 0.341031 0.017984 0.099969
2 0.041898 0.377758 0.083797 0.209234
2 0.231055 0.455164 0.079641 0.230234
2 0.304414 0.320758 0.060391 0.176609
0 0.700656 0.323680 0.018625 0.071109
2 0.359625 0.289961 0.035125 0.102328
