0 0.451328 0.542492 0.041094 0.104703
2 0.279398 0.661227 0.111953 0.240359
0 0.325070 0.714266 0.075047 0.077719
0 0.310852 0.652281 0.047672 0.035469
1 0.274250 0.582945 0.054719 0.084734
1 0.960344 0.291805 0.050156 0.068891
1 0.604023 0.163281 0.019391 0.030313
2 0.945188 0.376523 0.093906 0.238734
0 0.595297 0.230383 0.014219 0.066516
2 0.609594 0.205766 0.043406 0.115656
0 0.531102 0.497984 0.040266 0.059750
2 0.468102 0.491547 0.105266 0.093906
0 0.710977 0.216437 0.011266 0.076313
1 0.726281 0.156938 0.021875 0.037813
2 0.730469 0.185188 0.049875 0.094094
0 0.924344 0.382023 0.041000 0.067359
1 0.493812 0.475641 0.043594 0.062031
