2 0.450609 0.269719 0.050188 0.157438
2 0.867047 0.364219 0.142031 0.148125
2 0.931391 0.502266 0.137219 0.271656
2 0.450180 0.239094 0.075359 0.117125
2 0.584008 0.296180 0.067109 0.127078
0 0.977008 0.589266 0.045984 0.132406
0 0.883969 0.523875 0.059656 0.121594
1 0.974289 0.406672 0.051422 0.080844
0 0.865359 0.427633 0.057656 0.121297
1 0.915828 0.317289 0.043594 0.055422
0 0.568922 0.318734 0.037250 0.056906
0 0.603125 0.325500 0.029375 0.051500
1 0.589195 0.259852 0.028453 0.055609
0 0.457094 0.318258 0.037062 0.088172
1 0.453844 0.203922 0.026094 0.045312
0 0.476508 0.265102 0.020828 0.056359
0 0.411883 0.221227 0.041891 0.060672
1 0.445156 0.213766 0.039688 0.048094
