0 0.554352 0.318766 0.037547 0.036906
2 0.557820 0.383641 0.054547 0.096656
0 0.530961 0.405859 0.023859 0.052031
0 0.354180 0.387063 0.028016 0.071531
0 0.451398 0.715703 0.067422 0.141156
0 0.439977 0.676656 0.044578 0.059125
1 0.381625 0.661625 0.077375 0.072063
0 0.865812 0.479266 0.088812 0.074281
0 0.809023 0.461695 0.042422 0.080891
1 0.863352 0.398813 0.050172 0.068594
2 0.849078 0.474844 0.122875 0.221563
2 0.644375 0.315000 0.056250 0.156562
2 0.593062 0.296195 0.060250 0.109859
2 0.331469 0.329164 0.080469 0.158672
2 0.174039 0.337563 0.053984 0.121125
2 0.035547 0.405008 0.071094 0.151828
2 0.382039 0.369656 0.084828 0.198969
2 0.414687 0.719867 0.142687 0.186516
1 0.353945 0.275438 0.034859 0.050781
1 0.386156 0.298547 0.037813 0.056875
0 0.355187 0.329664 0.025875 0.054328
1 0.168938 0.300859 0.041875 0.046719
0 0.193414 0.365539 0.067828 0.047359
0 0.040070 0.408836 0.047203 0.113234
1 0.635086 0.259172 0.032984 0.045156
1 0.571320 0.346562 0.027672 0.022812
0 0.603883 0.326023 0.038391 0.050453
0 0.628680 0.352297 0.023984 0.081813
1 0.598828 0.264484 0.027344 0.046094
