0 0.203305 0.704680 0.052734 0.086172
0 0.321813 0.696984 0.029281 0.078031
0 0.793906 0.688047 0.026562 0.101094
0 0.649234 0.241687 0.033594 0.019375
0 0.630375 0.304117 0.019063 0.096328
1 0.621352 0.216328 0.037047 0.041250
0 0.831695 0.397969 0.034828 0.124969
0 0.854266 0.421969 0.027719 0.082406
1 0.878180 0.307258 0.041578 0.059453
2 0.723930 0.639852 0.168703 0.310922
2 0.869023 0.459117 0.099453 0.231828
2 0.848664 0.356234 0.101609 0.157531
2 0.610375 0.273852 0.059906 0.156828
2 0.638773 0.251977 0.032953 0.145422
2 0.215703 0.411008 0.099437 0.170797
2 0.279719 0.667852 0.113062 0.225891
2 0.176063 0.632617 0.079719 0.204578
2 0.039125 0.367680 0.078250 0.180172
0 0.058906 0.371258 0.037938 0.161672
0 0.863266 0.528141 0.087594 0.157781
0 0.663320 0.683102 0.048766 0.147859
1 0.638336 0.203172 0.032047 0.046406
1 0.283828 0.589820 0.057125 0.069734
1 0.180398 0.567109 0.057516 0.073594
1 0.215539 0.360477 0.041109 0.068734
1 0.785344 0.467852 0.066688 0.075422
1 0.754797 0.532539 0.073250 0.096641
1 0.891672 0.378586 0.053406 0.069391
0 0.254125 0.417852 0.022563 0.087297
0 0.209469 0.436211 0.087156 0.091953
2 0.572078 0.169766 0.032719 0.071156
1 0.579156 0.149234 0.017813 0.027969
