2 0.302953 0.672664 0.163156 0.134703
2 0.355953 0.735703 0.121500 0.203594
2 0.736453 0.697000 0.135938 0.153875
2 0.710297 0.451023 0.083031 0.155047
2 0.349375 0.489875 0.099344 0.153313
1 0.345469 0.446250 0.038375 0.064406
1 0.688531 0.409297 0.038750 0.067844
1 0.344195 0.680664 0.062766 0.090453
1 0.743664 0.663617 0.063172 0.086641
1 0.258813 0.647539 0.071625 0.083266
0 0.296266 0.644367 0.045375 0.060766
0 0.407602 0.794820 0.083234 0.084109
0 0.406094 0.737320 0.049375 0.030266
0 0.706727 0.712094 0.076578 0.116250
0 0.666305 0.711859 0.020328 0.037031
0 0.377875 0.492828 0.019188 0.077219
0 0.337398 0.509992 0.075297 0.079891
0 0.673367 0.463273 0.021359 0.047953
0 0.725445 0.499805 0.049984 0.113672
