2 0.349031 0.734953 0.135250 0.209094
1 0.324695 0.679367 0.062234 0.092016
2 0.610109 0.291594 0.074594 0.140250
1 0.615047 0.250852 0.030563 0.055453
0 0.826695 0.337258 0.055016 0.066703
0 0.631062 0.307641 0.029656 0.058719
0 0.432633 0.793977 0.153734 0.079203
0 0.523570 0.452508 0.039953 0.162484
1 0.849172 0.257859 0.041875 0.066312
0 0.596266 0.305742 0.043938 0.059609
2 0.755508 0.332219 0.062203 0.083500
2 0.854109 0.322242 0.075281 0.197234
2 0.508758 0.393578 0.072328 0.215844
1 0.497938 0.321180 0.046500 0.067422
