0 0.097562 0.575133 0.056156 0.084297
1 0.118227 0.604320 0.064516 0.074078
2 0.133195 0.640227 0.128047 0.215453
2 0.280219 0.655062 0.116937 0.217812
2 0.400961 0.405383 0.073109 0.156922
0 0.603453 0.268797 0.040625 0.064969
1 0.602711 0.191250 0.034234 0.042969
0 0.668234 0.249984 0.015969 0.098281
1 0.683609 0.168750 0.025625 0.041406
2 0.671750 0.216852 0.049969 0.138672
2 0.600586 0.249828 0.047391 0.160344
1 0.401836 0.349969 0.047203 0.046719
0 0.152953 0.626805 0.085312 0.146547
1 0.275531 0.586148 0.064469 0.076797
0 0.325547 0.685031 0.023344 0.056625
2 0.646930 0.575664 0.103141 0.201609
0 0.616930 0.614039 0.042141 0.062203
2 0.635680 0.437352 0.078703 0.125734
2 0.835719 0.367445 0.114750 0.187703
2 0.824938 0.325031 0.126844 0.171125
1 0.864117 0.269461 0.048547 0.059766
1 0.859250 0.305922 0.039844 0.064531
0 0.865469 0.377500 0.055063 0.086938
0 0.814055 0.358828 0.069484 0.086531
1 0.656445 0.509328 0.042328 0.068531
0 0.786117 0.349891 0.050547 0.120094
1 0.640164 0.403172 0.035641 0.056875
0 0.607359 0.471258 0.036563 0.098078
0 0.653844 0.454070 0.041438 0.074766
0 0.413906 0.451680 0.058000 0.117266
0 0.426422 0.407859 0.021000 0.063281
