2 0.200695 0.387344 0.051641 0.099688
2 0.264859 0.438367 0.128344 0.233578
2 0.082812 0.428422 0.131813 0.226281
2 0.078648 0.304117 0.090109 0.182703
2 0.166313 0.333008 0.047625 0.110859
0 0.169602 0.361930 0.039609 0.052609
0 0.550594 0.265969 0.045063 0.076469
1 0.623906 0.249391 0.026875 0.054688
0 0.656055 0.317188 0.020078 0.076375
1 0.614687 0.338836 0.033875 0.059297
0 0.584945 0.439672 0.029078 0.118469
0 0.665547 0.450852 0.021500 0.131734
1 0.469984 0.344289 0.036719 0.055672
0 0.512992 0.442797 0.021109 0.110250
0 0.311164 0.492555 0.036859 0.135766
0 0.213359 0.469742 0.025188 0.079859
1 0.254273 0.354852 0.043359 0.066609
1 0.198977 0.362164 0.047422 0.048703
1 0.160070 0.297547 0.034859 0.039531
0 0.111711 0.339102 0.024297 0.113391
2 0.623563 0.411414 0.107094 0.203109
2 0.638445 0.298953 0.056172 0.153344
1 0.069641 0.351438 0.046687 0.074844
2 0.550391 0.232648 0.044469 0.116828
1 0.548164 0.196141 0.026734 0.042656
0 0.437352 0.456766 0.015516 0.091719
0 0.032250 0.454609 0.030406 0.099719
0 0.132609 0.463359 0.032406 0.132656
1 0.062945 0.239656 0.032672 0.053906
2 0.471656 0.422898 0.082844 0.212953
0 0.531484 0.255320 0.013594 0.072266
