1 0.666766 0.287023 0.034719 0.053141
2 0.105094 0.480281 0.098188 0.266625
2 0.241617 0.396805 0.083266 0.119516
0 0.267422 0.418219 0.031719 0.046062
1 0.265430 0.492039 0.071391 0.089984
0 0.518266 0.382656 0.036094 0.049375
2 0.529406 0.361195 0.058563 0.091672
0 0.116187 0.534922 0.078719 0.156094
0 0.320945 0.621922 0.044766 0.103344
2 0.275516 0.587844 0.134469 0.282844
2 0.201187 0.532336 0.074500 0.282203
0 0.171250 0.432125 0.024687 0.036875
2 0.180727 0.389375 0.085109 0.156313
2 0.383844 0.223680 0.046688 0.088266
1 0.545531 0.335641 0.026562 0.039031
2 0.387508 0.355422 0.048453 0.129781
0 0.385164 0.380445 0.040609 0.064047
1 0.224352 0.361484 0.048891 0.050156
1 0.208461 0.429969 0.060047 0.078187
1 0.097891 0.383359 0.049531 0.072344
1 0.163953 0.350930 0.052437 0.078453
1 0.388180 0.315336 0.045609 0.048078
1 0.391844 0.195320 0.007344 0.031109
0 0.383750 0.241922 0.046563 0.050687
2 0.657469 0.339641 0.081750 0.158219
0 0.636320 0.367828 0.037953 0.089625
0 0.671031 0.371352 0.054375 0.059703
