0 0.053734 0.408680 0.058969 0.127078
2 0.473625 0.676578 0.128625 0.213094
2 0.258945 0.473938 0.094641 0.246813
2 0.041727 0.377555 0.083453 0.207984
2 0.325484 0.320609 0.068531 0.168719
2 0.399922 0.357563 0.089844 0.220156
2 0.486758 0.245781 0.053203 0.117188
2 0.634539 0.295078 0.060109 0.154844
1 0.633109 0.240047 0.026875 0.043438
1 0.453125 0.604914 0.057594 0.071078
2 0.853867 0.595648 0.107828 0.183703
0 0.830805 0.625875 0.062141 0.090125
1 0.877656 0.534313 0.058344 0.061000
0 0.498602 0.632773 0.079047 0.124141
2 0.579969 0.388844 0.057406 0.117844
0 0.553828 0.418281 0.029844 0.059187
1 0.338859 0.261531 0.033281 0.051250
1 0.489648 0.204805 0.030953 0.035766
1 0.395391 0.274219 0.034531 0.054219
0 0.468781 0.261758 0.018156 0.071859
0 0.493445 0.248539 0.038359 0.060828
0 0.610609 0.304187 0.013094 0.067500
0 0.655062 0.323305 0.019750 0.097453
1 0.588398 0.352484 0.040047 0.044531
0 0.433250 0.400555 0.023156 0.135109
0 0.336117 0.322094 0.046047 0.055156
0 0.282859 0.523500 0.047156 0.124969
1 0.253273 0.385437 0.055641 0.069625
1 0.016305 0.299406 0.032609 0.052250
