1 0.126852 0.606164 0.056234 0.076484
1 0.784789 0.266820 0.037828 0.056703
1 0.905320 0.311609 0.045641 0.065313
2 0.917531 0.561539 0.133906 0.298953
0 0.877875 0.549703 0.063031 0.064969
0 0.918836 0.605305 0.130109 0.098141
1 0.930250 0.456789 0.064406 0.089547
2 0.269836 0.658172 0.120953 0.229344
2 0.659391 0.570047 0.123531 0.203219
0 0.704234 0.593461 0.032937 0.060234
1 0.663539 0.499172 0.049641 0.062188
0 0.162836 0.588359 0.038984 0.072344
0 0.121969 0.646445 0.086969 0.121797
0 0.318906 0.675805 0.023500 0.055672
1 0.257641 0.586117 0.059937 0.081641
2 0.553703 0.317867 0.063844 0.154359
2 0.754516 0.329430 0.098688 0.181766
2 0.614664 0.444625 0.098172 0.146375
2 0.146875 0.656328 0.095812 0.176719
0 0.726055 0.369609 0.041828 0.121906
0 0.786859 0.376102 0.019406 0.103984
0 0.850531 0.403328 0.026688 0.100219
0 0.939273 0.393531 0.019109 0.043437
2 0.892273 0.389992 0.112828 0.222266
1 0.612031 0.398328 0.047344 0.054375
0 0.585461 0.489563 0.036234 0.119937
0 0.574797 0.354875 0.021969 0.080656
1 0.559258 0.266344 0.050328 0.051250
