2 0.500844 0.665547 0.118562 0.242781
2 0.463367 0.230422 0.042266 0.119500
2 0.840227 0.589625 0.107609 0.181562
0 0.294406 0.396180 0.011187 0.055172
0 0.622773 0.307750 0.042141 0.072906
1 0.586633 0.352555 0.032672 0.044297
0 0.556320 0.384875 0.023453 0.018438
0 0.558742 0.419992 0.037922 0.054672
2 0.578945 0.389242 0.048484 0.117078
0 0.055063 0.371703 0.032187 0.061719
0 0.548164 0.649422 0.044391 0.035781
0 0.561625 0.689203 0.083094 0.084406
1 0.505664 0.581406 0.048328 0.074469
1 0.861969 0.533398 0.063875 0.068328
0 0.824305 0.594547 0.076484 0.126219
0 0.436141 0.370164 0.038031 0.132172
0 0.359898 0.327844 0.035422 0.057687
0 0.350813 0.423008 0.042188 0.115547
2 0.038633 0.401422 0.077266 0.160406
1 0.368797 0.273148 0.013750 0.047578
2 0.365523 0.291711 0.024984 0.085734
2 0.354828 0.300578 0.047844 0.111844
2 0.420984 0.324891 0.059781 0.210062
2 0.330383 0.381469 0.084672 0.204406
1 0.601336 0.240766 0.026703 0.049469
2 0.613211 0.280281 0.061891 0.127250
1 0.317477 0.309164 0.044359 0.058984
1 0.348852 0.268211 0.034609 0.045984
1 0.418430 0.248172 0.035578 0.056469
0 0.483062 0.239484 0.058156 0.035344
1 0.467297 0.188250 0.034219 0.034844
