0 0.892000 0.419023 0.012875 0.096328
2 0.693805 0.246055 0.046391 0.118016
2 0.849375 0.380508 0.072813 0.225922
2 0.885898 0.330977 0.070391 0.205047
0 0.727258 0.322320 0.031391 0.123234
0 0.703539 0.264914 0.015109 0.025109
0 0.684406 0.261367 0.028188 0.053984
0 0.833937 0.452828 0.040344 0.165219
0 0.923664 0.342227 0.031359 0.069766
1 0.899656 0.265625 0.041563 0.070000
1 0.836961 0.304133 0.045391 0.073203
1 0.702953 0.212469 0.027344 0.047812
1 0.727719 0.223258 0.036813 0.045266
1 0.546250 0.473719 0.068438 0.086156
0 0.482891 0.626391 0.028594 0.202125
0 0.612508 0.638469 0.069203 0.168688
2 0.712398 0.287938 0.071266 0.179187
2 0.535375 0.569586 0.133094 0.279797
0 0.688219 0.374164 0.024406 0.130453
