1 0.384406 0.752812 0.084187 0.152187
1 0.196766 0.315000 0.043938 0.071594
1 0.160406 0.297031 0.028906 0.041406
0 0.168453 0.356250 0.030000 0.037656
1 0.020453 0.327594 0.040906 0.061875
1 0.206094 0.385016 0.048187 0.073094
0 0.254680 0.403492 0.032234 0.068047
0 0.277492 0.506961 0.040891 0.130766
0 0.180250 0.523539 0.040906 0.106672
1 0.398805 0.308273 0.031297 0.051516
0 0.436594 0.370766 0.013687 0.065219
0 0.531164 0.391000 0.037984 0.023594
1 0.565102 0.352203 0.047734 0.061281
0 0.631664 0.411531 0.027734 0.087187
1 0.613961 0.314211 0.039422 0.060203
0 0.563336 0.254211 0.040422 0.059078
0 0.532937 0.264867 0.016437 0.075578
1 0.558586 0.210703 0.027766 0.044406
2 0.555789 0.240047 0.055641 0.103344
2 0.622961 0.373492 0.058859 0.179234
0 0.555945 0.471148 0.040203 0.132797
2 0.567891 0.425227 0.063438 0.207328
2 0.401742 0.373523 0.082234 0.182016
0 0.286141 0.924461 0.083719 0.151078
0 0.461195 0.822047 0.038953 0.108094
2 0.374430 0.838500 0.178234 0.323000
2 0.223281 0.474062 0.125937 0.250688
2 0.223375 0.358758 0.095875 0.157484
2 0.164195 0.325820 0.038172 0.098297
2 0.035422 0.390234 0.070844 0.187594
