2 0.090211 0.227359 0.037297 0.142687
2 0.774414 0.431750 0.120953 0.202719
0 0.915156 0.522734 0.050750 0.056406
0 0.784094 0.497000 0.043875 0.119438
0 0.627453 0.292641 0.024406 0.124406
1 0.660008 0.195273 0.032828 0.053828
0 0.970133 0.559945 0.059734 0.068547
1 0.961102 0.457258 0.044578 0.049234
1 0.893000 0.335102 0.048750 0.058578
2 0.179102 0.640672 0.083859 0.197719
2 0.272680 0.651500 0.113609 0.203563
2 0.645687 0.248859 0.060844 0.161062
2 0.955086 0.513469 0.089828 0.161500
2 0.858195 0.385109 0.119203 0.158937
0 0.861414 0.429766 0.037797 0.109219
1 0.809672 0.360203 0.050594 0.059063
1 0.192570 0.586664 0.057516 0.076984
0 0.190062 0.544297 0.044969 0.039531
1 0.274711 0.589000 0.052891 0.075438
0 0.316039 0.691453 0.026266 0.123000
0 0.182188 0.719953 0.070312 0.147906
