1 0.259156 0.699906 0.085563 0.144500
1 0.556023 0.332203 0.032828 0.047344
1 0.151531 0.368750 0.058125 0.073281
1 0.221484 0.316203 0.044688 0.059219
1 0.166531 0.295969 0.031719 0.042344
1 0.112125 0.299563 0.045937 0.064219
1 0.473984 0.165187 0.026719 0.044125
2 0.574328 0.900609 0.159156 0.198781
2 0.558648 0.369719 0.039203 0.123125
2 0.519297 0.431727 0.085938 0.163297
2 0.181438 0.328695 0.063187 0.109516
2 0.167531 0.445898 0.120656 0.227578
2 0.100383 0.376430 0.086078 0.217297
2 0.239148 0.384539 0.101734 0.195672
2 0.481234 0.203336 0.040656 0.121766
0 0.279695 0.385102 0.016516 0.073359
0 0.202266 0.407922 0.026875 0.050688
1 0.517594 0.379633 0.048969 0.058984
1 0.455430 0.412219 0.047484 0.061187
2 0.469648 0.482016 0.094891 0.201250
1 0.555406 0.863063 0.080687 0.121875
2 0.271570 0.813945 0.177172 0.372109
0 0.602141 0.864766 0.023031 0.030469
0 0.621734 0.932703 0.064187 0.134594
0 0.435937 0.560141 0.024062 0.106000
0 0.179813 0.357984 0.042875 0.051250
0 0.119813 0.473648 0.025531 0.111703
0 0.210117 0.870094 0.053828 0.187375
0 0.332437 0.824547 0.052094 0.190844
0 0.227086 0.504531 0.044391 0.139969
0 0.553242 0.485797 0.050422 0.104719
0 0.463797 0.356727 0.085875 0.111641
0 0.476398 0.218648 0.047359 0.050172
