2 0.280680 0.678172 0.105422 0.148031
2 0.362211 0.734039 0.107859 0.216922
2 0.347047 0.486695 0.096219 0.151922
2 0.706484 0.460461 0.074219 0.175016
0 0.712500 0.714531 0.087500 0.120937
1 0.260703 0.641250 0.064531 0.073125
1 0.690078 0.408594 0.040156 0.070312
1 0.340625 0.444922 0.037500 0.067969
1 0.363672 0.669531 0.058594 0.085938
1 0.742969 0.663281 0.064062 0.092188
2 0.735742 0.697109 0.138359 0.160906
0 0.666398 0.710094 0.021297 0.040187
0 0.726445 0.496820 0.051422 0.120141
0 0.671906 0.460625 0.020531 0.060875
0 0.299844 0.638312 0.055875 0.076000
0 0.416031 0.801125 0.091437 0.080563
0 0.406719 0.722820 0.060563 0.039047
0 0.337469 0.513344 0.076625 0.075750
0 0.375742 0.493664 0.019141 0.083547
