2 0.024414 0.322852 0.048828 0.186609
2 0.477812 0.675367 0.095594 0.227766
2 0.631727 0.828133 0.168922 0.343734
2 0.831859 0.628867 0.124969 0.150172
0 0.832727 0.649031 0.102359 0.099125
1 0.857602 0.594875 0.048766 0.083219
0 0.809984 0.641312 0.080375 0.101125
2 0.567930 0.349758 0.031234 0.026203
1 0.567859 0.349734 0.030844 0.025719
1 0.613977 0.707477 0.065016 0.100297
0 0.553719 0.849305 0.011125 0.068359
0 0.685688 0.832227 0.059219 0.162734
1 0.481461 0.593687 0.055141 0.065625
0 0.527125 0.713922 0.094719 0.094875
0 0.526391 0.662648 0.053906 0.028109
2 0.640797 0.311828 0.069000 0.163219
1 0.640133 0.256062 0.023516 0.052062
0 0.616711 0.315016 0.020797 0.071844
0 0.659000 0.320586 0.033062 0.065797
2 0.055883 0.235453 0.052953 0.121812
2 0.082258 0.336719 0.093828 0.201938
2 0.134078 0.465883 0.112531 0.242922
2 0.232508 0.472992 0.095922 0.247984
0 0.274375 0.529438 0.056688 0.155219
2 0.206687 0.369461 0.049500 0.111422
1 0.200828 0.337516 0.038000 0.047313
1 0.224594 0.383828 0.050094 0.069500
0 0.228781 0.402984 0.085469 0.045125
0 0.176023 0.464203 0.027297 0.056594
1 0.108180 0.381211 0.056172 0.073328
0 0.038883 0.265625 0.019234 0.047031
0 0.118961 0.334789 0.020203 0.047953
0 0.052938 0.377594 0.035375 0.119813
1 0.085430 0.259695 0.040547 0.048922
1 0.048148 0.201094 0.028297 0.052344
1 0.011500 0.253547 0.023000 0.047250
