0 0.186125 0.456680 0.016156 0.119516
1 0.118758 0.436273 0.056234 0.072859
2 0.138305 0.398516 0.112922 0.235781
2 0.209055 0.378094 0.052078 0.122000
2 0.511633 0.671203 0.139766 0.214938
2 0.545328 0.353031 0.067094 0.142812
2 0.623766 0.265523 0.048062 0.131234
1 0.626148 0.222703 0.028922 0.046250
0 0.638844 0.277867 0.024812 0.059609
0 0.579336 0.381977 0.065172 0.063859
1 0.540508 0.306844 0.034391 0.051094
1 0.106219 0.315555 0.049250 0.069703
1 0.201102 0.339750 0.036578 0.045312
0 0.240289 0.411641 0.068547 0.042656
2 0.855687 0.602969 0.114406 0.177813
0 0.880219 0.636562 0.065250 0.110625
0 0.824289 0.592578 0.052016 0.070156
1 0.877109 0.550547 0.059313 0.072688
1 0.542437 0.604648 0.051469 0.082422
0 0.602141 0.730164 0.093375 0.135609
0 0.457578 0.674227 0.066625 0.077453
0 0.188195 0.596609 0.057266 0.167406
2 0.128070 0.537953 0.120328 0.276594
