1 0.158258 0.550039 0.061078 0.068609
2 0.482180 0.124438 0.038359 0.108562
0 0.503430 0.131172 0.029391 0.038594
0 0.468250 0.144492 0.011625 0.068203
2 0.288734 0.665195 0.100687 0.238828
2 0.183250 0.620914 0.113469 0.209672
0 0.338625 0.706391 0.062312 0.084969
1 0.298281 0.586859 0.056594 0.081219
0 0.221977 0.582117 0.102234 0.138141
2 0.865359 0.312836 0.092062 0.181328
1 0.890406 0.252055 0.039062 0.058953
0 0.888008 0.369805 0.042016 0.130859
0 0.825187 0.343531 0.034281 0.111031
2 0.588484 0.255680 0.051781 0.146078
1 0.587125 0.201219 0.031094 0.037656
0 0.579133 0.283930 0.032609 0.097234
2 0.614016 0.315320 0.062469 0.176453
2 0.601836 0.437367 0.075172 0.138016
0 0.575773 0.467148 0.085391 0.068828
0 0.555000 0.451148 0.040375 0.063984
1 0.599133 0.394086 0.045672 0.050953
0 0.598641 0.330539 0.031687 0.081203
1 0.623656 0.249375 0.041937 0.043063
1 0.489766 0.086641 0.017656 0.032500
