2 0.355555 0.737023 0.118359 0.205328
2 0.300672 0.675516 0.159094 0.141750
2 0.347438 0.483852 0.097062 0.138359
2 0.710156 0.446695 0.082719 0.141828
0 0.404422 0.737773 0.051781 0.028422
0 0.406172 0.795273 0.083906 0.087578
1 0.688406 0.409711 0.038687 0.067891
2 0.737539 0.694211 0.137484 0.150703
1 0.345641 0.446086 0.039000 0.061797
0 0.296672 0.640547 0.048156 0.057375
1 0.343586 0.680492 0.062359 0.089953
1 0.744789 0.664500 0.064391 0.089250
1 0.258555 0.649148 0.071078 0.083672
0 0.337773 0.508008 0.075922 0.079047
0 0.375891 0.490305 0.020531 0.083672
0 0.703164 0.711047 0.067891 0.112344
0 0.668914 0.710117 0.029828 0.038703
0 0.725992 0.498430 0.051922 0.116078
0 0.672141 0.461047 0.020719 0.043719
