2 0.656750 0.214273 0.052031 0.098328
2 0.465516 0.230234 0.055281 0.130469
2 0.651070 0.421836 0.080984 0.135484
2 0.731047 0.758969 0.140687 0.296750
2 0.975664 0.544687 0.048672 0.134906
2 0.870062 0.279047 0.054500 0.112969
0 0.395695 0.291633 0.011016 0.043422
2 0.349578 0.187891 0.021750 0.073469
1 0.524523 0.243773 0.043922 0.058703
0 0.509297 0.363039 0.026750 0.132641
1 0.660414 0.381609 0.039266 0.054219
0 0.594359 0.426305 0.062563 0.063016
0 0.659086 0.468656 0.064484 0.090813
0 0.880672 0.330164 0.030875 0.097641
0 0.838633 0.335578 0.023578 0.052875
1 0.878070 0.246406 0.029234 0.046875
1 0.731023 0.674461 0.090109 0.126391
0 0.683305 0.820742 0.080297 0.173203
0 0.966688 0.589945 0.066625 0.066734
0 0.946937 0.574820 0.045562 0.075453
1 0.983602 0.500094 0.032797 0.045906
1 0.474297 0.182336 0.025156 0.035141
1 0.660258 0.181742 0.021422 0.033078
0 0.470602 0.255664 0.043484 0.062297
0 0.448086 0.251594 0.020547 0.088500
2 0.520266 0.297664 0.062563 0.166547
0 0.656430 0.249641 0.018141 0.027031
