2 0.795336 0.506312 0.106391 0.170625
1 0.037242 0.388117 0.052203 0.074203
1 0.182313 0.422148 0.055688 0.081328
1 0.217430 0.353203 0.053703 0.071406
1 0.366773 0.318398 0.021516 0.047359
0 0.389695 0.380781 0.058047 0.060000
0 0.412156 0.365391 0.025469 0.042813
0 0.162281 0.612734 0.038563 0.163594
0 0.260742 0.568359 0.022703 0.150656
0 0.554984 0.673555 0.054219 0.062203
1 0.525578 0.587094 0.074250 0.075094
1 0.175008 0.279859 0.023766 0.030781
0 0.179211 0.302937 0.021922 0.040687
2 0.207859 0.531234 0.131062 0.299906
2 0.513078 0.656258 0.139844 0.215141
0 0.494008 0.224727 0.020016 0.049922
1 0.487336 0.173844 0.023766 0.035781
2 0.488187 0.207617 0.033344 0.103891
2 0.377977 0.358383 0.052453 0.126859
2 0.203000 0.293656 0.079500 0.059250
2 0.239664 0.425336 0.099016 0.217141
2 0.073727 0.470445 0.124453 0.239422
0 0.828688 0.562898 0.033219 0.100703
0 0.777133 0.556578 0.046453 0.140594
1 0.814375 0.455867 0.046344 0.069328
