1 0.261828 0.587898 0.059938 0.078547
0 0.319617 0.681016 0.024891 0.061281
0 0.114805 0.656906 0.091078 0.099000
2 0.818187 0.366094 0.092687 0.190094
2 0.870070 0.348008 0.064547 0.151828
0 0.856102 0.256008 0.016141 0.047484
1 0.845930 0.191938 0.027516 0.044219
1 0.881500 0.302000 0.042656 0.059375
0 0.576234 0.270398 0.017156 0.100297
1 0.506914 0.268516 0.035266 0.054781
1 0.429703 0.296227 0.054688 0.065578
0 0.448328 0.382391 0.023594 0.041875
0 0.400852 0.424945 0.032609 0.150109
2 0.271891 0.655961 0.119438 0.213797
0 0.485828 0.368016 0.021906 0.091969
2 0.508258 0.337914 0.067547 0.194453
2 0.639289 0.258633 0.069922 0.155016
2 0.552328 0.234203 0.066094 0.149406
2 0.421211 0.368711 0.072672 0.210922
2 0.839523 0.235562 0.049766 0.130875
1 0.844539 0.300281 0.040641 0.058125
0 0.837836 0.420305 0.032984 0.134578
2 0.821477 0.826273 0.186797 0.347453
0 0.836016 0.807938 0.126406 0.273438
0 0.766211 0.811164 0.049391 0.041922
1 0.842984 0.725297 0.087875 0.146281
2 0.701086 0.594383 0.118359 0.219359
1 0.724133 0.521094 0.056141 0.072125
0 0.679508 0.580719 0.038141 0.029687
0 0.680109 0.640289 0.070688 0.083766
0 0.608430 0.277141 0.028766 0.096813
0 0.665547 0.295750 0.016250 0.102688
1 0.652836 0.204594 0.025328 0.046875
1 0.563047 0.184313 0.026250 0.049531
0 0.526719 0.242344 0.015219 0.067906
0 0.106750 0.575367 0.069406 0.061516
1 0.127539 0.603391 0.059203 0.077813
2 0.142008 0.644484 0.107641 0.199625
