0 0.852609 0.386367 0.022687 0.051516
2 0.882414 0.397203 0.097328 0.212469
2 0.802531 0.638508 0.135281 0.331109
2 0.683141 0.746820 0.143562 0.392547
2 0.634398 0.594789 0.112078 0.247922
2 0.271164 0.661312 0.119672 0.227688
0 0.823430 0.367211 0.035016 0.064328
0 0.647578 0.722336 0.084156 0.080641
0 0.318687 0.684484 0.024938 0.061875
0 0.866758 0.438672 0.066016 0.128594
0 0.808500 0.433570 0.032531 0.088047
0 0.720586 0.428727 0.038047 0.126297
0 0.678398 0.335500 0.022578 0.129125
0 0.702836 0.343953 0.017766 0.041156
0 0.850062 0.733063 0.042969 0.234500
0 0.671031 0.558516 0.038719 0.061000
2 0.152766 0.655766 0.090531 0.186406
1 0.866906 0.304180 0.044688 0.060391
1 0.905578 0.321016 0.050781 0.059688
1 0.787609 0.334828 0.047031 0.070781
1 0.805219 0.521727 0.066875 0.097484
1 0.708828 0.616484 0.092250 0.132344
1 0.601539 0.511516 0.045578 0.079125
1 0.269266 0.586859 0.073031 0.078469
0 0.601383 0.639977 0.075734 0.146484
1 0.140500 0.602992 0.057313 0.081578
0 0.658297 0.829234 0.145594 0.145594
0 0.171086 0.596070 0.024984 0.079703
0 0.174398 0.644437 0.084766 0.132687
0 0.425945 0.258922 0.019047 0.057813
0 0.591586 0.273641 0.039547 0.023594
0 0.481695 0.329086 0.016547 0.082047
0 0.538461 0.290977 0.025484 0.104609
1 0.692078 0.214594 0.036094 0.054875
1 0.454156 0.225375 0.036062 0.051250
1 0.559414 0.202531 0.030797 0.048750
2 0.848430 0.326656 0.082891 0.104594
2 0.761875 0.385570 0.120000 0.171891
2 0.681578 0.276797 0.057375 0.180469
2 0.551516 0.252727 0.052156 0.148391
2 0.453461 0.287469 0.073141 0.177250
