1 0.278219 0.594117 0.051438 0.082703
0 0.916805 0.517000 0.037453 0.077031
1 0.189219 0.584211 0.053156 0.075922
2 0.949477 0.502539 0.088734 0.151109
2 0.667047 0.306945 0.066844 0.160234
0 0.317367 0.704453 0.024203 0.089063
2 0.273031 0.669875 0.111906 0.234562
0 0.180719 0.722586 0.071219 0.142953
2 0.174320 0.641797 0.083609 0.191938
0 0.517570 0.401016 0.026578 0.129844
2 0.532641 0.355430 0.069281 0.191797
1 0.541180 0.287805 0.051734 0.055953
0 0.644336 0.342633 0.019516 0.088609
1 0.681117 0.250531 0.032203 0.047500
0 0.949266 0.549586 0.078156 0.056391
1 0.968047 0.453172 0.050938 0.051719
