0 0.770180 0.443266 0.041609 0.148781
0 0.954719 0.585992 0.090563 0.059891
0 0.937734 0.572492 0.054969 0.059297
1 0.978945 0.493906 0.042109 0.047906
1 0.665945 0.191992 0.024953 0.030203
2 0.649492 0.209383 0.058203 0.064984
2 0.977336 0.538844 0.045328 0.137688
1 0.647609 0.738531 0.086375 0.127000
0 0.619039 0.898086 0.078516 0.203828
2 0.667391 0.836953 0.147813 0.326094
0 0.681438 0.306070 0.036437 0.089391
0 0.631883 0.308906 0.023609 0.127500
1 0.673227 0.216641 0.034734 0.049531
2 0.833437 0.250352 0.045719 0.105547
2 0.763734 0.384023 0.073750 0.209141
2 0.659828 0.271469 0.080281 0.159250
1 0.769609 0.306906 0.044156 0.054937
1 0.836680 0.218219 0.025484 0.042312
0 0.841648 0.297922 0.028297 0.097281
