1 0.736898 0.329109 0.053766 0.078688
1 0.572484 0.226016 0.031406 0.049688
0 0.409187 0.363758 0.040344 0.138891
2 0.006773 0.392719 0.013547 0.071938
0 0.600883 0.336344 0.037234 0.155406
0 0.769688 0.472875 0.034375 0.152969
2 0.733984 0.410414 0.102688 0.244859
2 0.199453 0.373445 0.089844 0.138359
2 0.582953 0.291773 0.074281 0.182172
2 0.618313 0.847031 0.223187 0.305938
0 0.022023 0.387008 0.044047 0.059641
1 0.684633 0.750195 0.089328 0.108859
0 0.715984 0.480695 0.061469 0.169859
2 0.417227 0.304758 0.059109 0.200141
0 0.234313 0.357789 0.049125 0.059047
0 0.202484 0.409711 0.095844 0.064141
1 0.182977 0.334961 0.042359 0.059234
0 0.528242 0.308344 0.054328 0.099969
0 0.543609 0.869664 0.076281 0.171141
1 0.413367 0.237141 0.038922 0.062656
0 0.381453 0.284828 0.056687 0.056688
