1 0.156703 0.297250 0.042125 0.060562
2 0.489117 0.655383 0.103828 0.243578
2 0.175609 0.374148 0.082031 0.215453
2 0.254648 0.389867 0.106641 0.209953
2 0.617422 0.235414 0.057250 0.108891
2 0.454961 0.208602 0.039922 0.136141
2 0.618016 0.303016 0.056594 0.158344
2 0.573664 0.388680 0.045203 0.117984
2 0.729562 0.510164 0.140562 0.221547
1 0.753891 0.439852 0.043750 0.080984
0 0.780109 0.552711 0.039625 0.137047
0 0.679414 0.505039 0.040797 0.093797
0 0.551688 0.650313 0.089500 0.100719
0 0.537219 0.614961 0.060156 0.035984
1 0.477594 0.567484 0.065344 0.067125
2 0.206367 0.367734 0.037422 0.061469
1 0.206398 0.361195 0.036641 0.047422
1 0.602586 0.203250 0.027359 0.044844
1 0.614617 0.248562 0.032047 0.048281
1 0.447375 0.161344 0.020781 0.040000
0 0.452969 0.222742 0.043281 0.053984
0 0.639125 0.306750 0.014219 0.057187
0 0.608984 0.325953 0.022063 0.050344
0 0.545109 0.415320 0.069156 0.069203
0 0.558039 0.386609 0.025797 0.015406
1 0.583000 0.352852 0.025719 0.046672
1 0.237422 0.315781 0.044469 0.059656
0 0.214945 0.426352 0.026078 0.100109
0 0.296555 0.401078 0.023641 0.075094
0 0.184117 0.390922 0.065266 0.086594
