1 0.662484 0.324234 0.045781 0.057031
0 0.549836 0.326078 0.059797 0.056594
0 0.526828 0.320094 0.026250 0.048656
1 0.377453 0.658438 0.071469 0.076250
0 0.447094 0.745914 0.053656 0.087859
0 0.902227 0.480328 0.091453 0.072625
0 0.810508 0.468672 0.065391 0.090875
1 0.878547 0.398234 0.051969 0.066250
2 0.862500 0.468977 0.170719 0.208172
2 0.638984 0.388766 0.092938 0.186219
2 0.565016 0.374312 0.036813 0.121500
1 0.550062 0.275000 0.027188 0.046250
2 0.546844 0.302805 0.066125 0.102484
0 0.195180 0.364945 0.068609 0.046984
2 0.324484 0.326812 0.078938 0.166000
1 0.296797 0.178383 0.028313 0.044297
2 0.296375 0.231852 0.054125 0.151141
2 0.169070 0.336250 0.053891 0.112875
2 0.407555 0.717133 0.132547 0.194797
0 0.542430 0.381812 0.015641 0.016406
0 0.558430 0.415977 0.042578 0.076859
0 0.611086 0.394469 0.036734 0.069437
1 0.159812 0.300438 0.035312 0.041094
0 0.306703 0.243031 0.033406 0.056500
1 0.337984 0.268297 0.029031 0.047344
0 0.356727 0.327555 0.042797 0.060766
1 0.560531 0.338172 0.025938 0.048281
