2 0.932578 0.500711 0.094844 0.152078
0 0.816320 0.356875 0.030172 0.128656
1 0.881781 0.263805 0.038875 0.061109
1 0.512422 0.156797 0.025625 0.048906
2 0.871820 0.322898 0.117453 0.178578
0 0.503547 0.230883 0.037437 0.064547
2 0.503281 0.207547 0.044406 0.150313
1 0.661375 0.786875 0.101094 0.117875
0 0.667320 0.958531 0.066797 0.082938
2 0.647484 0.863672 0.144969 0.272656
0 0.900695 0.518148 0.030578 0.092297
0 0.942625 0.537813 0.074906 0.077031
1 0.950602 0.454805 0.038516 0.060734
2 0.647547 0.587063 0.091344 0.188000
0 0.597477 0.627109 0.078047 0.073594
1 0.652469 0.523352 0.058094 0.060734
2 0.176484 0.642805 0.086250 0.193766
2 0.276961 0.656461 0.107391 0.207266
0 0.909359 0.299703 0.040437 0.053906
0 0.317844 0.712156 0.025906 0.084562
0 0.181602 0.723016 0.068359 0.138031
1 0.282852 0.589844 0.050547 0.076469
1 0.188578 0.581906 0.061594 0.072906
