1 0.184234 0.371109 0.046469 0.068531
1 0.043023 0.230445 0.033766 0.049422
0 0.093164 0.335703 0.020609 0.116719
0 0.020016 0.301438 0.015969 0.050937
0 0.051383 0.387594 0.049109 0.113250
0 0.246914 0.485602 0.019047 0.099734
0 0.150898 0.516625 0.036922 0.151562
1 0.164070 0.298359 0.030953 0.041719
1 0.213898 0.366266 0.023297 0.047812
0 0.277617 0.472781 0.043047 0.035969
0 0.325203 0.395742 0.028563 0.132578
0 0.454320 0.544883 0.028703 0.134609
1 0.466141 0.399984 0.051469 0.056688
0 0.593078 0.459961 0.025500 0.124766
1 0.569359 0.346570 0.053437 0.059391
0 0.614414 0.307891 0.021797 0.064844
0 0.529820 0.264156 0.016047 0.070750
1 0.582805 0.239453 0.032828 0.044688
1 0.544695 0.195797 0.025172 0.045312
1 0.321875 0.278766 0.034250 0.063094
0 0.264383 0.432469 0.041578 0.026250
2 0.038172 0.402750 0.076344 0.153594
2 0.193883 0.460453 0.122578 0.247531
2 0.476008 0.477195 0.073109 0.210422
2 0.577367 0.407477 0.069141 0.181609
0 0.551336 0.277156 0.047422 0.067625
2 0.595812 0.283516 0.058969 0.132656
2 0.551047 0.231273 0.048500 0.115891
2 0.345383 0.350914 0.081266 0.207547
2 0.236906 0.416508 0.069500 0.147922
2 0.169102 0.319336 0.041859 0.084359
2 0.057711 0.298094 0.092234 0.184750
