2 0.478617 0.483906 0.094609 0.216469
1 0.479234 0.407094 0.045406 0.064156
2 0.644875 0.970961 0.096688 0.058078
0 0.625094 0.914672 0.039531 0.083656
0 0.603625 0.856328 0.021156 0.029281
2 0.221305 0.397156 0.076203 0.132969
1 0.493477 0.172078 0.021266 0.041563
2 0.127070 0.440977 0.098422 0.223359
2 0.042438 0.379727 0.084875 0.213359
2 0.568844 0.900164 0.153875 0.179047
1 0.553992 0.861961 0.076141 0.104984
0 0.510227 0.218500 0.017984 0.040156
0 0.483039 0.220234 0.037984 0.043906
2 0.492250 0.217641 0.055719 0.132531
2 0.543789 0.373305 0.059891 0.121109
1 0.558195 0.334609 0.030734 0.043500
0 0.518117 0.389633 0.057859 0.044109
1 0.645352 0.971047 0.096766 0.057906
0 0.094594 0.497805 0.032469 0.102609
2 0.174430 0.342555 0.050422 0.085828
0 0.220891 0.429094 0.075500 0.068688
0 0.266570 0.436062 0.039203 0.121500
1 0.205117 0.360047 0.036516 0.057156
0 0.532852 0.371102 0.021516 0.009578
1 0.164852 0.325578 0.032422 0.050594
1 0.109031 0.363250 0.051344 0.067250
0 0.054844 0.389547 0.058344 0.098750
0 0.015867 0.379258 0.031734 0.064609
1 0.015414 0.305563 0.030828 0.064125
0 0.442969 0.538094 0.022125 0.107813
0 0.789234 0.534359 0.054188 0.106250
2 0.830398 0.617477 0.096203 0.167859
0 0.540414 0.508406 0.047891 0.065250
1 0.827414 0.577344 0.060047 0.086875
