1 0.637156 0.267266 0.026562 0.051562
0 0.621141 0.319297 0.022031 0.023438
0 0.642758 0.333734 0.052516 0.061906
0 0.551102 0.374078 0.019391 0.075000
1 0.045141 0.201930 0.030469 0.054891
1 0.013547 0.254094 0.027094 0.045469
1 0.078031 0.258859 0.037812 0.050625
0 0.048562 0.264773 0.029812 0.079547
1 0.568211 0.347125 0.026109 0.035156
2 0.831023 0.620461 0.120109 0.138266
1 0.620945 0.714203 0.064078 0.097469
0 0.531422 0.714031 0.086062 0.093656
0 0.555156 0.847602 0.012094 0.070141
0 0.528977 0.662602 0.052609 0.025859
1 0.482211 0.595086 0.054734 0.066641
1 0.201719 0.338094 0.047031 0.046563
2 0.225055 0.471453 0.106609 0.250844
2 0.201187 0.370891 0.046875 0.113219
0 0.220203 0.404766 0.073656 0.044531
2 0.476180 0.675148 0.094859 0.227672
1 0.211219 0.380625 0.049187 0.068438
0 0.049297 0.383453 0.039031 0.117125
2 0.127266 0.460781 0.107969 0.239906
2 0.031805 0.322313 0.063609 0.181875
2 0.067437 0.233875 0.075969 0.120375
1 0.104508 0.376164 0.061266 0.072047
0 0.836180 0.641883 0.110359 0.085922
0 0.810141 0.638555 0.079000 0.102766
1 0.854937 0.594172 0.048750 0.086250
2 0.617172 0.832859 0.137656 0.334281
0 0.661258 0.912211 0.048141 0.137922
0 0.092852 0.257688 0.026109 0.072594
2 0.075766 0.338328 0.094812 0.208844
0 0.113992 0.325625 0.019547 0.046563
0 0.160250 0.464070 0.036156 0.058234
0 0.272531 0.523477 0.054781 0.146484
2 0.561414 0.370563 0.039578 0.082219
2 0.649352 0.324266 0.051203 0.164594
