1 0.366312 0.273750 0.017656 0.041875
2 0.365375 0.292266 0.022344 0.078906
2 0.035195 0.405898 0.070391 0.150859
0 0.542211 0.404375 0.040328 0.050625
0 0.548930 0.380547 0.021891 0.024844
1 0.586586 0.354453 0.027516 0.042031
1 0.809945 0.396562 0.040391 0.071406
0 0.773617 0.451844 0.054984 0.080813
0 0.823227 0.459937 0.034891 0.083563
2 0.415805 0.715453 0.141484 0.189094
0 0.441703 0.677727 0.045063 0.083547
0 0.456344 0.719047 0.060125 0.139844
1 0.382469 0.658086 0.073750 0.073578
1 0.463602 0.194984 0.021422 0.038281
0 0.450984 0.254953 0.015594 0.063062
0 0.469117 0.249922 0.039391 0.053594
2 0.354922 0.300047 0.045375 0.100781
1 0.353969 0.272187 0.043438 0.045781
0 0.360070 0.326031 0.034391 0.049625
2 0.336445 0.385016 0.086891 0.210531
0 0.372266 0.385227 0.014906 0.057547
1 0.324094 0.309766 0.039844 0.060781
2 0.568898 0.385188 0.062516 0.103375
0 0.037430 0.406648 0.049547 0.113953
2 0.793203 0.459445 0.095250 0.196734
2 0.467289 0.231281 0.048172 0.111219
2 0.609125 0.284430 0.064094 0.131766
2 0.647570 0.295828 0.037641 0.137375
1 0.649203 0.249844 0.032500 0.045312
1 0.589789 0.242352 0.025828 0.047797
0 0.610594 0.306664 0.021000 0.087797
0 0.647469 0.322898 0.037281 0.069234
