1 0.609219 0.234281 0.033094 0.042844
1 0.738414 0.400445 0.051484 0.072984
2 0.074516 0.347398 0.076469 0.189266
2 0.165828 0.333359 0.057094 0.112094
2 0.214211 0.408484 0.048766 0.143656
2 0.425867 0.375656 0.070766 0.235719
0 0.453930 0.395734 0.013172 0.118219
2 0.268250 0.378781 0.106656 0.213063
2 0.300836 0.238992 0.060703 0.150172
1 0.293656 0.187484 0.028000 0.047375
0 0.290602 0.265844 0.039984 0.087687
0 0.329508 0.260180 0.019484 0.078016
2 0.474914 0.674672 0.107828 0.229656
1 0.467555 0.597891 0.077078 0.076563
0 0.506289 0.633563 0.036828 0.059906
0 0.509289 0.676875 0.061672 0.123687
0 0.744938 0.525156 0.068438 0.121031
0 0.681297 0.498484 0.036312 0.124688
0 0.618586 0.309617 0.025547 0.076328
2 0.577562 0.387742 0.047875 0.118891
1 0.585352 0.350406 0.031891 0.044375
0 0.553797 0.390469 0.032969 0.019375
0 0.547109 0.416406 0.067563 0.076344
1 0.404617 0.285109 0.033766 0.054531
1 0.260680 0.302734 0.038141 0.059375
0 0.085875 0.389461 0.061781 0.123484
1 0.059391 0.278188 0.046469 0.050344
1 0.169359 0.297406 0.033438 0.040625
0 0.166047 0.357305 0.056875 0.064859
1 0.207633 0.362063 0.034109 0.050188
0 0.224437 0.408859 0.019438 0.093844
0 0.308445 0.430273 0.023391 0.113203
0 0.404055 0.423937 0.029797 0.137844
2 0.721227 0.481352 0.115016 0.236359
2 0.609484 0.282734 0.044969 0.139188
