0 0.823430 0.399961 0.083172 0.081328
2 0.678219 0.211391 0.054469 0.125969
2 0.543875 0.228492 0.065062 0.146953
2 0.141664 0.655930 0.097859 0.177203
2 0.282516 0.663047 0.117063 0.232094
2 0.400484 0.401555 0.072562 0.153984
2 0.645836 0.575523 0.110328 0.200328
2 0.833492 0.395164 0.104766 0.196297
2 0.865852 0.327547 0.138047 0.108344
0 0.867359 0.401898 0.018125 0.072859
0 0.660906 0.243078 0.020000 0.090312
0 0.564461 0.274852 0.022016 0.065672
0 0.523477 0.263172 0.026047 0.101344
0 0.411875 0.455016 0.061687 0.108719
0 0.425234 0.405906 0.022812 0.061156
0 0.103102 0.560922 0.041078 0.050875
0 0.110102 0.647016 0.086047 0.120969
0 0.325727 0.682563 0.026422 0.063250
0 0.612961 0.610180 0.044203 0.073391
0 0.602531 0.474766 0.027344 0.103031
0 0.657852 0.451664 0.039016 0.085109
0 0.825437 0.326695 0.057000 0.067016
2 0.633391 0.437141 0.089000 0.117594
1 0.658305 0.503156 0.042141 0.057875
1 0.281547 0.585414 0.062938 0.076453
1 0.120297 0.604219 0.055313 0.074156
1 0.402789 0.349594 0.045641 0.049375
1 0.642680 0.408531 0.037328 0.060625
1 0.862344 0.332461 0.046656 0.070078
1 0.911695 0.300625 0.047172 0.053031
1 0.696531 0.167750 0.017344 0.038437
1 0.558336 0.177578 0.031891 0.044375
