2 0.204359 0.370648 0.047094 0.111641
1 0.316336 0.353453 0.048641 0.068688
0 0.884641 0.655938 0.095312 0.087531
0 0.848961 0.628023 0.075422 0.093672
2 0.649492 0.809211 0.182172 0.381578
0 0.709766 0.893953 0.058875 0.201844
0 0.586094 0.802797 0.052438 0.154375
1 0.710438 0.671055 0.060688 0.103953
2 0.495492 0.679539 0.116109 0.233953
1 0.511789 0.598031 0.060578 0.070188
0 0.560531 0.639680 0.058156 0.060328
0 0.563289 0.676125 0.092453 0.118156
1 0.606250 0.220156 0.033125 0.037812
0 0.609641 0.283703 0.023719 0.055125
2 0.323836 0.433570 0.096203 0.228766
2 0.543070 0.364711 0.068891 0.092797
0 0.525117 0.385594 0.041422 0.050000
1 0.562859 0.337641 0.028125 0.038406
0 0.361719 0.441523 0.020719 0.095203
2 0.602719 0.274141 0.040500 0.146094
2 0.871773 0.613273 0.121672 0.168828
1 0.902984 0.562391 0.056969 0.065969
1 0.013250 0.209195 0.026500 0.047516
0 0.065953 0.226570 0.058406 0.048641
2 0.028656 0.267148 0.057313 0.164109
1 0.202836 0.339187 0.035953 0.048125
1 0.243234 0.424086 0.059813 0.077172
0 0.283430 0.583211 0.058953 0.139672
2 0.246977 0.520008 0.106266 0.268141
0 0.301117 0.496586 0.046266 0.145672
0 0.204977 0.403008 0.023703 0.046922
