2 0.353578 0.337234 0.111000 0.184594
2 0.167008 0.333133 0.054047 0.103109
2 0.481742 0.670016 0.116484 0.226031
2 0.867375 0.471703 0.121500 0.210656
1 0.880445 0.401211 0.047047 0.069859
0 0.832820 0.476297 0.052453 0.078031
0 0.890578 0.477484 0.074687 0.075344
1 0.505188 0.593500 0.068531 0.074313
0 0.534352 0.685680 0.067547 0.096047
2 0.666156 0.308531 0.049187 0.153875
1 0.658453 0.254563 0.033594 0.045469
0 0.668414 0.337914 0.026484 0.084891
2 0.546672 0.302977 0.058000 0.095828
1 0.542930 0.280531 0.025172 0.050312
0 0.528602 0.322484 0.022797 0.049187
2 0.546937 0.376977 0.059625 0.116203
0 0.530805 0.387859 0.035641 0.061719
0 0.549398 0.325516 0.051578 0.051094
1 0.562133 0.341453 0.028609 0.044844
2 0.323242 0.326539 0.060391 0.162578
1 0.345234 0.267195 0.016406 0.044203
1 0.362258 0.272125 0.026391 0.055313
0 0.314227 0.347219 0.032984 0.087437
0 0.392195 0.345844 0.033609 0.062500
0 0.201773 0.356859 0.068297 0.040781
1 0.159437 0.303734 0.038906 0.045156
