2 0.855547 0.365750 0.116594 0.183187
1 0.642195 0.173477 0.025891 0.048047
2 0.836859 0.339188 0.086313 0.172563
2 0.633492 0.219008 0.073016 0.138547
0 0.608000 0.247758 0.021562 0.079828
0 0.655492 0.247117 0.028391 0.083047
0 0.548805 0.414031 0.026141 0.105281
0 0.813602 0.363180 0.040641 0.125828
0 0.820562 0.373930 0.047281 0.106578
0 0.884813 0.416375 0.034875 0.109625
1 0.891406 0.302969 0.043750 0.055313
1 0.859297 0.281547 0.041406 0.056250
0 0.756219 0.473500 0.054719 0.156594
1 0.913453 0.613625 0.080687 0.123063
2 0.895352 0.704750 0.190078 0.304250
0 0.836922 0.701047 0.044656 0.136969
0 0.922938 0.739219 0.134187 0.123438
2 0.571836 0.373906 0.071891 0.186250
2 0.601789 0.467422 0.119047 0.224531
2 0.745617 0.412008 0.075203 0.254047
2 0.271609 0.655164 0.120250 0.216234
1 0.742891 0.321500 0.048594 0.073125
0 0.120344 0.644516 0.091312 0.129094
0 0.126617 0.569398 0.054891 0.055266
1 0.134047 0.608758 0.057969 0.075609
1 0.259281 0.587586 0.061719 0.081078
0 0.316914 0.687047 0.030766 0.092937
2 0.144070 0.657758 0.099578 0.175422
0 0.556477 0.511633 0.028891 0.136516
1 0.609266 0.391320 0.045625 0.071578
1 0.580102 0.315031 0.054547 0.068750
