0 0.276953 0.434750 0.079250 0.082375
2 0.781539 0.485148 0.161234 0.202828
2 0.393516 0.858453 0.258219 0.283094
2 0.500992 0.651031 0.136047 0.196687
2 0.115531 0.404508 0.096750 0.229109
2 0.223125 0.536672 0.101625 0.280094
2 0.264375 0.424656 0.106219 0.238500
2 0.292602 0.319797 0.084391 0.133469
2 0.402453 0.358727 0.059281 0.126609
2 0.491789 0.204883 0.041141 0.091797
0 0.502195 0.225875 0.020328 0.043250
0 0.736992 0.466930 0.073109 0.073953
0 0.823125 0.418156 0.058437 0.068375
0 0.444945 0.360469 0.042672 0.030625
0 0.429945 0.379359 0.066734 0.049406
1 0.408016 0.317398 0.032375 0.044891
1 0.487023 0.176094 0.023609 0.034375
0 0.536516 0.655602 0.065219 0.085672
1 0.510016 0.582570 0.057969 0.061047
0 0.486789 0.865484 0.072016 0.101500
0 0.309078 0.904555 0.089531 0.190891
1 0.364383 0.784961 0.087328 0.136953
0 0.224547 0.617516 0.047219 0.193406
0 0.320305 0.330172 0.027984 0.045781
1 0.273016 0.275766 0.027344 0.045656
1 0.235750 0.345219 0.048375 0.078937
1 0.209125 0.436172 0.061719 0.078594
0 0.154773 0.468430 0.019047 0.062172
0 0.105742 0.466219 0.078141 0.133500
1 0.099328 0.330078 0.047719 0.077031
