0 0.709781 0.714758 0.075812 0.120203
0 0.406258 0.740055 0.054391 0.028266
0 0.296438 0.637672 0.056219 0.078000
1 0.258609 0.639539 0.064406 0.069766
1 0.742195 0.665234 0.064234 0.086875
1 0.689648 0.408305 0.038078 0.065891
1 0.340477 0.451008 0.038391 0.061891
1 0.342523 0.680672 0.061234 0.093313
0 0.337977 0.510805 0.075641 0.074797
0 0.374937 0.489266 0.020187 0.085969
2 0.355313 0.735984 0.125031 0.207000
2 0.300297 0.671086 0.148594 0.133422
2 0.738266 0.698742 0.134562 0.158578
2 0.711492 0.455438 0.082359 0.161437
2 0.348805 0.496289 0.097703 0.155328
0 0.411508 0.795094 0.076766 0.092000
0 0.725195 0.501141 0.051328 0.110250
0 0.673266 0.460656 0.023250 0.042031
0 0.665727 0.708477 0.020766 0.046328
