2 0.477734 0.307773 0.094531 0.153516
0 0.704109 0.411609 0.037750 0.129594
0 0.649609 0.329734 0.032969 0.099219
1 0.685750 0.270906 0.041812 0.064375
1 0.573406 0.228391 0.033594 0.059156
1 0.447023 0.262719 0.033297 0.062375
0 0.442727 0.749086 0.036328 0.120203
1 0.009719 0.256852 0.019437 0.064234
0 0.054891 0.369617 0.031531 0.133453
0 0.299492 0.857531 0.039234 0.147750
1 0.362711 0.653258 0.082891 0.114078
2 0.029547 0.323352 0.059094 0.197578
1 0.182789 0.331562 0.040797 0.052812
2 0.575844 0.297711 0.083250 0.196984
2 0.678398 0.345328 0.090734 0.214656
2 0.370312 0.764766 0.180594 0.336094
2 0.199313 0.374211 0.086219 0.138141
0 0.198805 0.411781 0.083672 0.062313
0 0.239109 0.374922 0.061969 0.100781
0 0.439078 0.363656 0.022781 0.040437
0 0.500289 0.324586 0.049891 0.094609
0 0.601633 0.347391 0.031859 0.132719
0 0.534359 0.303883 0.054781 0.097328
