2 0.469039 0.208000 0.056828 0.130969
0 0.175961 0.360477 0.046703 0.048172
2 0.172516 0.330750 0.055406 0.108188
0 0.361969 0.509766 0.033438 0.094219
1 0.401102 0.410820 0.039984 0.076922
1 0.479055 0.404477 0.038016 0.068016
1 0.558297 0.332859 0.031563 0.042812
2 0.550984 0.371969 0.061875 0.121125
0 0.544875 0.506383 0.050594 0.067547
0 0.445594 0.533000 0.022969 0.111187
2 0.480820 0.479547 0.093828 0.218094
2 0.393148 0.479813 0.096391 0.214750
2 0.230531 0.397992 0.090000 0.133078
2 0.156344 0.437188 0.105000 0.228125
1 0.562758 0.872930 0.081047 0.112047
0 0.630672 0.961922 0.072344 0.076156
0 0.612281 0.915844 0.044000 0.052656
2 0.581125 0.907820 0.171125 0.184359
1 0.467883 0.164281 0.020953 0.042031
0 0.484688 0.215500 0.024531 0.048437
0 0.457188 0.217672 0.032656 0.046531
1 0.161344 0.299125 0.032969 0.044062
0 0.527359 0.387805 0.064719 0.050453
0 0.534258 0.371289 0.023141 0.009672
1 0.012406 0.307164 0.024813 0.063172
0 0.056914 0.387383 0.044422 0.095547
2 0.041406 0.379047 0.082812 0.208187
1 0.134437 0.359977 0.050719 0.072547
0 0.121813 0.497648 0.036937 0.097516
0 0.230234 0.446188 0.058937 0.037063
0 0.265609 0.443094 0.036031 0.113500
1 0.205555 0.360703 0.040328 0.058219
