2 0.088039 0.275047 0.051234 0.164750
0 0.078297 0.318875 0.029156 0.128625
1 0.087805 0.221305 0.025828 0.057703
1 0.873555 0.343031 0.064172 0.060750
1 0.659047 0.182500 0.024656 0.037438
2 0.651219 0.204023 0.040781 0.080078
2 0.712133 0.307625 0.065391 0.176125
2 0.858680 0.390172 0.094547 0.155281
2 0.666188 0.241078 0.040844 0.107156
2 0.368047 0.352344 0.076250 0.163719
0 0.875156 0.420070 0.057687 0.075422
0 0.709578 0.363094 0.037813 0.113969
0 0.654773 0.294180 0.017672 0.098203
1 0.723070 0.244469 0.042672 0.049219
1 0.672773 0.206656 0.025797 0.038281
0 0.367180 0.393008 0.075516 0.084516
1 0.372008 0.310320 0.045359 0.080359
