2 0.262945 0.365922 0.077203 0.225031
2 0.215766 0.414719 0.055563 0.158969
2 0.547734 0.239031 0.047813 0.124750
2 0.169609 0.332203 0.040656 0.109969
2 0.619320 0.288672 0.059609 0.126094
1 0.030859 0.293164 0.044344 0.055859
0 0.082734 0.321117 0.033875 0.104641
0 0.020313 0.415727 0.040625 0.140109
1 0.131016 0.331023 0.051687 0.059828
1 0.207211 0.362531 0.038609 0.052656
1 0.245273 0.286727 0.041391 0.066172
1 0.163133 0.298375 0.027609 0.042594
1 0.036617 0.244617 0.036266 0.051078
0 0.098688 0.425844 0.029563 0.049125
0 0.264977 0.424680 0.027297 0.150391
0 0.226141 0.445953 0.037781 0.070656
1 0.513078 0.372914 0.058344 0.058328
0 0.556539 0.482867 0.060234 0.106766
1 0.577984 0.338164 0.049906 0.059297
0 0.638250 0.313172 0.021156 0.075375
0 0.601258 0.295203 0.023922 0.047656
0 0.551055 0.265508 0.041953 0.071266
0 0.531031 0.262320 0.013344 0.070984
1 0.542812 0.200281 0.025937 0.046406
1 0.606758 0.249758 0.027672 0.049422
0 0.173445 0.356734 0.032422 0.042250
2 0.050133 0.303828 0.100266 0.168313
2 0.042828 0.363758 0.085656 0.197266
2 0.135711 0.405109 0.104016 0.208531
2 0.523055 0.447102 0.081359 0.204797
2 0.582734 0.406500 0.067063 0.195719
0 0.598938 0.427789 0.034812 0.096547
