2 0.743297 0.302781 0.079188 0.184875
0 0.420687 0.287883 0.036250 0.081797
0 0.483500 0.291891 0.015750 0.067563
0 0.460500 0.297766 0.040469 0.092594
0 0.592602 0.274047 0.023766 0.049844
0 0.547531 0.297281 0.019344 0.105656
0 0.764516 0.349609 0.035219 0.130375
0 0.791477 0.414227 0.033172 0.148422
0 0.848383 0.350961 0.037797 0.075578
2 0.465680 0.263141 0.052516 0.161937
1 0.835562 0.292742 0.040125 0.058266
1 0.755148 0.239078 0.033422 0.057469
1 0.576594 0.210906 0.025156 0.046094
1 0.454766 0.209094 0.031719 0.052344
1 0.430781 0.218141 0.027813 0.044219
2 0.571289 0.268680 0.067984 0.162328
2 0.821094 0.363773 0.092094 0.199641
2 0.430891 0.240953 0.028531 0.091969
