0 0.400320 0.529086 0.024734 0.060734
0 0.349055 0.511281 0.074047 0.094094
1 0.739414 0.632031 0.060391 0.085469
1 0.349109 0.591742 0.057063 0.082953
1 0.512992 0.476906 0.058141 0.084719
1 0.372414 0.430445 0.045391 0.061922
1 0.641117 0.264891 0.035328 0.057031
2 0.642211 0.332570 0.075547 0.194516
2 0.742961 0.679586 0.111547 0.182297
2 0.516102 0.564180 0.136891 0.262734
2 0.336805 0.667250 0.087328 0.237906
0 0.698484 0.698523 0.089469 0.137547
0 0.701125 0.668734 0.049562 0.028219
2 0.366367 0.479289 0.095859 0.161109
0 0.574414 0.609320 0.034672 0.103891
0 0.461539 0.595109 0.027797 0.104969
0 0.371859 0.709359 0.104969 0.094469
