1 0.845156 0.404133 0.041781 0.071266
0 0.055250 0.414609 0.054188 0.133594
0 0.343320 0.423477 0.032859 0.103516
0 0.392492 0.342430 0.015109 0.079734
0 0.453414 0.354773 0.016922 0.091797
1 0.411852 0.245219 0.030734 0.050625
1 0.315898 0.305828 0.040953 0.056844
1 0.343102 0.258133 0.033391 0.050141
1 0.365391 0.274172 0.019906 0.048875
2 0.362023 0.287250 0.029516 0.075719
0 0.356703 0.322500 0.043188 0.057500
2 0.352516 0.298664 0.052031 0.132766
2 0.818305 0.473750 0.108203 0.211375
0 0.805070 0.483164 0.083266 0.099891
0 0.883570 0.511758 0.044109 0.115484
2 0.041156 0.406281 0.082312 0.152156
2 0.490430 0.683211 0.122797 0.235172
1 0.473484 0.598617 0.058187 0.065953
0 0.519258 0.637195 0.063672 0.130922
2 0.643844 0.305922 0.052812 0.156281
1 0.635008 0.250320 0.034266 0.044516
0 0.644711 0.323227 0.032266 0.063703
0 0.660117 0.288016 0.020234 0.034937
2 0.571477 0.388617 0.056703 0.114328
0 0.544555 0.414820 0.061453 0.061891
1 0.582453 0.353742 0.034281 0.043766
2 0.468797 0.239680 0.050969 0.129359
1 0.465477 0.193531 0.018016 0.036750
0 0.449367 0.254508 0.011734 0.063359
0 0.476562 0.233000 0.029844 0.048062
2 0.423289 0.321805 0.077516 0.203109
2 0.319289 0.380883 0.079672 0.206359
0 0.283406 0.398578 0.008250 0.050500
