1 0.878945 0.334453 0.045328 0.056875
0 0.857766 0.436828 0.037844 0.101344
1 0.971406 0.466141 0.045500 0.056469
0 0.966094 0.548219 0.067812 0.073875
0 0.929797 0.518836 0.026156 0.064016
0 0.676117 0.508641 0.035422 0.139906
2 0.844617 0.387703 0.113453 0.163375
2 0.957969 0.511922 0.084062 0.147813
2 0.675539 0.442500 0.104516 0.225750
2 0.273539 0.651703 0.111672 0.199094
2 0.173687 0.639992 0.079406 0.195016
1 0.184055 0.579633 0.059547 0.073547
0 0.195797 0.558430 0.039938 0.088766
1 0.279703 0.592039 0.051313 0.082797
0 0.317203 0.694148 0.025281 0.114391
0 0.181242 0.722805 0.071266 0.145016
1 0.698766 0.360578 0.057531 0.061281
