2 0.823672 0.609687 0.103094 0.163438
2 0.541250 0.671000 0.142750 0.187813
2 0.424023 0.344063 0.056484 0.166688
1 0.083078 0.729070 0.078563 0.124984
0 0.145633 0.887961 0.137203 0.200422
0 0.064883 0.922961 0.039891 0.154078
2 0.129039 0.832742 0.169609 0.334516
0 0.621781 0.706922 0.149094 0.060219
0 0.592883 0.638906 0.036422 0.026250
1 0.557258 0.617297 0.051797 0.081562
0 0.818781 0.652852 0.106187 0.075859
0 0.775555 0.605094 0.060172 0.046719
1 0.824719 0.564078 0.065688 0.071844
1 0.422227 0.284562 0.039547 0.046406
0 0.626672 0.292813 0.017031 0.054688
1 0.612148 0.228984 0.032516 0.044063
2 0.612477 0.267414 0.045453 0.120484
0 0.440836 0.372484 0.018797 0.071125
0 0.421758 0.378742 0.033422 0.085641
