1 0.572969 0.238687 0.037031 0.042813
1 0.443727 0.200375 0.042047 0.043437
0 0.797398 0.368016 0.055234 0.118281
2 0.405906 0.205406 0.008969 0.105844
2 0.446305 0.253273 0.046328 0.150328
2 0.562992 0.289672 0.061641 0.144281
2 0.844516 0.345570 0.106844 0.173797
2 0.646820 0.256062 0.070484 0.176031
2 0.628531 0.233273 0.054875 0.163672
0 0.442242 0.287438 0.034391 0.082313
0 0.463398 0.283289 0.010859 0.068109
0 0.549359 0.306570 0.032781 0.064953
1 0.642758 0.176047 0.025641 0.048719
1 0.666500 0.195047 0.030000 0.053969
1 0.874109 0.289109 0.046563 0.060937
0 0.875672 0.390273 0.035125 0.093422
0 0.675672 0.316680 0.016000 0.059141
0 0.624102 0.290719 0.032328 0.122187
