2 0.475594 0.683008 0.106906 0.262203
0 0.782047 0.574773 0.069937 0.112859
0 0.703984 0.533625 0.061469 0.101469
1 0.469133 0.587484 0.074484 0.068313
0 0.528422 0.660242 0.069281 0.040328
0 0.494906 0.746141 0.067031 0.134656
1 0.759195 0.445695 0.067047 0.074891
2 0.624352 0.253586 0.048484 0.107328
2 0.631914 0.389016 0.073578 0.205031
2 0.255789 0.563758 0.098453 0.217141
2 0.032937 0.426008 0.065875 0.198734
0 0.035789 0.459211 0.056609 0.131609
0 0.644328 0.448875 0.047813 0.155719
2 0.771336 0.509305 0.094422 0.200547
2 0.205367 0.376203 0.064922 0.119750
1 0.201078 0.338859 0.052781 0.044562
0 0.290500 0.649547 0.053812 0.173406
1 0.621078 0.325133 0.040813 0.073609
0 0.634164 0.277766 0.033891 0.056781
1 0.624336 0.223719 0.029203 0.047031
0 0.220312 0.403352 0.056594 0.063609
1 0.243422 0.494031 0.058500 0.079594
