2 0.048094 0.364484 0.096188 0.173563
2 0.371531 0.486195 0.083438 0.230109
0 0.516078 0.411992 0.021875 0.056797
1 0.391797 0.194375 0.009375 0.034844
0 0.383930 0.242289 0.044078 0.045109
1 0.488508 0.318328 0.040172 0.062500
1 0.405086 0.314781 0.028453 0.046094
0 0.491734 0.408680 0.072500 0.085766
0 0.577703 0.430281 0.043625 0.086562
0 0.526000 0.371156 0.020469 0.022656
1 0.552305 0.356164 0.028547 0.056297
0 0.421070 0.375437 0.032047 0.045625
1 0.364859 0.400242 0.070500 0.058766
1 0.024313 0.311656 0.045187 0.068438
1 0.141539 0.350516 0.046828 0.080219
1 0.056883 0.382148 0.055016 0.084297
0 0.140688 0.466406 0.027344 0.079687
0 0.099180 0.514305 0.036297 0.098016
1 0.283203 0.576125 0.070594 0.119000
0 0.267352 0.922586 0.075828 0.154828
0 0.392805 0.526805 0.107641 0.119203
0 0.236781 0.755297 0.046062 0.177844
1 0.156914 0.731492 0.101422 0.127016
2 0.566422 0.386141 0.066938 0.115531
2 0.486047 0.382445 0.061156 0.191672
2 0.402133 0.351438 0.069703 0.118906
2 0.383078 0.225375 0.046719 0.096312
2 0.197672 0.833406 0.214062 0.333188
2 0.275898 0.681109 0.123922 0.328375
2 0.171914 0.440461 0.106484 0.260641
2 0.063945 0.464266 0.105703 0.247938
0 0.047992 0.403359 0.095984 0.060031
0 0.079148 0.437117 0.023984 0.028797
