1 0.804984 0.414078 0.047625 0.074344
2 0.797906 0.480609 0.107938 0.209625
0 0.836406 0.502977 0.030125 0.090391
0 0.775656 0.516141 0.063500 0.109594
2 0.384117 0.222328 0.049484 0.091375
0 0.399164 0.230477 0.008953 0.042516
2 0.541250 0.379297 0.055938 0.126062
0 0.534133 0.368734 0.060516 0.030250
0 0.533383 0.425867 0.043547 0.088266
1 0.526258 0.338664 0.026422 0.044859
2 0.395969 0.358469 0.062781 0.130094
0 0.419383 0.372500 0.038109 0.050969
1 0.241750 0.609789 0.069125 0.121984
0 0.264469 0.762023 0.097125 0.258984
0 0.229734 0.750750 0.167219 0.106938
1 0.173633 0.824531 0.107391 0.135000
2 0.184195 0.878836 0.180422 0.242328
2 0.228703 0.719672 0.163688 0.345344
1 0.434977 0.634328 0.065578 0.081031
0 0.472945 0.747023 0.096609 0.075016
1 0.565141 0.873555 0.097500 0.157891
0 0.468812 0.940734 0.082688 0.118531
2 0.439203 0.703313 0.093687 0.218188
2 0.542359 0.897188 0.227750 0.205625
0 0.384016 0.239766 0.049500 0.056094
1 0.390516 0.192852 0.006344 0.032484
1 0.406055 0.316273 0.029297 0.045578
