2 0.728102 0.337437 0.057922 0.171437
1 0.652258 0.747141 0.067141 0.102250
0 0.665477 0.921562 0.049141 0.138250
2 0.619898 0.848070 0.140828 0.303859
1 0.858852 0.572992 0.060766 0.070422
0 0.845641 0.642391 0.091469 0.101469
0 0.805625 0.643766 0.052094 0.137781
0 0.707867 0.361609 0.035578 0.061281
0 0.611609 0.375578 0.043750 0.072375
1 0.581992 0.338312 0.035172 0.041875
2 0.593773 0.364414 0.059359 0.093984
1 0.722547 0.277813 0.037500 0.052031
0 0.273195 0.524781 0.056953 0.148562
1 0.211320 0.383688 0.050547 0.071750
0 0.088477 0.394359 0.051391 0.116281
0 0.088117 0.228281 0.047984 0.046875
0 0.060156 0.236437 0.066781 0.052687
1 0.040891 0.202922 0.030625 0.051562
1 0.014602 0.255000 0.029203 0.046250
1 0.048969 0.282078 0.042875 0.054812
0 0.523227 0.715719 0.090547 0.090188
0 0.523781 0.666289 0.055875 0.034328
2 0.835766 0.625398 0.113000 0.175234
2 0.476242 0.680445 0.094453 0.231422
1 0.202406 0.347781 0.046781 0.063906
2 0.224156 0.471242 0.099875 0.245641
2 0.062500 0.260523 0.075312 0.169891
0 0.556719 0.854258 0.013438 0.049859
2 0.202016 0.363492 0.046594 0.096422
2 0.056578 0.364563 0.113156 0.223188
2 0.017820 0.276906 0.035641 0.089219
0 0.082992 0.346461 0.058016 0.077703
1 0.469961 0.605719 0.069828 0.080250
