2 0.828445 0.622437 0.130797 0.172000
2 0.481086 0.682398 0.116891 0.238953
2 0.038320 0.384813 0.076641 0.205594
2 0.373141 0.413820 0.081750 0.224547
2 0.317109 0.324867 0.076688 0.172453
2 0.360516 0.277094 0.028500 0.080625
1 0.555477 0.234555 0.034391 0.045984
0 0.398523 0.336477 0.009828 0.080797
0 0.457258 0.341695 0.019359 0.092234
0 0.831281 0.670086 0.124469 0.077234
0 0.792289 0.626742 0.058484 0.112766
1 0.851172 0.578359 0.051719 0.085156
0 0.544148 0.706898 0.119016 0.089547
0 0.527125 0.676305 0.054250 0.033453
1 0.467797 0.599922 0.077719 0.073500
0 0.534578 0.314180 0.043844 0.059734
0 0.575789 0.311297 0.018328 0.076906
1 0.544609 0.329219 0.031719 0.040938
0 0.513234 0.372883 0.031250 0.038547
1 0.462836 0.194297 0.023766 0.038281
0 0.450805 0.247891 0.016578 0.056094
0 0.469336 0.248453 0.042672 0.054375
1 0.428867 0.248609 0.027672 0.046250
1 0.364953 0.259656 0.020781 0.045781
1 0.336438 0.265258 0.033125 0.054891
0 0.339727 0.329578 0.030609 0.057500
1 0.367734 0.335016 0.040375 0.066312
0 0.392836 0.470609 0.039016 0.110656
0 0.056203 0.399188 0.038969 0.102563
1 0.005203 0.304234 0.010406 0.045312
2 0.576914 0.280469 0.077766 0.138438
2 0.531891 0.367133 0.067813 0.116984
2 0.429781 0.325531 0.073156 0.200187
2 0.467953 0.236383 0.050656 0.123484
