1 0.655820 0.376156 0.059047 0.056875
0 0.640422 0.467484 0.083750 0.119875
0 0.584969 0.378305 0.079813 0.068047
2 0.051398 0.378875 0.093953 0.234750
2 0.151289 0.440742 0.132891 0.238828
2 0.199664 0.375266 0.074766 0.205750
2 0.156961 0.327484 0.031391 0.099406
2 0.647234 0.436047 0.077125 0.177594
2 0.553422 0.372367 0.042531 0.119734
1 0.432469 0.165813 0.021563 0.043594
2 0.572734 0.903398 0.161906 0.193203
1 0.556063 0.852742 0.078500 0.091078
0 0.622539 0.936414 0.061516 0.127172
1 0.513797 0.936039 0.097469 0.127922
2 0.513930 0.935883 0.098484 0.128234
2 0.441844 0.207281 0.056406 0.127312
1 0.025859 0.290562 0.042844 0.058813
0 0.045891 0.422289 0.081531 0.145734
0 0.202687 0.477164 0.027313 0.125359
0 0.104031 0.479039 0.037750 0.108172
1 0.138109 0.354898 0.047688 0.064016
1 0.184453 0.304125 0.039344 0.062125
0 0.422453 0.209664 0.016281 0.046109
1 0.157109 0.305930 0.031469 0.056641
1 0.470094 0.408133 0.042156 0.066422
0 0.437586 0.543570 0.017922 0.112516
2 0.473422 0.477820 0.089125 0.205609
0 0.522234 0.366094 0.041406 0.020438
0 0.452102 0.209398 0.036891 0.049891
0 0.528289 0.396094 0.054234 0.058750
1 0.557383 0.335891 0.032516 0.046719
