1 0.548492 0.114125 0.020172 0.035156
2 0.627164 0.445297 0.078078 0.115656
2 0.545430 0.158047 0.044297 0.122344
1 0.214719 0.561461 0.053562 0.077234
1 0.286828 0.594711 0.050156 0.074953
0 0.315367 0.716758 0.029641 0.085609
0 0.207539 0.689523 0.031828 0.072828
1 0.646094 0.524602 0.047719 0.062984
1 0.642188 0.413469 0.048813 0.052750
1 0.894672 0.263141 0.037969 0.055281
1 0.930266 0.362797 0.046719 0.064094
0 0.921680 0.494148 0.061766 0.113266
0 0.857914 0.483797 0.037047 0.073656
0 0.813234 0.326102 0.074906 0.094766
0 0.889008 0.368719 0.049391 0.120688
0 0.653070 0.487281 0.083734 0.090125
0 0.676664 0.478648 0.044516 0.092391
2 0.902352 0.441016 0.115984 0.219937
2 0.865711 0.326758 0.097359 0.182484
2 0.644055 0.588648 0.113453 0.191766
0 0.609305 0.618898 0.029453 0.064422
2 0.274359 0.658477 0.112375 0.202422
2 0.191891 0.624500 0.099531 0.203813
0 0.531273 0.177539 0.015984 0.058266
