1 0.561109 0.193672 0.024688 0.037344
2 0.556672 0.232227 0.034375 0.113984
0 0.561984 0.250047 0.022750 0.053031
2 0.862656 0.622188 0.129031 0.180656
1 0.870305 0.570508 0.056953 0.075297
0 0.802062 0.610859 0.063844 0.067812
0 0.895070 0.666891 0.065266 0.090156
2 0.512211 0.666289 0.107141 0.212984
0 0.513133 0.746141 0.067422 0.131469
0 0.564320 0.682656 0.048609 0.029844
1 0.537328 0.599852 0.056031 0.080641
2 0.393422 0.358609 0.056219 0.127781
1 0.389484 0.316375 0.041562 0.044063
0 0.411492 0.361336 0.032016 0.070484
