0 0.812141 0.581320 0.042281 0.151547
1 0.198734 0.335578 0.046188 0.041312
1 0.263219 0.572906 0.057781 0.080719
0 0.327148 0.733766 0.043672 0.190281
0 0.218898 0.696883 0.035047 0.086547
1 0.009078 0.356500 0.018156 0.066500
1 0.668141 0.333797 0.044125 0.073031
0 0.697281 0.452891 0.042406 0.161031
1 0.789875 0.452531 0.064469 0.070688
1 0.473266 0.586320 0.069750 0.069172
0 0.530531 0.661547 0.065000 0.042844
0 0.493266 0.747859 0.074281 0.134500
0 0.231336 0.412039 0.066359 0.054609
0 0.724367 0.542047 0.027547 0.115344
1 0.622398 0.221797 0.034547 0.045625
0 0.637773 0.274992 0.020734 0.063766
2 0.478164 0.674008 0.103672 0.243266
2 0.268313 0.646562 0.137063 0.228437
2 0.027656 0.401898 0.055313 0.157953
2 0.210570 0.379695 0.070766 0.130984
2 0.623922 0.254758 0.048188 0.111422
2 0.670813 0.403289 0.094062 0.210953
2 0.772570 0.519141 0.123734 0.204969
