2 0.161648 0.387414 0.096391 0.203172
0 0.125805 0.423625 0.025578 0.070781
2 0.551727 0.241555 0.045766 0.131484
2 0.597789 0.296328 0.075609 0.123281
1 0.599172 0.261094 0.030938 0.052500
0 0.263258 0.300375 0.052922 0.064844
1 0.051867 0.231445 0.033078 0.050609
1 0.543984 0.197422 0.027344 0.043750
0 0.530328 0.256469 0.014156 0.067219
0 0.551539 0.267102 0.045828 0.081297
0 0.573227 0.278031 0.027047 0.048281
0 0.624281 0.326367 0.021750 0.063078
1 0.566602 0.333797 0.044766 0.056688
0 0.578469 0.457578 0.046719 0.132562
1 0.470008 0.395234 0.045953 0.061469
0 0.441375 0.522734 0.029000 0.134094
1 0.289852 0.267984 0.038891 0.065781
1 0.206219 0.363141 0.038750 0.055187
0 0.250039 0.406344 0.029234 0.040000
0 0.308937 0.396875 0.024937 0.144875
0 0.251664 0.449758 0.084578 0.081109
1 0.158359 0.317391 0.049031 0.061969
0 0.093672 0.335883 0.027188 0.125109
0 0.046859 0.302125 0.060625 0.068563
2 0.228516 0.413047 0.084781 0.154531
2 0.304602 0.343727 0.069016 0.216297
2 0.565719 0.403172 0.057750 0.195719
2 0.472438 0.476687 0.092812 0.223812
2 0.058219 0.298086 0.083719 0.184453
