1 0.006953 0.257930 0.013906 0.039328
2 0.029414 0.336039 0.058828 0.195891
2 0.111477 0.415063 0.081766 0.236125
2 0.169852 0.335547 0.052484 0.114344
2 0.189664 0.579453 0.115047 0.294844
2 0.433359 0.397016 0.059187 0.204437
2 0.560187 0.234961 0.051969 0.094578
2 0.570516 0.382398 0.053719 0.113453
2 0.605508 0.417148 0.090641 0.186641
2 0.450109 0.494383 0.095656 0.199359
2 0.724047 0.813773 0.183219 0.372453
1 0.757883 0.677172 0.073641 0.099406
0 0.649383 0.776000 0.034422 0.105937
0 0.785492 0.882367 0.060766 0.138359
0 0.192023 0.370250 0.072516 0.044500
0 0.211320 0.361672 0.038297 0.026406
0 0.423766 0.521141 0.043781 0.084750
0 0.240836 0.658516 0.107266 0.112031
0 0.578234 0.406625 0.036469 0.093000
0 0.541891 0.393492 0.060000 0.038016
0 0.550094 0.377297 0.056719 0.019375
0 0.530117 0.270227 0.030547 0.083266
0 0.565820 0.253125 0.040234 0.058125
1 0.562164 0.210750 0.026578 0.046250
1 0.582008 0.347766 0.029516 0.044750
1 0.614227 0.355227 0.042141 0.060984
1 0.471719 0.430977 0.051219 0.071609
1 0.432508 0.322187 0.044578 0.054594
1 0.169023 0.300828 0.040953 0.045625
1 0.093266 0.330125 0.045625 0.064844
1 0.172305 0.474773 0.059109 0.086234
0 0.121469 0.468797 0.043250 0.155750
