0 0.354258 0.348031 0.047734 0.032375
1 0.409266 0.467969 0.052937 0.090312
0 0.313734 0.602914 0.040344 0.177609
0 0.416086 0.611187 0.031672 0.153563
0 0.513945 0.387867 0.035078 0.049266
1 0.551867 0.335016 0.030484 0.039344
1 0.412680 0.292039 0.033453 0.049359
1 0.303141 0.253578 0.033438 0.044094
0 0.324086 0.317070 0.060453 0.054172
0 0.333297 0.306984 0.024531 0.028437
0 0.460281 0.372516 0.051063 0.093094
0 0.610148 0.322461 0.020109 0.049453
1 0.578359 0.275977 0.029844 0.048984
2 0.587602 0.302766 0.066672 0.103531
2 0.531789 0.375812 0.071234 0.120875
2 0.305891 0.291094 0.048188 0.118437
2 0.364242 0.536266 0.142328 0.228781
2 0.410570 0.340781 0.094797 0.148438
0 0.635156 0.371516 0.031000 0.112594
1 0.659719 0.275734 0.030625 0.053437
2 0.658164 0.325906 0.077609 0.152875
