2 0.953555 0.506672 0.083391 0.166031
2 0.661867 0.252484 0.067172 0.135969
2 0.533508 0.239609 0.059922 0.135469
1 0.188836 0.583469 0.057141 0.075031
1 0.274734 0.587438 0.049281 0.076875
0 0.316219 0.705305 0.026125 0.094391
0 0.181336 0.721445 0.072766 0.143047
2 0.175680 0.641516 0.084453 0.191156
2 0.272977 0.663047 0.113078 0.227500
1 0.535203 0.192750 0.025937 0.042656
0 0.511336 0.274367 0.017391 0.103734
0 0.555328 0.275102 0.013938 0.098891
0 0.659883 0.273992 0.018672 0.093922
1 0.679023 0.204016 0.032984 0.038438
0 0.910031 0.519641 0.060469 0.086000
0 0.945844 0.543812 0.093156 0.092500
1 0.964438 0.450031 0.041406 0.052500
