0 0.494320 0.782805 0.059109 0.121984
2 0.786203 0.549016 0.096656 0.261562
2 0.552367 0.747484 0.175672 0.282844
2 0.299875 0.602898 0.159094 0.269828
1 0.320883 0.512445 0.070141 0.089172
1 0.588398 0.647711 0.070672 0.082953
1 0.788250 0.463422 0.058594 0.091750
1 0.204766 0.343359 0.034375 0.056250
1 0.405586 0.162359 0.023297 0.041844
0 0.744172 0.537609 0.056031 0.124781
0 0.372086 0.616484 0.084797 0.093281
0 0.365828 0.588445 0.067563 0.042484
0 0.237766 0.371680 0.031469 0.068484
0 0.206062 0.410570 0.089063 0.064484
2 0.427273 0.199227 0.066703 0.116234
2 0.204937 0.379250 0.087531 0.128062
0 0.445758 0.230227 0.029328 0.099547
0 0.411117 0.223219 0.014984 0.059406
0 0.780625 0.620367 0.101562 0.185172
