0 0.217719 0.380109 0.026250 0.015312
0 0.524039 0.402484 0.045172 0.044969
2 0.551242 0.368508 0.037172 0.114734
2 0.584914 0.428969 0.083953 0.180469
1 0.181359 0.362852 0.053719 0.071891
1 0.195047 0.323867 0.045000 0.060391
1 0.166234 0.301609 0.031094 0.044844
0 0.176836 0.504164 0.035484 0.105859
2 0.203125 0.445305 0.097938 0.237516
1 0.181133 0.640930 0.064797 0.095266
0 0.238109 0.760445 0.091562 0.113203
0 0.296078 0.680172 0.054937 0.082531
2 0.236758 0.704813 0.176016 0.225438
1 0.533750 0.882742 0.081438 0.104078
0 0.625742 0.897461 0.078984 0.205078
0 0.553727 0.807180 0.049172 0.053766
2 0.579242 0.915289 0.172234 0.169422
0 0.420703 0.535656 0.045469 0.129344
1 0.429250 0.394852 0.049875 0.061609
0 0.522914 0.379898 0.063734 0.078641
0 0.590531 0.480945 0.070406 0.112172
1 0.589195 0.185688 0.026266 0.041562
2 0.585344 0.229281 0.053812 0.128625
0 0.565000 0.250844 0.013125 0.049875
1 0.596602 0.367016 0.054453 0.055906
1 0.550938 0.334094 0.031719 0.046094
2 0.438586 0.482789 0.083453 0.237297
2 0.181836 0.333484 0.063203 0.108531
2 0.187711 0.365445 0.060016 0.144297
0 0.203914 0.415313 0.092203 0.043750
