2 0.331031 0.532758 0.123625 0.302609
2 0.507664 0.146680 0.043453 0.118578
2 0.459102 0.232648 0.044984 0.140016
2 0.188500 0.620789 0.109625 0.207484
0 0.848461 0.326844 0.038641 0.111937
1 0.812750 0.227984 0.032031 0.056219
0 0.753969 0.275789 0.061844 0.051234
1 0.460336 0.182766 0.037516 0.040406
0 0.459852 0.267930 0.029891 0.068828
1 0.511883 0.105273 0.017672 0.036016
0 0.494008 0.173117 0.015922 0.066266
2 0.802664 0.291312 0.089328 0.183312
1 0.164477 0.554664 0.058828 0.075359
0 0.215867 0.604641 0.052953 0.118719
1 0.345133 0.419320 0.049391 0.076141
0 0.367500 0.587516 0.042781 0.154031
1 0.604070 0.389797 0.046234 0.051031
2 0.589813 0.432352 0.085531 0.136141
0 0.588633 0.463891 0.083766 0.073156
0 0.564484 0.443945 0.033625 0.073141
