2 0.741719 0.741844 0.129469 0.299469
2 0.343547 0.187477 0.014281 0.079016
2 0.633984 0.263852 0.072031 0.108234
0 0.544781 0.312539 0.018469 0.079391
2 0.572625 0.287250 0.075812 0.157750
0 0.694898 0.774867 0.035922 0.109266
0 0.614828 0.282039 0.032406 0.092203
0 0.599992 0.332625 0.020359 0.096563
2 0.282688 0.661500 0.106750 0.198656
2 0.163812 0.636742 0.091031 0.204953
0 0.126711 0.622711 0.017422 0.043078
0 0.180375 0.723133 0.069875 0.142266
0 0.319773 0.710313 0.032859 0.075094
1 0.293055 0.596102 0.056391 0.066391
1 0.179781 0.574398 0.053969 0.077141
1 0.747461 0.637484 0.096266 0.089531
1 0.652992 0.236141 0.033453 0.052656
1 0.582805 0.235008 0.032672 0.054453
