2 0.651203 0.308539 0.053344 0.138234
0 0.549055 0.630617 0.057203 0.033422
0 0.015961 0.381727 0.031922 0.137203
1 0.110906 0.381437 0.063281 0.070156
1 0.222078 0.352086 0.045312 0.069891
0 0.268906 0.383594 0.063437 0.121562
1 0.399078 0.309492 0.040063 0.062016
0 0.391203 0.436625 0.031594 0.139687
0 0.081359 0.484703 0.019219 0.061719
0 0.303906 0.326805 0.053437 0.101703
0 0.165539 0.516445 0.055484 0.131484
1 0.263078 0.239344 0.031875 0.054219
0 0.474781 0.256484 0.019500 0.081406
1 0.473336 0.183633 0.031578 0.034828
1 0.564281 0.330125 0.034844 0.039687
0 0.637305 0.336273 0.050016 0.055891
1 0.643141 0.266695 0.035937 0.053797
0 0.829094 0.617727 0.094000 0.077984
0 0.560023 0.685148 0.076141 0.083609
1 0.502461 0.582859 0.058297 0.065469
1 0.784102 0.554953 0.060734 0.070094
2 0.495094 0.665680 0.128875 0.230109
2 0.814781 0.603391 0.123187 0.170406
2 0.468602 0.225750 0.040641 0.119437
2 0.577898 0.358828 0.062984 0.097844
2 0.410000 0.384602 0.069156 0.211359
2 0.240477 0.451578 0.120641 0.269344
2 0.132430 0.474000 0.122078 0.254437
2 0.015898 0.381609 0.031797 0.137562
2 0.262664 0.306102 0.082859 0.187484
