2 0.622258 0.839195 0.153766 0.321609
1 0.021844 0.241469 0.038687 0.047656
1 0.014391 0.204680 0.028781 0.039984
0 0.069664 0.225523 0.057484 0.050547
0 0.070156 0.306633 0.026750 0.058922
0 0.004055 0.346687 0.008109 0.078875
2 0.027930 0.229031 0.055859 0.089875
2 0.041734 0.309109 0.083469 0.183156
0 0.148859 0.537680 0.027188 0.121516
1 0.220977 0.514320 0.059141 0.099422
1 0.169461 0.400633 0.052047 0.078734
1 0.195852 0.337062 0.036266 0.045625
0 0.213312 0.407688 0.034906 0.048438
0 0.235063 0.413859 0.016719 0.040156
0 0.191438 0.730570 0.061344 0.212891
0 0.302828 0.675555 0.027125 0.200516
0 0.534305 0.755773 0.046516 0.096047
1 0.523188 0.602375 0.054812 0.074375
1 0.642336 0.730023 0.065297 0.102453
0 0.555961 0.838117 0.020453 0.054234
0 0.672883 0.924031 0.049516 0.126000
0 0.822250 0.633484 0.094375 0.099906
0 0.840898 0.644727 0.095391 0.103359
1 0.840055 0.568695 0.054016 0.077922
0 0.553172 0.423766 0.064531 0.056250
0 0.655625 0.320031 0.040531 0.060219
0 0.672141 0.315766 0.039687 0.051875
1 0.665836 0.252672 0.029859 0.046406
1 0.588844 0.356922 0.030625 0.046875
2 0.583125 0.392852 0.042094 0.119266
2 0.663852 0.319250 0.057047 0.179031
2 0.496695 0.684336 0.118984 0.237484
2 0.832000 0.613625 0.114312 0.167000
2 0.237945 0.633391 0.157359 0.334156
2 0.204117 0.381148 0.054047 0.133297
2 0.185133 0.479883 0.097609 0.237234
