2 0.092500 0.292383 0.052812 0.187391
0 0.982070 0.582391 0.035859 0.029500
2 0.318633 0.246258 0.060516 0.156672
1 0.341539 0.187375 0.008141 0.038906
0 0.299437 0.278438 0.022125 0.092969
2 0.665273 0.240039 0.043547 0.109172
1 0.081031 0.228711 0.032719 0.059953
2 0.364773 0.373859 0.069578 0.177531
2 0.593203 0.275484 0.063094 0.165594
2 0.650789 0.197117 0.036984 0.063953
1 0.372844 0.317914 0.043219 0.066359
0 0.364953 0.392953 0.069125 0.087719
0 0.398180 0.388117 0.020078 0.050266
0 0.573344 0.319383 0.022906 0.112453
1 0.607547 0.219438 0.028750 0.053437
1 0.658977 0.182484 0.020797 0.034062
1 0.675102 0.207578 0.023859 0.044031
0 0.658141 0.293656 0.021719 0.099875
0 0.965367 0.555570 0.039859 0.104672
1 0.996266 0.484289 0.007469 0.042109
2 0.981836 0.531141 0.036328 0.135844
