0 0.698547 0.314813 0.032969 0.108156
2 0.518836 0.318063 0.068203 0.192406
2 0.616687 0.354641 0.077438 0.198531
1 0.332266 0.677281 0.060562 0.085656
0 0.430867 0.793258 0.151859 0.085672
2 0.351258 0.735359 0.136328 0.201156
0 0.497063 0.335594 0.024062 0.047906
2 0.676883 0.248078 0.058297 0.129375
0 0.688203 0.280656 0.021094 0.022187
1 0.513695 0.249156 0.029391 0.052500
2 0.716773 0.270516 0.048328 0.159594
1 0.711562 0.212938 0.033438 0.046094
1 0.682188 0.204813 0.030313 0.041406
0 0.662516 0.261969 0.029312 0.053875
0 0.605641 0.356070 0.054938 0.087859
0 0.647336 0.410641 0.016828 0.119094
1 0.623070 0.286469 0.034922 0.061656
