0 0.600633 0.326375 0.042609 0.047687
0 0.554125 0.317570 0.037250 0.041922
1 0.586828 0.273266 0.024688 0.047969
0 0.691234 0.322172 0.046844 0.089750
1 0.693328 0.242977 0.030812 0.046547
1 0.381203 0.663758 0.076687 0.074703
0 0.447805 0.725641 0.062984 0.133906
0 0.437820 0.686813 0.042703 0.055219
0 0.918508 0.494688 0.081641 0.088125
0 0.823141 0.509547 0.039500 0.141500
1 0.892055 0.406586 0.051516 0.070141
2 0.881047 0.475719 0.154875 0.209813
2 0.691672 0.297500 0.047875 0.155531
2 0.591773 0.300820 0.061016 0.103578
2 0.561031 0.391789 0.060562 0.107328
2 0.352070 0.337477 0.109547 0.177234
2 0.031438 0.369477 0.062875 0.135859
0 0.199172 0.349594 0.028437 0.025469
2 0.172289 0.338633 0.066391 0.115859
1 0.352961 0.264398 0.030734 0.043828
2 0.413945 0.720727 0.142578 0.188234
2 0.330187 0.325078 0.076750 0.165625
1 0.158578 0.303328 0.038750 0.045938
0 0.203031 0.360758 0.074844 0.052016
0 0.043273 0.369531 0.039203 0.110000
0 0.314727 0.346703 0.034172 0.086906
0 0.389172 0.348687 0.035469 0.057344
1 0.362867 0.273789 0.025484 0.049047
0 0.535250 0.417016 0.052031 0.058156
1 0.577805 0.357844 0.027359 0.040156
