0 0.567437 0.316047 0.036406 0.055000
2 0.583555 0.305633 0.069922 0.147766
2 0.852688 0.348078 0.110437 0.175187
1 0.886977 0.289125 0.042203 0.056875
0 0.883180 0.347711 0.021422 0.064578
0 0.816664 0.372961 0.039859 0.131672
2 0.733742 0.292555 0.068141 0.182609
2 0.636883 0.294445 0.064891 0.118672
0 0.628109 0.313555 0.047719 0.069453
0 0.705625 0.334773 0.033750 0.101078
1 0.742086 0.226406 0.037047 0.049844
1 0.653891 0.259203 0.029250 0.048312
1 0.587531 0.259766 0.028406 0.057313
0 0.601469 0.324125 0.033250 0.052687
2 0.326977 0.278766 0.059266 0.166219
0 0.344602 0.315875 0.024922 0.092625
1 0.316375 0.221828 0.037375 0.053719
