0 0.315102 0.312023 0.065172 0.065891
2 0.202617 0.549172 0.102328 0.273531
2 0.268305 0.623266 0.125016 0.300063
2 0.415219 0.724758 0.153000 0.179547
2 0.303773 0.299242 0.048078 0.149109
2 0.422773 0.351477 0.063734 0.160828
2 0.635883 0.295383 0.077703 0.157047
1 0.625461 0.240797 0.028922 0.046562
0 0.663578 0.322594 0.020719 0.095594
2 0.533414 0.371867 0.065328 0.121578
2 0.561320 0.296867 0.078422 0.099953
0 0.536617 0.319172 0.027672 0.055625
0 0.583148 0.318000 0.034797 0.050469
1 0.566312 0.273094 0.028281 0.051250
1 0.551758 0.330687 0.028453 0.039688
0 0.514914 0.380687 0.028641 0.039469
0 0.455031 0.385219 0.050719 0.079250
1 0.411617 0.296563 0.039703 0.050313
1 0.301648 0.250906 0.031891 0.052656
0 0.328516 0.308375 0.022187 0.025937
2 0.236187 0.407484 0.073719 0.145031
1 0.227359 0.360078 0.034375 0.049687
0 0.263930 0.432062 0.020422 0.061281
0 0.241102 0.445977 0.079141 0.068266
0 0.449109 0.752656 0.061594 0.123438
0 0.429602 0.681906 0.044641 0.031094
1 0.373844 0.674727 0.070937 0.079891
0 0.306969 0.678258 0.047875 0.107797
0 0.264727 0.525008 0.145828 0.104328
1 0.271133 0.524180 0.063734 0.101578
1 0.183742 0.450781 0.064422 0.076563
