2 0.843055 0.335617 0.093984 0.189703
2 0.681680 0.329219 0.071359 0.160688
2 0.664773 0.246156 0.038609 0.120406
2 0.366211 0.394602 0.073672 0.226734
1 0.370453 0.315875 0.038656 0.068844
0 0.367477 0.393180 0.075016 0.085078
2 0.084547 0.286781 0.059719 0.181719
0 0.107258 0.337563 0.014609 0.086875
0 0.063602 0.309727 0.016797 0.090859
1 0.082453 0.227328 0.030344 0.060625
1 0.670789 0.207023 0.025703 0.041578
1 0.658969 0.182461 0.021906 0.036391
2 0.647563 0.202586 0.044812 0.076359
0 0.654414 0.273797 0.017984 0.064719
1 0.694180 0.275828 0.046703 0.053781
0 0.683273 0.347742 0.059984 0.057016
0 0.863172 0.394367 0.050719 0.125453
0 0.796312 0.372414 0.028156 0.084391
1 0.866125 0.270867 0.045562 0.059422
