0 0.570156 0.337211 0.010844 0.066453
2 0.681953 0.217109 0.032937 0.122438
1 0.677289 0.175344 0.022047 0.038281
0 0.660516 0.259797 0.011250 0.034844
0 0.688047 0.244484 0.020156 0.087688
2 0.922586 0.300063 0.076734 0.191906
1 0.927977 0.232313 0.040484 0.056875
0 0.891672 0.329031 0.028156 0.074219
0 0.938336 0.346930 0.044078 0.132516
2 0.699172 0.443531 0.097812 0.258938
0 0.736383 0.522195 0.038641 0.173422
1 0.686977 0.351320 0.049359 0.075391
2 0.547820 0.313664 0.055953 0.174859
0 0.530516 0.347289 0.021000 0.120109
1 0.557641 0.252273 0.030156 0.051078
