0 0.375258 0.493422 0.020578 0.088594
2 0.347852 0.486062 0.095359 0.136500
1 0.742508 0.664562 0.065266 0.087094
0 0.337656 0.507883 0.073500 0.081016
0 0.299055 0.640758 0.048766 0.071141
0 0.407383 0.739039 0.056172 0.032672
1 0.343141 0.448062 0.040812 0.060219
1 0.261195 0.643812 0.064703 0.077844
1 0.343750 0.679992 0.064031 0.091953
0 0.703594 0.713000 0.072187 0.118438
0 0.665641 0.710750 0.020844 0.038969
2 0.304391 0.673477 0.150812 0.140703
2 0.355695 0.736047 0.122828 0.206781
2 0.735852 0.696852 0.137797 0.156547
2 0.710109 0.457367 0.078969 0.171516
0 0.673664 0.465609 0.023672 0.053469
0 0.407633 0.795109 0.082891 0.087187
0 0.726906 0.497102 0.050187 0.116922
1 0.689328 0.408094 0.037281 0.068250
