2 0.234906 0.403406 0.073500 0.121312
1 0.410086 0.306391 0.038453 0.042188
0 0.420414 0.371930 0.048734 0.057703
0 0.403977 0.595422 0.027016 0.145406
2 0.402023 0.352102 0.053797 0.134859
0 0.435125 0.360156 0.031875 0.020313
0 0.282773 0.603406 0.038328 0.141313
2 0.476906 0.390281 0.048187 0.117875
1 0.486109 0.328688 0.048187 0.058062
2 0.490453 0.391391 0.074375 0.183781
1 0.547594 0.335344 0.029844 0.044625
0 0.542352 0.356742 0.042984 0.088078
0 0.385445 0.238758 0.046766 0.050297
1 0.392367 0.197078 0.011734 0.032000
2 0.385383 0.228281 0.046891 0.094469
1 0.158211 0.353437 0.059391 0.080937
2 0.071953 0.431461 0.082812 0.227391
0 0.061953 0.463227 0.059844 0.077422
1 0.067406 0.352695 0.050844 0.071172
1 0.120828 0.407125 0.058562 0.075125
2 0.341031 0.535984 0.155687 0.275219
1 0.334242 0.443438 0.054016 0.088125
0 0.251734 0.438539 0.041187 0.050547
0 0.263883 0.431898 0.050578 0.086516
2 0.156484 0.504469 0.128906 0.269188
0 0.208719 0.508844 0.036000 0.115844
1 0.218984 0.370516 0.042031 0.054031
0 0.184633 0.441406 0.038641 0.042750
2 0.187031 0.436383 0.118937 0.245359
