1 0.336570 0.494117 0.069172 0.097172
2 0.548570 0.761625 0.172547 0.307063
2 0.335156 0.587055 0.101562 0.284109
2 0.448828 0.239953 0.056062 0.099781
2 0.205500 0.380266 0.089125 0.128469
2 0.490156 0.366273 0.087125 0.230203
0 0.386164 0.613211 0.073828 0.097953
0 0.393547 0.586164 0.057656 0.036391
0 0.513547 0.423039 0.040219 0.167078
0 0.242242 0.380352 0.028328 0.062422
0 0.203203 0.409469 0.082031 0.069500
0 0.454680 0.412305 0.028766 0.136891
0 0.453836 0.269844 0.042828 0.039688
0 0.431023 0.253203 0.021266 0.042344
1 0.580359 0.655305 0.066312 0.091766
0 0.490102 0.800078 0.055391 0.136094
1 0.204750 0.343281 0.035813 0.054781
1 0.452914 0.211031 0.027203 0.040625
1 0.486562 0.287141 0.048031 0.071781
