1 0.848344 0.542102 0.058219 0.068578
0 0.054039 0.401594 0.050141 0.099312
0 0.290734 0.401469 0.015094 0.063344
0 0.349305 0.418711 0.041141 0.113984
0 0.435180 0.370352 0.038453 0.134297
0 0.554852 0.387172 0.015703 0.018406
0 0.536320 0.415969 0.055078 0.055375
1 0.580633 0.352094 0.032141 0.045750
0 0.634422 0.323922 0.035031 0.059312
1 0.646359 0.253727 0.032906 0.040578
2 0.641547 0.308578 0.048937 0.150344
2 0.565648 0.386320 0.061578 0.114609
0 0.492227 0.235289 0.038641 0.044266
1 0.492891 0.190695 0.030438 0.038516
2 0.492172 0.231047 0.039906 0.119187
1 0.422492 0.250508 0.032609 0.056734
1 0.348680 0.269180 0.031672 0.044172
1 0.318953 0.308773 0.043063 0.056172
0 0.359031 0.328359 0.035969 0.056813
1 0.368531 0.271500 0.012219 0.044937
2 0.365656 0.291750 0.023656 0.086375
2 0.352859 0.303836 0.048781 0.113578
2 0.327320 0.384859 0.086578 0.206531
2 0.419562 0.325227 0.057062 0.205484
1 0.506945 0.585016 0.047984 0.084875
0 0.549039 0.646000 0.044672 0.031875
0 0.556117 0.685836 0.088516 0.097109
2 0.835000 0.591562 0.097813 0.166875
0 0.836172 0.641969 0.049844 0.065437
0 0.799406 0.619531 0.026250 0.037719
2 0.500320 0.667547 0.118922 0.250500
1 0.003109 0.306281 0.006219 0.033875
2 0.039922 0.386328 0.079844 0.193281
