2 0.842266 0.659969 0.132656 0.176625
1 0.285445 0.696664 0.090328 0.081797
0 0.265234 0.792094 0.098313 0.092969
1 0.843031 0.617023 0.062281 0.088828
0 0.916117 0.723320 0.068609 0.132328
0 0.788852 0.641406 0.051734 0.082469
1 0.519273 0.312250 0.041891 0.052656
0 0.481211 0.378773 0.025734 0.080328
0 0.548125 0.415141 0.020437 0.129656
1 0.595844 0.219492 0.031250 0.040891
0 0.594125 0.281062 0.034375 0.060156
0 0.610758 0.273953 0.022672 0.041562
2 0.301898 0.747164 0.121953 0.181609
2 0.512859 0.372117 0.088875 0.172141
2 0.599766 0.255430 0.045156 0.112422
