0 0.641797 0.267391 0.006719 0.079219
0 0.857242 0.530953 0.024266 0.088312
2 0.809648 0.510258 0.120547 0.247016
2 0.583688 0.266016 0.057563 0.139625
2 0.469258 0.237086 0.066172 0.171828
0 0.679453 0.336648 0.014219 0.028609
0 0.712930 0.336148 0.056641 0.065203
0 0.592078 0.309922 0.019688 0.085781
0 0.492188 0.283438 0.020000 0.106250
0 0.181938 0.725688 0.067969 0.135500
0 0.322016 0.697172 0.027438 0.081219
0 0.745578 0.560328 0.081875 0.123313
1 0.284797 0.589562 0.062375 0.071813
1 0.185531 0.580008 0.057438 0.066891
1 0.814578 0.424234 0.059875 0.075531
1 0.819500 0.346969 0.049062 0.075781
1 0.712523 0.273234 0.037203 0.051031
1 0.627258 0.188906 0.027984 0.048594
1 0.595250 0.216227 0.033156 0.040703
1 0.476062 0.175984 0.027344 0.049063
0 0.061328 0.235297 0.020469 0.109719
1 0.081133 0.147695 0.018609 0.051016
2 0.078227 0.205273 0.054734 0.166828
2 0.176211 0.641547 0.077172 0.190937
2 0.279359 0.659664 0.113875 0.213672
0 0.606891 0.284273 0.008688 0.059641
2 0.623578 0.229852 0.043750 0.132484
2 0.706844 0.308109 0.068562 0.121344
2 0.801742 0.404359 0.098516 0.189719
