2 0.911563 0.289883 0.073312 0.154578
1 0.918117 0.239836 0.037141 0.052484
1 0.973953 0.305438 0.052094 0.080219
1 0.701406 0.217430 0.032437 0.046234
1 0.396570 0.396367 0.057672 0.081641
0 0.926352 0.319773 0.045359 0.084766
0 0.875547 0.326898 0.026250 0.103516
0 0.927930 0.455516 0.022984 0.054688
0 0.961523 0.462469 0.076953 0.174781
0 0.701633 0.303414 0.040703 0.108453
0 0.401172 0.573086 0.048906 0.198859
2 0.959812 0.388398 0.080375 0.248578
2 0.382953 0.483117 0.092250 0.257078
2 0.694258 0.268477 0.050953 0.150047
