2 0.296141 0.245719 0.029156 0.150781
1 0.300641 0.196172 0.011406 0.051406
0 0.885625 0.401734 0.038500 0.089344
2 0.802281 0.446852 0.099469 0.143172
0 0.797148 0.471336 0.090516 0.096078
1 0.826422 0.410734 0.050375 0.070719
0 0.078789 0.271734 0.051359 0.062156
2 0.075852 0.241594 0.061891 0.163375
1 0.067133 0.184984 0.037828 0.049687
2 0.975773 0.544617 0.048453 0.139453
0 0.944227 0.572445 0.049016 0.069797
0 0.963953 0.585984 0.072094 0.056375
1 0.649938 0.187656 0.023313 0.030000
2 0.645984 0.224555 0.036437 0.103703
2 0.869820 0.285883 0.080234 0.143234
0 0.638484 0.275719 0.018688 0.094813
1 0.981125 0.505148 0.037750 0.059953
1 0.891867 0.244070 0.035766 0.059359
0 0.841328 0.313648 0.023813 0.087703
2 0.890641 0.360703 0.110625 0.151094
1 0.921969 0.314398 0.048000 0.057453
