0 0.657406 0.383375 0.010156 0.051094
0 0.732055 0.401883 0.078422 0.045922
1 0.553516 0.271328 0.025656 0.042594
1 0.523797 0.180336 0.023438 0.046422
0 0.513875 0.244797 0.014375 0.020000
0 0.547555 0.241734 0.030172 0.072688
1 0.551789 0.329313 0.030797 0.043125
0 0.528813 0.319914 0.029656 0.050172
0 0.558250 0.308273 0.041406 0.055016
0 0.521055 0.382773 0.042672 0.056641
0 0.252555 0.443109 0.078922 0.064094
0 0.179430 0.366703 0.037047 0.048594
1 0.209273 0.363891 0.045172 0.048906
1 0.159352 0.299437 0.036578 0.042813
2 0.225188 0.407156 0.077687 0.136000
0 0.808984 0.473523 0.058844 0.084766
1 0.880258 0.401891 0.052266 0.068344
0 0.445195 0.740016 0.046953 0.073656
1 0.377648 0.662945 0.071453 0.078141
2 0.404133 0.714320 0.127953 0.179172
2 0.537414 0.217687 0.050609 0.120875
2 0.551289 0.303344 0.074797 0.106125
2 0.544992 0.367891 0.064984 0.120406
2 0.847281 0.469969 0.134188 0.204344
2 0.682523 0.379773 0.060359 0.179797
2 0.169758 0.334844 0.057609 0.113250
0 0.858008 0.473492 0.112328 0.066766
1 0.689141 0.315203 0.047813 0.050625
