2 0.130516 0.456312 0.136000 0.239562
2 0.022375 0.351977 0.044750 0.135266
0 0.401156 0.423023 0.046781 0.130516
1 0.567070 0.336438 0.032359 0.027813
0 0.677273 0.327406 0.028609 0.064062
0 0.623914 0.323430 0.033109 0.035016
1 0.647219 0.267945 0.032187 0.059109
0 0.561102 0.684977 0.079578 0.077922
0 0.838703 0.639289 0.113719 0.076422
0 0.803180 0.609500 0.045578 0.056406
1 0.832031 0.549375 0.069406 0.075937
0 0.026469 0.357555 0.037250 0.124578
1 0.100984 0.371508 0.053062 0.070422
1 0.272852 0.335773 0.044922 0.065047
1 0.360758 0.303180 0.042828 0.059016
1 0.261727 0.220328 0.030797 0.052031
0 0.549578 0.635750 0.060781 0.028906
1 0.500273 0.582234 0.061734 0.064625
0 0.317156 0.398523 0.046437 0.060453
0 0.243922 0.449000 0.023563 0.073562
0 0.173836 0.502086 0.047641 0.115203
0 0.080445 0.489063 0.036609 0.074281
0 0.297000 0.292836 0.061875 0.058391
0 0.485492 0.261992 0.018641 0.077891
1 0.473156 0.183797 0.030625 0.032813
2 0.493344 0.671109 0.123156 0.242656
2 0.651523 0.308609 0.058703 0.139125
2 0.475594 0.233977 0.039719 0.132984
2 0.362523 0.378844 0.081547 0.210125
0 0.609781 0.409797 0.014875 0.044344
2 0.583977 0.377578 0.067484 0.110156
2 0.837992 0.594164 0.115203 0.166391
2 0.256969 0.285641 0.062844 0.182469
2 0.286320 0.429070 0.109078 0.251234
