2 0.565781 0.261625 0.041656 0.150688
1 0.257672 0.595781 0.063000 0.080094
1 0.576945 0.223492 0.029766 0.052703
1 0.806008 0.253531 0.038016 0.060250
1 0.982031 0.461313 0.035937 0.097594
0 0.820234 0.353875 0.044844 0.111031
0 0.764391 0.348703 0.018031 0.106781
0 0.977344 0.618359 0.045312 0.113969
1 0.537094 0.396641 0.031250 0.056156
0 0.567070 0.453961 0.028922 0.087141
0 0.520250 0.505859 0.053938 0.127969
0 0.313398 0.690391 0.040328 0.033906
2 0.537141 0.451141 0.090094 0.166875
2 0.282125 0.666805 0.134219 0.223828
0 0.599656 0.273258 0.028188 0.055703
0 0.580313 0.285453 0.054375 0.063469
2 0.802625 0.302187 0.079312 0.159687
0 0.307266 0.724133 0.083594 0.089641
2 0.969828 0.578047 0.060344 0.333594
2 0.583227 0.274500 0.061984 0.154875
1 0.570758 0.211789 0.029734 0.049203
