0 0.523219 0.390680 0.062500 0.042391
2 0.042688 0.380273 0.085375 0.208703
1 0.478758 0.399617 0.039953 0.063297
0 0.533687 0.371906 0.021562 0.011406
1 0.554297 0.335031 0.032344 0.046875
1 0.637234 0.373625 0.056625 0.062438
0 0.631094 0.960875 0.074625 0.078250
0 0.610461 0.911953 0.046109 0.045375
1 0.562937 0.872172 0.082625 0.114719
2 0.170867 0.329680 0.057609 0.106078
2 0.225070 0.399102 0.086516 0.129297
2 0.146914 0.447570 0.109734 0.232984
2 0.471672 0.473359 0.107406 0.211094
2 0.550078 0.372758 0.061156 0.121641
2 0.642578 0.437945 0.067625 0.190984
2 0.478297 0.208250 0.057031 0.115937
1 0.477617 0.171906 0.020922 0.042938
0 0.469172 0.219258 0.038281 0.044609
0 0.496516 0.214219 0.019531 0.047969
0 0.660367 0.490344 0.031359 0.113063
0 0.591320 0.429930 0.054547 0.051391
0 0.541586 0.505398 0.052453 0.070453
0 0.434914 0.502469 0.032516 0.064344
2 0.583891 0.907641 0.175938 0.184719
1 0.206648 0.362500 0.040016 0.056094
0 0.178914 0.358805 0.041422 0.046828
1 0.163016 0.298875 0.032000 0.044125
1 0.013352 0.306719 0.026703 0.061094
0 0.051969 0.375305 0.068062 0.085641
1 0.124102 0.365430 0.049547 0.068516
0 0.111336 0.501203 0.037609 0.105719
0 0.221039 0.428695 0.078672 0.069859
0 0.265734 0.438602 0.038875 0.113422
