2 0.667531 0.175555 0.032750 0.079984
0 0.318508 0.613867 0.058266 0.077766
2 0.362422 0.655828 0.155031 0.220062
2 0.519781 0.452727 0.066125 0.144016
2 0.957242 0.387648 0.085516 0.239672
1 0.664234 0.150859 0.024062 0.029062
0 0.646031 0.169992 0.033594 0.014859
0 0.661422 0.195547 0.032500 0.038281
0 0.533844 0.495883 0.075937 0.111953
0 0.559258 0.451398 0.030484 0.030953
0 0.931211 0.406687 0.033047 0.091688
1 0.980547 0.303820 0.038906 0.072391
1 0.416125 0.587406 0.044281 0.079531
1 0.533992 0.407250 0.035641 0.053281
0 0.462023 0.665031 0.112859 0.070937
