0 0.398016 0.367898 0.026594 0.065516
0 0.289531 0.277898 0.020938 0.095672
2 0.302875 0.250195 0.046906 0.150391
1 0.161836 0.303437 0.033766 0.044687
2 0.176000 0.332586 0.061875 0.102953
2 0.487438 0.659141 0.118687 0.241906
1 0.478883 0.578859 0.067422 0.080344
0 0.531813 0.615156 0.042969 0.048594
0 0.541336 0.663352 0.062672 0.100453
2 0.867117 0.474336 0.154609 0.207297
1 0.875805 0.404102 0.051672 0.066328
0 0.902531 0.492281 0.084875 0.092812
0 0.814148 0.499516 0.048672 0.154937
2 0.642961 0.296008 0.053484 0.156141
2 0.550328 0.292297 0.064969 0.111469
2 0.524938 0.358094 0.061219 0.086594
0 0.194336 0.360547 0.067828 0.046406
2 0.356234 0.348547 0.109844 0.191344
2 0.324531 0.323445 0.073469 0.148297
1 0.348500 0.269242 0.025188 0.040422
2 0.023203 0.379570 0.046406 0.126609
0 0.025578 0.376852 0.040156 0.114422
0 0.512305 0.379086 0.034891 0.044828
0 0.529109 0.317469 0.031906 0.054438
0 0.549906 0.321406 0.064188 0.053125
1 0.556094 0.262258 0.027500 0.048922
1 0.633500 0.241828 0.026875 0.047500
0 0.646312 0.306961 0.046250 0.068484
1 0.542672 0.333578 0.025938 0.037500
1 0.311117 0.199781 0.028766 0.050625
1 0.361117 0.282734 0.036328 0.057125
0 0.322773 0.375031 0.043047 0.097750
