1 0.012477 0.272344 0.024953 0.055156
2 0.232031 0.544883 0.105312 0.267328
2 0.552258 0.381016 0.056047 0.120781
2 0.207930 0.369352 0.068422 0.111953
2 0.623898 0.263008 0.052797 0.126234
1 0.624516 0.221844 0.029687 0.044844
0 0.637328 0.275961 0.024375 0.055578
0 0.531789 0.379547 0.033453 0.018750
1 0.550930 0.344703 0.028297 0.047812
0 0.529914 0.401727 0.061266 0.060297
2 0.841641 0.609664 0.107156 0.171297
1 0.863609 0.556492 0.060781 0.063953
0 0.859719 0.633492 0.064844 0.122797
0 0.812945 0.606422 0.050891 0.091469
2 0.512211 0.679156 0.147734 0.230500
0 0.453539 0.662187 0.095297 0.076875
0 0.566578 0.662883 0.037750 0.114547
1 0.541508 0.604203 0.047641 0.081250
0 0.202312 0.635523 0.038750 0.178078
1 0.208547 0.452531 0.057375 0.083594
0 0.247102 0.393062 0.073578 0.188875
0 0.219961 0.403891 0.044078 0.042344
1 0.193086 0.334172 0.038297 0.040625
2 0.036328 0.355625 0.072656 0.220656
2 0.029969 0.259344 0.059937 0.151406
0 0.065969 0.226031 0.062344 0.049406
1 0.013492 0.208687 0.026984 0.049062
