1 0.274930 0.588477 0.050297 0.078141
2 0.643234 0.242945 0.065781 0.151328
2 0.634797 0.573469 0.112906 0.177562
2 0.933625 0.501195 0.101438 0.151047
2 0.874219 0.328711 0.129688 0.149141
2 0.178875 0.645531 0.087344 0.191437
2 0.273859 0.655453 0.112875 0.211906
0 0.182555 0.721148 0.069891 0.144578
0 0.640156 0.259336 0.044344 0.071734
0 0.656445 0.242586 0.039453 0.054172
0 0.918180 0.305023 0.041016 0.041203
0 0.899320 0.524289 0.033234 0.100203
0 0.942891 0.538125 0.081813 0.077188
0 0.829688 0.350078 0.040625 0.125469
1 0.952977 0.456148 0.036609 0.061922
1 0.648648 0.194125 0.029234 0.054062
1 0.906141 0.281531 0.042500 0.054219
1 0.652187 0.514750 0.056187 0.059250
1 0.192086 0.585609 0.060234 0.071281
0 0.315531 0.700969 0.027375 0.121000
0 0.603281 0.624281 0.048125 0.076687
