0 0.629797 0.275766 0.017031 0.065469
1 0.713086 0.368016 0.059922 0.079219
1 0.656102 0.221969 0.032828 0.050000
1 0.723375 0.206656 0.027969 0.039688
1 0.981695 0.645820 0.036609 0.143609
0 0.910016 0.764906 0.074062 0.237937
0 0.744281 0.512570 0.063656 0.179109
0 0.592867 0.284531 0.047078 0.062562
2 0.658242 0.279375 0.054766 0.167813
2 0.725242 0.248633 0.067797 0.126016
2 0.599672 0.265711 0.064406 0.156266
2 0.939906 0.729117 0.120187 0.312266
2 0.728672 0.432852 0.093906 0.209766
0 0.640922 0.323602 0.023719 0.116328
0 0.697297 0.267430 0.010781 0.048266
0 0.752688 0.263906 0.011875 0.046875
1 0.601477 0.212906 0.030797 0.049063
