0 0.555094 0.271469 0.019688 0.033438
2 0.403219 0.367641 0.073875 0.129281
2 0.814578 0.627547 0.131813 0.169906
2 0.516578 0.660219 0.097562 0.202375
2 0.118383 0.433328 0.122828 0.218969
0 0.766945 0.640391 0.061047 0.116406
0 0.808000 0.662055 0.143219 0.101203
0 0.606219 0.692883 0.136250 0.061953
0 0.579609 0.640062 0.066563 0.030312
2 0.581016 0.274125 0.044531 0.146437
0 0.591164 0.292281 0.024859 0.081156
1 0.572617 0.225992 0.028016 0.049891
1 0.830383 0.576680 0.066734 0.067578
0 0.402477 0.386188 0.057109 0.054188
0 0.430219 0.374398 0.019062 0.054016
1 0.406789 0.328813 0.030547 0.050687
0 0.089977 0.488719 0.066828 0.148812
1 0.111250 0.359578 0.051094 0.072094
1 0.539508 0.600023 0.051828 0.078234
2 0.334461 0.931813 0.161266 0.136375
1 0.304500 0.932188 0.094094 0.135625
0 0.165867 0.444156 0.028297 0.091344
