0 0.566961 0.643563 0.070766 0.037063
1 0.638398 0.734828 0.064547 0.095938
0 0.677258 0.845063 0.103953 0.141750
0 0.821562 0.631719 0.087344 0.114250
1 0.863047 0.567352 0.061313 0.067734
2 0.835531 0.613531 0.115594 0.161375
2 0.496539 0.676758 0.116922 0.238828
1 0.646125 0.277844 0.031750 0.047187
2 0.639516 0.320953 0.051500 0.133094
1 0.737219 0.271828 0.028688 0.049313
2 0.732336 0.325555 0.070828 0.157922
2 0.204594 0.378711 0.044813 0.124016
2 0.073156 0.383695 0.088938 0.205734
2 0.022273 0.340898 0.044547 0.130984
2 0.032898 0.246477 0.065797 0.145484
0 0.245078 0.404781 0.036875 0.016094
2 0.640672 0.843703 0.177906 0.312594
0 0.558836 0.837938 0.012422 0.059313
0 0.842117 0.638477 0.086391 0.111797
0 0.018992 0.322562 0.037984 0.066594
1 0.205047 0.339992 0.043813 0.046234
1 0.026055 0.198937 0.027672 0.049531
0 0.074906 0.230906 0.050062 0.061031
1 0.050953 0.316023 0.043781 0.071078
0 0.088047 0.424219 0.043062 0.098563
0 0.224055 0.410758 0.063047 0.056797
0 0.715812 0.342945 0.029625 0.064547
0 0.742297 0.336945 0.051063 0.068984
0 0.660211 0.377187 0.009641 0.073437
0 0.622273 0.378820 0.032172 0.109203
1 0.504180 0.593242 0.077984 0.073453
0 0.589758 0.695070 0.123359 0.043797
