0 0.329242 0.524852 0.042359 0.166828
0 0.046414 0.430719 0.038641 0.099187
2 0.036641 0.427367 0.073281 0.249953
2 0.853828 0.645586 0.116719 0.195078
2 0.205594 0.377586 0.079000 0.127484
2 0.322852 0.441570 0.067297 0.235359
2 0.621258 0.259188 0.053047 0.111937
1 0.620039 0.226469 0.036734 0.045469
0 0.638180 0.288625 0.019359 0.052438
0 0.799961 0.632711 0.055859 0.097203
0 0.935297 0.710672 0.081813 0.143031
2 0.474953 0.678992 0.106969 0.243891
2 0.725195 0.910484 0.163047 0.179031
1 0.755586 0.896211 0.098203 0.148828
1 0.859352 0.585180 0.063578 0.074484
0 0.491539 0.752945 0.074516 0.137703
0 0.530078 0.659875 0.067187 0.038594
1 0.474367 0.594914 0.077266 0.073703
0 0.238461 0.414984 0.057047 0.047500
1 0.330883 0.361711 0.051234 0.074203
1 0.199234 0.333922 0.042187 0.040000
1 0.007086 0.330883 0.014172 0.055734
