0 0.564344 0.597828 0.061219 0.100594
1 0.187836 0.581008 0.060484 0.075797
0 0.461945 0.229484 0.038578 0.060937
2 0.464438 0.200898 0.043969 0.153203
2 0.847000 0.329188 0.118406 0.160062
2 0.175437 0.640461 0.084375 0.194391
1 0.278477 0.591734 0.052828 0.080906
0 0.317008 0.694383 0.027141 0.115922
0 0.180289 0.723711 0.072641 0.138203
2 0.274937 0.653719 0.112062 0.207875
0 0.661953 0.545922 0.022781 0.064187
2 0.612586 0.545922 0.121922 0.205125
2 0.765484 0.733258 0.161906 0.315984
2 0.930586 0.505664 0.089609 0.153984
0 0.899250 0.516633 0.026719 0.086453
0 0.936984 0.546984 0.076031 0.071344
0 0.691547 0.775258 0.108750 0.232297
0 0.799344 0.838750 0.093531 0.250625
1 0.473844 0.148516 0.024688 0.047344
0 0.885516 0.294023 0.040500 0.039609
1 0.619750 0.476047 0.049781 0.065781
1 0.867383 0.275211 0.045797 0.051359
0 0.804961 0.364539 0.033578 0.134672
1 0.950117 0.455781 0.042203 0.053437
1 0.791750 0.628711 0.083906 0.106641
