1 0.204555 0.343320 0.036266 0.054359
2 0.201187 0.377906 0.081406 0.123937
1 0.594688 0.649531 0.064625 0.087812
0 0.338250 0.590445 0.041156 0.096891
1 0.276242 0.449195 0.073328 0.083734
0 0.511859 0.783039 0.057031 0.130641
2 0.562297 0.748180 0.157125 0.284797
2 0.298031 0.534734 0.125937 0.254656
0 0.694898 0.457430 0.078172 0.139359
0 0.674687 0.442266 0.036219 0.058906
0 0.240508 0.381281 0.026953 0.064906
1 0.720453 0.322914 0.046000 0.073484
0 0.201867 0.407523 0.080922 0.065891
2 0.709219 0.406438 0.069062 0.241094
1 0.452633 0.208687 0.024703 0.036562
0 0.455469 0.268297 0.044531 0.037969
0 0.432969 0.252203 0.019531 0.037344
2 0.450930 0.238883 0.055766 0.096922
