0 0.075672 0.263141 0.051531 0.072531
0 0.655078 0.254359 0.017969 0.020938
2 0.645289 0.222203 0.059203 0.085281
1 0.662133 0.193875 0.026109 0.028594
1 0.054820 0.189188 0.027484 0.051812
2 0.072781 0.252391 0.064781 0.179594
0 0.971398 0.551156 0.037266 0.109344
2 0.976164 0.551930 0.047672 0.111203
1 0.723266 0.683359 0.081969 0.117969
0 0.684359 0.822953 0.086844 0.179094
2 0.728102 0.772297 0.143484 0.296187
0 0.598141 0.424258 0.069125 0.065609
0 0.659805 0.470289 0.064391 0.090453
1 0.661750 0.382773 0.037969 0.057641
0 0.646563 0.322117 0.033969 0.079734
0 0.591195 0.322320 0.036422 0.119672
1 0.636094 0.233117 0.031562 0.057734
0 0.834625 0.261000 0.030375 0.046094
0 0.866867 0.330586 0.037859 0.102109
1 0.871500 0.238766 0.031875 0.043594
2 0.853695 0.272953 0.068328 0.112969
2 0.648898 0.423016 0.086266 0.137594
2 0.618195 0.283922 0.090453 0.160906
