1 0.822734 0.216297 0.012344 0.029781
0 0.945063 0.566023 0.051625 0.092984
1 0.964414 0.592531 0.071172 0.052719
0 0.645102 0.329422 0.036609 0.086469
0 0.755281 0.346656 0.042844 0.117938
0 0.808945 0.379164 0.048953 0.134422
2 0.977359 0.543547 0.045281 0.142031
2 0.639227 0.756141 0.120297 0.316781
2 0.656961 0.291227 0.059859 0.164422
2 0.783742 0.332250 0.099172 0.180500
2 0.650938 0.202078 0.049375 0.050844
0 0.645297 0.852367 0.090687 0.121828
1 0.806609 0.270727 0.040469 0.056359
1 0.662602 0.192922 0.025953 0.032188
1 0.662164 0.236414 0.037422 0.054609
1 0.620586 0.656414 0.082297 0.114359
1 0.985289 0.495719 0.029422 0.045562
2 0.828461 0.255961 0.025484 0.109641
0 0.832766 0.278039 0.015844 0.066797
