2 0.624125 0.279898 0.052344 0.156766
2 0.481883 0.188648 0.044797 0.148953
0 0.746063 0.364070 0.038719 0.069047
1 0.777062 0.284703 0.040062 0.044656
2 0.446984 0.203992 0.017594 0.141453
2 0.643461 0.197234 0.063172 0.119906
0 0.641398 0.311367 0.016516 0.071328
0 0.447984 0.231469 0.018125 0.013906
1 0.445242 0.156008 0.011328 0.044703
1 0.482969 0.135828 0.023281 0.043031
1 0.650797 0.160328 0.024062 0.046094
1 0.624219 0.223328 0.037063 0.042719
0 0.620242 0.317117 0.026922 0.082422
0 0.489375 0.223914 0.028844 0.102234
2 0.762680 0.330742 0.072359 0.137578
