1 0.693094 0.244188 0.029531 0.044375
2 0.320992 0.324500 0.056891 0.161187
2 0.351836 0.336422 0.107953 0.191844
2 0.023930 0.378391 0.047859 0.136844
2 0.172187 0.333633 0.062312 0.103359
1 0.339281 0.263859 0.020187 0.040000
1 0.361766 0.272484 0.030344 0.065031
2 0.423031 0.706508 0.119250 0.214484
2 0.551852 0.386617 0.059078 0.101703
2 0.691195 0.298906 0.050953 0.152625
2 0.550680 0.305781 0.073859 0.090969
1 0.545391 0.282469 0.024844 0.044531
0 0.526906 0.320391 0.025687 0.047656
0 0.547289 0.323906 0.059453 0.054688
1 0.401008 0.639273 0.071453 0.078609
0 0.471953 0.725867 0.081375 0.115453
0 0.462047 0.671633 0.056187 0.080922
2 0.881961 0.474625 0.157078 0.205813
1 0.890305 0.405234 0.050828 0.067687
0 0.824953 0.501344 0.041969 0.151156
0 0.917750 0.497906 0.085750 0.083375
0 0.693102 0.328594 0.039859 0.094344
0 0.537016 0.412609 0.029312 0.050437
1 0.568047 0.353219 0.026625 0.033937
0 0.206703 0.355047 0.083750 0.041156
0 0.390078 0.347445 0.030906 0.059266
0 0.316242 0.348008 0.037234 0.086172
1 0.159891 0.303078 0.037500 0.042188
0 0.036336 0.375219 0.046141 0.104250
