1 0.458625 0.212461 0.034219 0.051953
1 0.426281 0.231703 0.034219 0.039844
0 0.411734 0.284203 0.041437 0.059094
0 0.462875 0.304445 0.041219 0.091609
0 0.485898 0.304563 0.018359 0.089312
0 0.593828 0.341938 0.032781 0.118687
0 0.641437 0.318656 0.020656 0.064625
1 0.631406 0.252047 0.041594 0.058937
1 0.768789 0.322641 0.040797 0.073781
0 0.710258 0.447031 0.052609 0.159250
0 0.788687 0.453477 0.039375 0.156391
0 0.843422 0.339578 0.023438 0.059906
0 0.801047 0.360828 0.031000 0.128031
2 0.616812 0.298836 0.070812 0.154641
2 0.745711 0.395602 0.122984 0.221297
1 0.847945 0.267492 0.036891 0.059078
2 0.825937 0.326445 0.080781 0.177734
2 0.468172 0.268039 0.053688 0.163922
2 0.431797 0.257219 0.046125 0.091812
