2 0.465328 0.672500 0.080969 0.242813
2 0.207750 0.375695 0.052156 0.121734
2 0.623320 0.257516 0.050234 0.116781
1 0.625563 0.222219 0.028750 0.046250
0 0.635023 0.277148 0.026953 0.060016
2 0.778766 0.515977 0.100875 0.233016
0 0.723109 0.537164 0.044781 0.115016
0 0.770383 0.561391 0.099297 0.116406
1 0.781766 0.437727 0.061094 0.076766
0 0.490180 0.747906 0.074234 0.134219
0 0.530164 0.669953 0.064078 0.061344
1 0.477492 0.585609 0.055891 0.069875
2 0.521578 0.400391 0.085437 0.214875
0 0.553977 0.417273 0.019078 0.085016
1 0.513555 0.329656 0.040859 0.075062
2 0.400563 0.375148 0.083281 0.149297
0 0.366609 0.416672 0.015437 0.067500
0 0.432969 0.434648 0.034344 0.126953
1 0.392148 0.325563 0.034078 0.051719
1 0.206180 0.338453 0.035172 0.047500
0 0.242195 0.408000 0.070672 0.056188
2 0.084563 0.461039 0.125188 0.242078
1 0.075633 0.378945 0.050984 0.076797
0 0.107578 0.430703 0.078719 0.080781
