0 0.690133 0.410344 0.029797 0.153594
1 0.106602 0.358453 0.055703 0.072156
1 0.180500 0.444258 0.064938 0.077422
1 0.256336 0.508961 0.067484 0.098016
1 0.227398 0.360227 0.040016 0.049234
1 0.255195 0.205172 0.031734 0.039687
0 0.276250 0.263922 0.032813 0.049656
1 0.433000 0.284938 0.035156 0.046094
0 0.455891 0.369781 0.019313 0.082625
1 0.537438 0.337234 0.027813 0.045156
1 0.650938 0.288422 0.041625 0.067563
1 0.628781 0.240781 0.023187 0.037906
0 0.606195 0.368219 0.051953 0.071594
2 0.661086 0.358289 0.088453 0.207453
0 0.517328 0.385516 0.033063 0.043344
2 0.536273 0.375445 0.072391 0.122547
2 0.432242 0.338969 0.066141 0.154250
2 0.261102 0.244750 0.047984 0.118906
0 0.264273 0.436008 0.021734 0.064141
0 0.226852 0.442969 0.045391 0.065125
2 0.239336 0.405695 0.074516 0.139703
0 0.324523 0.645758 0.055516 0.111047
0 0.261953 0.511320 0.156031 0.130016
0 0.121461 0.472195 0.075828 0.105922
2 0.118234 0.444562 0.080687 0.243312
2 0.273523 0.612148 0.157016 0.307266
2 0.193648 0.542281 0.091109 0.274500
2 0.635711 0.276102 0.039797 0.109984
