0 0.553016 0.245352 0.008906 0.073984
0 0.508180 0.239859 0.020703 0.094625
1 0.882898 0.410602 0.048109 0.071859
1 0.854086 0.246172 0.041734 0.046406
1 0.693375 0.245219 0.041969 0.050438
1 0.653547 0.194266 0.031719 0.042969
1 0.535547 0.172305 0.027844 0.044359
1 0.496781 0.104688 0.018594 0.038906
1 0.398797 0.122469 0.015156 0.042812
1 0.283000 0.594062 0.059469 0.082062
1 0.178836 0.576195 0.052859 0.073859
0 0.181492 0.724164 0.068047 0.136359
0 0.321789 0.695477 0.029203 0.074453
0 0.890133 0.526391 0.026172 0.139313
0 0.812586 0.509383 0.049641 0.133172
2 0.169172 0.639188 0.091469 0.201000
2 0.279812 0.656656 0.112719 0.208281
2 0.401523 0.173445 0.022734 0.143578
2 0.648578 0.239742 0.057156 0.134578
2 0.681352 0.314273 0.066766 0.189578
2 0.847953 0.484750 0.120875 0.220844
2 0.834945 0.302539 0.079359 0.159297
2 0.527500 0.218797 0.060344 0.137094
2 0.490547 0.142844 0.050250 0.115031
0 0.510102 0.160867 0.009641 0.056172
0 0.470414 0.166266 0.009391 0.067344
0 0.671211 0.356023 0.044141 0.106547
0 0.808781 0.316219 0.075062 0.058125
0 0.631352 0.275898 0.021391 0.095703
