2 0.842320 0.324797 0.081766 0.128531
1 0.832086 0.421547 0.059359 0.082687
1 0.535805 0.677477 0.086328 0.124422
1 0.192477 0.556078 0.053766 0.075344
1 0.258313 0.662195 0.092875 0.166547
2 0.834734 0.365805 0.085094 0.152203
2 0.416289 0.286828 0.067266 0.178531
2 0.493203 0.263336 0.058406 0.153953
2 0.830937 0.507219 0.132563 0.255562
1 0.809586 0.269383 0.043141 0.061234
0 0.815102 0.345047 0.027266 0.088156
0 0.872625 0.348398 0.020250 0.069797
2 0.779828 0.332039 0.102531 0.186547
2 0.592305 0.360039 0.094078 0.231172
2 0.549906 0.807703 0.274219 0.384594
2 0.284953 0.788719 0.171656 0.422563
2 0.187727 0.619594 0.095172 0.203938
0 0.217336 0.593625 0.035453 0.058031
2 0.279578 0.670289 0.109250 0.240109
0 0.446734 0.846750 0.067375 0.213375
0 0.629133 0.882047 0.116297 0.213656
0 0.214953 0.864789 0.053281 0.146047
0 0.281344 0.886828 0.164875 0.169781
0 0.320062 0.687758 0.027594 0.076672
0 0.192445 0.678102 0.051828 0.106297
0 0.395437 0.235344 0.026000 0.096969
0 0.474367 0.282391 0.020453 0.089094
0 0.500391 0.310711 0.031500 0.093203
0 0.780742 0.527781 0.030359 0.155281
0 0.873414 0.576258 0.044266 0.191016
0 0.779125 0.384875 0.027781 0.140563
0 0.629312 0.399914 0.017375 0.150516
0 0.558867 0.412977 0.027109 0.174984
1 0.281438 0.580594 0.059531 0.059969
1 0.415438 0.221141 0.025781 0.047344
1 0.498664 0.208789 0.037953 0.043922
1 0.594156 0.276711 0.037969 0.065078
1 0.849422 0.319445 0.054437 0.058797
1 0.866328 0.284312 0.034219 0.045438
