1 0.729586 0.341867 0.051516 0.060766
0 0.860727 0.430531 0.036297 0.107937
1 0.972828 0.465930 0.040938 0.060891
1 0.898695 0.341234 0.046297 0.058219
2 0.175336 0.642039 0.081609 0.194047
0 0.181656 0.725531 0.069437 0.136094
2 0.274547 0.659922 0.112844 0.217344
0 0.317656 0.709492 0.025656 0.078422
1 0.279664 0.591266 0.048891 0.080594
0 0.198461 0.557984 0.035578 0.057125
1 0.182328 0.582406 0.060688 0.074469
2 0.710805 0.413594 0.089328 0.203875
0 0.720773 0.473945 0.027547 0.128047
2 0.864883 0.387734 0.114922 0.150562
2 0.959062 0.514547 0.081875 0.157812
0 0.973914 0.554805 0.052172 0.078828
0 0.926094 0.517719 0.041375 0.075188
