2 0.503141 0.222820 0.052156 0.094891
0 0.522578 0.240578 0.013438 0.044375
2 0.359687 0.291156 0.027063 0.090531
0 0.355828 0.326195 0.037969 0.051672
0 0.420648 0.361656 0.025234 0.109937
1 0.340141 0.260344 0.036156 0.050625
1 0.423945 0.250203 0.033141 0.059219
1 0.500578 0.193812 0.021094 0.037344
0 0.493688 0.242484 0.033281 0.044062
0 0.659133 0.312117 0.036203 0.076734
1 0.574625 0.351813 0.031656 0.045469
0 0.532047 0.411922 0.055469 0.055000
2 0.558195 0.384281 0.064297 0.110344
1 0.637125 0.240352 0.030938 0.045078
2 0.644719 0.284359 0.065062 0.133000
2 0.415586 0.323008 0.049734 0.204703
0 0.560141 0.686281 0.075375 0.095875
0 0.549961 0.647586 0.048922 0.031422
0 0.825508 0.634750 0.050891 0.084875
1 0.854266 0.535016 0.060688 0.064844
2 0.845812 0.589367 0.091625 0.176109
1 0.506711 0.583922 0.047703 0.078437
2 0.499336 0.662328 0.117641 0.235531
2 0.334609 0.321156 0.080719 0.172844
0 0.051359 0.395523 0.043688 0.093703
2 0.036945 0.404023 0.073891 0.154141
1 0.224859 0.377195 0.053000 0.067172
0 0.284430 0.499211 0.030828 0.125641
0 0.186492 0.501039 0.036078 0.101359
2 0.235375 0.467844 0.132312 0.245562
0 0.364297 0.323750 0.020156 0.017031
1 0.361734 0.270109 0.022656 0.048438
