0 0.850906 0.655516 0.112875 0.109500
2 0.274438 0.765102 0.148938 0.193203
0 0.228258 0.783453 0.024234 0.066188
0 0.437805 0.376492 0.024672 0.080359
2 0.617563 0.255391 0.047250 0.107719
2 0.462414 0.364023 0.075953 0.161359
1 0.466969 0.310266 0.039344 0.050000
0 0.631961 0.282203 0.017078 0.064125
0 0.498539 0.414891 0.023484 0.131437
0 0.273852 0.819281 0.081766 0.125500
1 0.246164 0.711945 0.090047 0.085359
1 0.859234 0.585695 0.048719 0.081359
1 0.615742 0.223188 0.033484 0.042469
2 0.850648 0.609180 0.116734 0.132953
0 0.799492 0.623844 0.068672 0.104625
