0 0.707367 0.305500 0.016391 0.077250
2 0.353250 0.738250 0.137813 0.206313
0 0.430938 0.792258 0.150438 0.082516
1 0.337383 0.676836 0.063297 0.082891
2 0.499773 0.239797 0.020609 0.093344
2 0.717469 0.401187 0.095500 0.214812
2 0.691305 0.234742 0.058922 0.104984
2 0.681758 0.290977 0.069391 0.162359
0 0.648859 0.330180 0.029687 0.119297
2 0.532555 0.317172 0.074641 0.186906
0 0.559969 0.325391 0.017781 0.053969
0 0.760523 0.447328 0.025609 0.153781
0 0.703109 0.405281 0.066000 0.092875
1 0.723898 0.332375 0.042453 0.075563
0 0.714172 0.266016 0.012531 0.042687
1 0.698750 0.202750 0.024531 0.040781
1 0.685422 0.234844 0.028281 0.049531
1 0.535055 0.248344 0.030328 0.049844
1 0.503219 0.211984 0.007812 0.036563
