2 0.331727 0.317820 0.089297 0.144047
2 0.838086 0.587133 0.107766 0.183859
2 0.500430 0.669250 0.121328 0.247125
1 0.019008 0.300992 0.038016 0.057547
0 0.069437 0.422633 0.032219 0.130047
1 0.331289 0.309180 0.046516 0.060766
0 0.362547 0.422078 0.036219 0.111031
0 0.433539 0.371453 0.037484 0.127719
0 0.431648 0.294813 0.018984 0.064094
1 0.421906 0.250258 0.032000 0.053047
1 0.478141 0.197523 0.034187 0.035016
0 0.485570 0.251836 0.044297 0.046641
0 0.556813 0.385461 0.024688 0.018891
1 0.586852 0.352773 0.031609 0.044703
0 0.635336 0.319281 0.042328 0.067000
1 0.634906 0.245484 0.033937 0.045344
0 0.560969 0.691016 0.085125 0.088438
0 0.551477 0.647672 0.054391 0.033594
1 0.505695 0.584336 0.049516 0.075922
0 0.817320 0.601938 0.066266 0.106438
1 0.860906 0.528641 0.062031 0.066531
0 0.555742 0.418672 0.027359 0.059844
0 0.362023 0.327172 0.027891 0.052469
1 0.347844 0.269250 0.032031 0.047344
1 0.367516 0.271992 0.016312 0.045016
2 0.576367 0.389391 0.052266 0.118344
2 0.635414 0.302406 0.042859 0.160031
2 0.477781 0.239227 0.039094 0.118484
2 0.419250 0.325109 0.057094 0.202813
0 0.300594 0.398562 0.014875 0.062281
2 0.043555 0.380672 0.087109 0.215938
2 0.334086 0.380945 0.084422 0.205297
2 0.363984 0.290945 0.023906 0.083109
