2 0.089695 0.406148 0.089391 0.231109
2 0.171672 0.334117 0.066844 0.119266
2 0.216602 0.420734 0.077516 0.218656
2 0.505203 0.669820 0.143438 0.243703
1 0.505070 0.580797 0.059078 0.065937
0 0.552312 0.670758 0.049156 0.069672
2 0.851133 0.468156 0.132578 0.202750
1 0.885227 0.400328 0.053203 0.066812
0 0.864148 0.471492 0.104516 0.068891
0 0.816203 0.460898 0.062312 0.088547
2 0.514313 0.228734 0.052937 0.076969
2 0.547875 0.309023 0.055219 0.086641
2 0.569156 0.381602 0.061437 0.116047
2 0.693406 0.363250 0.069813 0.184125
1 0.692977 0.299953 0.032359 0.057813
0 0.693336 0.388609 0.036828 0.074875
1 0.501891 0.212609 0.026094 0.044375
0 0.486727 0.266375 0.030422 0.082594
0 0.511703 0.277258 0.034250 0.093766
1 0.532633 0.289500 0.025172 0.046875
0 0.545133 0.325672 0.053922 0.054844
1 0.575758 0.347859 0.022984 0.049219
0 0.526586 0.392516 0.063641 0.049094
0 0.567148 0.417414 0.064984 0.080203
1 0.183852 0.297758 0.041891 0.047984
0 0.159883 0.342734 0.043141 0.057344
1 0.204172 0.343945 0.052656 0.064766
0 0.223141 0.495430 0.058844 0.143953
0 0.107273 0.463867 0.066234 0.149953
1 0.074516 0.319547 0.050625 0.057781
