1 0.341719 0.177906 0.026375 0.044344
2 0.073320 0.355688 0.087547 0.192250
2 0.077820 0.307422 0.065422 0.195844
2 0.213422 0.380469 0.114813 0.192188
2 0.161031 0.325211 0.034875 0.097922
1 0.161016 0.304219 0.035156 0.055937
0 0.107000 0.358695 0.038250 0.057078
2 0.340336 0.231117 0.054578 0.150578
2 0.426297 0.362656 0.080375 0.222187
2 0.505547 0.446352 0.070875 0.198172
2 0.562500 0.419805 0.080094 0.189609
2 0.584117 0.355086 0.032516 0.065516
2 0.625852 0.280578 0.050391 0.146125
1 0.622680 0.231742 0.031266 0.048391
0 0.362523 0.249445 0.009828 0.082828
0 0.629633 0.304664 0.021891 0.059953
1 0.584148 0.343781 0.031672 0.042969
0 0.592023 0.454148 0.022203 0.116828
1 0.555336 0.359234 0.034703 0.067656
1 0.510938 0.380734 0.060313 0.066094
0 0.520766 0.462586 0.072875 0.077328
0 0.454492 0.408719 0.028172 0.129281
1 0.422438 0.281281 0.032969 0.058438
0 0.327016 0.263367 0.026500 0.099234
1 0.217180 0.314539 0.038609 0.060922
0 0.237047 0.346695 0.066125 0.083703
0 0.179656 0.334469 0.048313 0.078875
0 0.089727 0.401273 0.055266 0.129234
1 0.061508 0.233516 0.033609 0.047500
1 0.054242 0.283516 0.040953 0.047500
