1 0.626344 0.224883 0.036906 0.050078
0 0.643734 0.279031 0.015250 0.060031
2 0.887336 0.863063 0.144578 0.177688
2 0.840359 0.609719 0.137625 0.185219
2 0.210195 0.375094 0.069766 0.127094
1 0.260148 0.541664 0.092141 0.096609
0 0.236539 0.414000 0.062953 0.047906
1 0.200250 0.334383 0.047187 0.044297
1 0.852648 0.551578 0.051797 0.069219
0 0.798805 0.624633 0.052953 0.118859
0 0.874469 0.649180 0.101938 0.106016
2 0.276094 0.633258 0.124063 0.280609
1 0.915820 0.828055 0.087047 0.109828
0 0.250000 0.654523 0.117812 0.091953
2 0.628445 0.254633 0.047203 0.109797
