0 0.562695 0.672312 0.043422 0.105844
2 0.549508 0.381023 0.065453 0.121828
0 0.215008 0.404133 0.056266 0.046984
2 0.038383 0.365062 0.074953 0.241031
2 0.207813 0.372211 0.069344 0.112109
0 0.807227 0.601625 0.053484 0.078688
0 0.865719 0.638320 0.053000 0.111734
2 0.836516 0.619062 0.112969 0.188125
0 0.639258 0.263094 0.020172 0.070781
0 0.453344 0.659742 0.079000 0.071047
1 0.542188 0.610273 0.050625 0.083891
1 0.551758 0.343648 0.027828 0.046422
0 0.248953 0.401211 0.076344 0.167891
1 0.015961 0.274250 0.031922 0.058813
0 0.059539 0.229586 0.077641 0.050797
2 0.236813 0.541695 0.109969 0.255766
2 0.624484 0.254867 0.050875 0.114953
1 0.012812 0.208188 0.025625 0.051250
1 0.193687 0.336711 0.040875 0.040641
2 0.027969 0.258656 0.055937 0.153281
1 0.622586 0.220672 0.028766 0.043281
0 0.520820 0.375477 0.033984 0.020641
0 0.523195 0.389469 0.051516 0.050250
1 0.861773 0.560969 0.059234 0.072344
0 0.207609 0.627867 0.037406 0.160484
1 0.212797 0.454727 0.059656 0.081359
2 0.511945 0.677586 0.144859 0.223953
