2 0.639500 0.293719 0.064437 0.147719
1 0.643641 0.244656 0.034281 0.050000
0 0.614070 0.327789 0.013484 0.072516
2 0.301906 0.492812 0.092687 0.248906
0 0.652898 0.323430 0.037078 0.073578
2 0.448352 0.237727 0.023578 0.115172
1 0.444359 0.197516 0.015625 0.034219
2 0.907602 0.446805 0.090797 0.282203
1 0.902875 0.343406 0.058875 0.074875
0 0.864562 0.491195 0.081531 0.156609
1 0.298914 0.406273 0.047859 0.075797
0 0.301883 0.569656 0.048141 0.182250
2 0.049469 0.386937 0.078531 0.175531
1 0.041656 0.321023 0.036687 0.043234
