1 0.519266 0.228820 0.026156 0.042047
0 0.543828 0.297406 0.018281 0.044531
1 0.602305 0.391273 0.046641 0.048109
0 0.551547 0.446063 0.052813 0.049031
0 0.570383 0.465422 0.082359 0.056250
2 0.607773 0.439117 0.060609 0.144516
2 0.691523 0.204617 0.038828 0.128547
1 0.701234 0.158406 0.011656 0.036281
2 0.850508 0.371531 0.101328 0.196031
1 0.818367 0.240336 0.036297 0.057047
0 0.826742 0.314055 0.024547 0.074703
0 0.864492 0.401500 0.065734 0.103250
0 0.818422 0.388219 0.021844 0.109594
1 0.880469 0.301273 0.041562 0.056547
0 0.763602 0.325937 0.029141 0.119750
2 0.797484 0.300602 0.084094 0.178828
0 0.490406 0.297805 0.016969 0.046016
2 0.517594 0.269430 0.071719 0.124703
