0 0.559078 0.256875 0.040344 0.063813
1 0.530797 0.600812 0.053156 0.077250
0 0.811680 0.657594 0.132328 0.105719
0 0.776250 0.627609 0.058469 0.105719
2 0.825391 0.621234 0.104875 0.180656
2 0.519258 0.662641 0.108891 0.201250
0 0.384281 0.382438 0.058750 0.064719
0 0.601344 0.701688 0.136094 0.069000
0 0.570320 0.640875 0.068766 0.037250
1 0.838109 0.567719 0.063219 0.071281
1 0.557813 0.197750 0.023281 0.043906
2 0.562547 0.227875 0.037531 0.104969
2 0.385945 0.353617 0.063828 0.122797
0 0.535688 0.262484 0.023500 0.017531
1 0.380930 0.316469 0.028234 0.047063
0 0.408945 0.370047 0.018109 0.055500
