0 0.180172 0.563523 0.040281 0.176141
2 0.125797 0.529062 0.154344 0.284188
2 0.680133 0.251031 0.073484 0.118875
2 0.573930 0.242375 0.063703 0.124625
0 0.550711 0.277312 0.018016 0.095594
0 0.650695 0.276250 0.015172 0.052344
0 0.707953 0.284297 0.017813 0.065312
2 0.732781 0.448711 0.114000 0.147703
0 0.685000 0.478750 0.043250 0.108375
0 0.753883 0.500930 0.072266 0.114516
1 0.682633 0.210766 0.028797 0.038281
1 0.580344 0.198813 0.024531 0.036562
1 0.735070 0.406641 0.039234 0.062719
1 0.085570 0.429750 0.057984 0.085219
0 0.078828 0.629813 0.059219 0.199750
