2 0.748109 0.885617 0.131781 0.228766
1 0.202766 0.339484 0.036563 0.046031
1 0.459953 0.469922 0.059313 0.079219
1 0.858883 0.566797 0.060078 0.081406
1 0.772437 0.829992 0.081156 0.118453
1 0.626406 0.223742 0.036719 0.046266
0 0.233008 0.409398 0.065172 0.056828
0 0.241680 0.407313 0.045953 0.033906
0 0.419570 0.620797 0.049453 0.159156
0 0.503078 0.581086 0.035375 0.091891
0 0.647141 0.281516 0.018125 0.046344
0 0.851109 0.665977 0.106594 0.093047
0 0.799602 0.627234 0.056047 0.120531
2 0.454016 0.552680 0.096750 0.243703
2 0.838117 0.619414 0.133609 0.185234
2 0.214906 0.376633 0.073094 0.122359
2 0.632023 0.252266 0.048922 0.104531
