1 0.776914 0.275844 0.040641 0.054844
2 0.769844 0.344781 0.082844 0.193375
2 0.640922 0.280234 0.080906 0.173469
2 0.083773 0.272562 0.058484 0.187437
0 0.096547 0.331859 0.023281 0.065094
1 0.081172 0.203086 0.028437 0.047828
1 0.652648 0.219687 0.029859 0.051719
0 0.609047 0.324273 0.017781 0.119297
2 0.832641 0.251398 0.043688 0.105609
1 0.834633 0.218719 0.023328 0.041219
0 0.729289 0.375391 0.039672 0.109563
0 0.841352 0.299602 0.026641 0.096328
0 0.667352 0.307789 0.028203 0.089609
2 0.731406 0.782977 0.156875 0.293609
1 0.731281 0.690141 0.082969 0.110313
0 0.678523 0.833344 0.047016 0.192062
0 0.961281 0.591492 0.077437 0.057328
0 0.946742 0.566242 0.047891 0.091328
1 0.984945 0.495078 0.030109 0.043750
2 0.980242 0.543336 0.039516 0.139891
0 0.791773 0.394297 0.039109 0.140562
