1 0.365383 0.258766 0.019891 0.046281
2 0.040234 0.378492 0.080469 0.206266
1 0.010289 0.304367 0.020578 0.058078
0 0.058750 0.398242 0.042406 0.101641
0 0.332875 0.319664 0.059781 0.064141
0 0.254477 0.369031 0.030766 0.128031
1 0.268477 0.260078 0.033641 0.057969
1 0.409773 0.295922 0.038141 0.056656
1 0.428211 0.321570 0.038859 0.070922
0 0.402219 0.472188 0.024344 0.158656
0 0.529375 0.387391 0.034063 0.049531
1 0.556922 0.339266 0.027187 0.042344
0 0.462070 0.261578 0.018141 0.070000
1 0.480734 0.196859 0.023281 0.038906
0 0.595078 0.279180 0.017687 0.050047
1 0.608563 0.217344 0.027969 0.043281
0 0.551906 0.684148 0.076687 0.082828
0 0.545078 0.640891 0.052656 0.034844
1 0.499359 0.578953 0.052219 0.066000
0 0.797984 0.627984 0.056438 0.108719
0 0.832570 0.672687 0.128203 0.088375
1 0.857672 0.566844 0.061719 0.070281
2 0.833328 0.624437 0.127875 0.184250
2 0.494219 0.669094 0.113813 0.246844
2 0.541539 0.374453 0.057953 0.113187
0 0.631000 0.275172 0.009219 0.050156
2 0.611102 0.269016 0.049641 0.145937
0 0.501727 0.235797 0.009078 0.040625
2 0.479617 0.241492 0.053516 0.127953
2 0.403789 0.359531 0.049859 0.184031
2 0.418398 0.409875 0.058922 0.248500
0 0.368391 0.318156 0.017031 0.049219
2 0.358094 0.298141 0.037469 0.124375
2 0.278906 0.321000 0.080625 0.181125
