0 0.433219 0.375719 0.025969 0.049781
2 0.556391 0.239156 0.053687 0.114125
2 0.397672 0.368461 0.067969 0.128141
2 0.519883 0.664062 0.106734 0.203438
2 0.827000 0.633594 0.118969 0.159187
0 0.781398 0.643469 0.078016 0.124094
1 0.852859 0.591023 0.068156 0.071766
0 0.563047 0.257625 0.038906 0.060656
1 0.543438 0.202281 0.025625 0.039500
0 0.602031 0.698609 0.135625 0.066406
0 0.568172 0.641062 0.071562 0.037875
1 0.529062 0.600172 0.059000 0.076563
0 0.409375 0.400930 0.069031 0.043703
1 0.407703 0.331484 0.033906 0.052094
0 0.814328 0.676344 0.142531 0.071375
