2 0.725820 0.294086 0.076516 0.125578
0 0.654602 0.268289 0.013797 0.099234
2 0.668180 0.233453 0.042891 0.129344
2 0.631594 0.268578 0.054750 0.152188
2 0.517023 0.254688 0.066016 0.188156
2 0.267594 0.289805 0.064125 0.218703
0 0.180320 0.720633 0.069734 0.146234
0 0.321852 0.692320 0.025359 0.066797
0 0.738078 0.552852 0.104031 0.141109
0 0.863227 0.516891 0.017922 0.123219
0 0.856891 0.419578 0.088094 0.086156
1 0.278711 0.212039 0.041953 0.062484
1 0.405633 0.157328 0.010797 0.043906
1 0.511234 0.185641 0.030937 0.050000
1 0.509828 0.140953 0.028437 0.037500
1 0.640656 0.212133 0.035531 0.038078
1 0.673539 0.190437 0.020953 0.043813
1 0.736977 0.254406 0.027203 0.046875
0 0.699055 0.308703 0.021828 0.059875
0 0.740625 0.321195 0.046937 0.069797
0 0.635117 0.297031 0.019672 0.095094
0 0.541813 0.266125 0.012469 0.084437
0 0.492391 0.296258 0.016188 0.132891
0 0.255547 0.349695 0.051531 0.131734
1 0.182242 0.575844 0.057703 0.073219
1 0.283086 0.595242 0.060234 0.079078
1 0.795234 0.415922 0.052656 0.070937
1 0.875781 0.343609 0.051469 0.071156
2 0.857148 0.415695 0.088359 0.215047
2 0.405586 0.203531 0.011953 0.137500
2 0.510305 0.174172 0.037609 0.104969
2 0.810195 0.502461 0.126016 0.243953
2 0.174281 0.637406 0.080156 0.196438
2 0.280133 0.657039 0.110047 0.202391
