0 0.601250 0.272328 0.021563 0.104312
1 0.629781 0.196047 0.028281 0.048750
1 0.645016 0.226703 0.033594 0.046406
0 0.658555 0.327336 0.017391 0.100484
2 0.283023 0.662133 0.109766 0.201828
2 0.178094 0.643359 0.093281 0.185562
0 0.168680 0.698836 0.049859 0.109078
0 0.605617 0.315977 0.021578 0.086391
1 0.194828 0.589063 0.059062 0.076469
1 0.295500 0.599594 0.065281 0.077562
0 0.321305 0.709414 0.029547 0.069453
2 0.245266 0.868125 0.188125 0.263750
2 0.617211 0.239492 0.054016 0.136422
2 0.631859 0.281883 0.074937 0.156734
1 0.221461 0.803102 0.140516 0.130984
