1 0.005758 0.254531 0.011516 0.037656
1 0.016539 0.210391 0.033078 0.048438
0 0.067375 0.225398 0.063281 0.050922
0 0.044695 0.312289 0.032734 0.063828
1 0.142484 0.378688 0.050844 0.082625
1 0.196719 0.338203 0.035937 0.045938
1 0.211523 0.453117 0.052109 0.086797
0 0.130664 0.513984 0.048828 0.167094
0 0.219562 0.613883 0.112187 0.140703
0 0.281555 0.593789 0.026859 0.153422
1 0.592828 0.589086 0.058375 0.069891
1 0.650492 0.731906 0.067141 0.102719
0 0.558812 0.839758 0.017000 0.071578
0 0.673383 0.919562 0.046703 0.121000
2 0.624531 0.840312 0.147406 0.319375
0 0.826594 0.628367 0.093312 0.095578
0 0.841492 0.642477 0.089422 0.106297
1 0.859344 0.568453 0.051906 0.077781
2 0.838086 0.613383 0.116578 0.167578
0 0.556125 0.726914 0.037812 0.103172
2 0.552008 0.666383 0.140828 0.225141
2 0.229641 0.553117 0.131281 0.288359
1 0.586977 0.352930 0.030172 0.044078
0 0.556211 0.425453 0.064203 0.065656
0 0.564328 0.405141 0.018281 0.023438
2 0.582313 0.390477 0.039813 0.120391
0 0.619828 0.294945 0.048500 0.058578
0 0.603859 0.298609 0.044375 0.063750
1 0.611516 0.240719 0.025313 0.047969
2 0.612813 0.287586 0.062406 0.142016
2 0.037109 0.325359 0.074219 0.179437
2 0.027914 0.243477 0.055828 0.115953
2 0.155695 0.457133 0.098484 0.239734
2 0.210148 0.377594 0.062422 0.124844
0 0.215836 0.404422 0.048422 0.048375
