2 0.672578 0.314125 0.051719 0.156125
2 0.563625 0.384156 0.056875 0.096531
2 0.393141 0.358883 0.076000 0.195359
2 0.333930 0.330227 0.077953 0.162953
2 0.172414 0.335062 0.058984 0.117969
0 0.040234 0.408633 0.038656 0.110984
2 0.035719 0.402078 0.071438 0.156594
0 0.196398 0.364063 0.070328 0.047187
1 0.165031 0.297359 0.039531 0.042500
1 0.379680 0.289211 0.041734 0.055641
1 0.356055 0.273656 0.032828 0.049562
0 0.416781 0.364563 0.028906 0.053437
0 0.353836 0.326961 0.022672 0.057953
0 0.547867 0.379781 0.021109 0.017969
0 0.540055 0.404766 0.037359 0.054844
1 0.578180 0.355000 0.026734 0.038437
0 0.607867 0.328133 0.032922 0.056078
0 0.559555 0.313758 0.045578 0.050547
0 0.663281 0.355258 0.029875 0.114234
1 0.843508 0.385992 0.046859 0.060234
0 0.834227 0.488039 0.080109 0.077672
0 0.784445 0.450453 0.035703 0.072938
2 0.820070 0.468695 0.106703 0.224484
0 0.457531 0.674961 0.055312 0.053297
0 0.471555 0.718109 0.064047 0.130344
1 0.394906 0.641398 0.074375 0.070891
2 0.420133 0.706211 0.124016 0.199141
1 0.599398 0.263219 0.027984 0.044687
1 0.668508 0.260758 0.032641 0.049641
2 0.591938 0.298648 0.064500 0.115109
