0 0.942672 0.573375 0.049375 0.074812
2 0.976008 0.545508 0.047984 0.136797
2 0.747617 0.417672 0.099984 0.141844
2 0.777937 0.309680 0.096688 0.159078
2 0.851859 0.275508 0.070469 0.154047
0 0.804797 0.353281 0.023312 0.116469
0 0.746906 0.450531 0.080594 0.075813
1 0.859344 0.220633 0.035250 0.044984
0 0.869672 0.311664 0.034219 0.121047
2 0.650367 0.225625 0.038984 0.103094
1 0.770500 0.380430 0.054219 0.067266
0 0.638938 0.274336 0.015781 0.096953
1 0.348656 0.194156 0.020906 0.050000
2 0.125484 0.244320 0.104719 0.155109
0 0.155133 0.235789 0.031672 0.059641
2 0.349437 0.233461 0.022531 0.127141
1 0.655328 0.189828 0.022187 0.031594
1 0.806188 0.259305 0.040625 0.057953
0 0.746484 0.327859 0.033687 0.083344
1 0.981000 0.505766 0.038000 0.057906
0 0.964227 0.587016 0.071547 0.053969
