2 0.391984 0.360141 0.056844 0.133094
0 0.421055 0.362609 0.027047 0.040000
2 0.590008 0.266922 0.049078 0.128969
1 0.024844 0.365977 0.049688 0.069859
1 0.389617 0.320000 0.041234 0.052500
0 0.089094 0.471297 0.021531 0.031094
0 0.398898 0.386289 0.053547 0.064297
1 0.451500 0.896312 0.126531 0.122375
1 0.536523 0.600203 0.051172 0.078031
0 0.575898 0.640891 0.077359 0.030781
0 0.595250 0.693555 0.127656 0.064766
1 0.830586 0.578375 0.061109 0.069813
0 0.809609 0.679156 0.138219 0.077000
0 0.766148 0.642109 0.076047 0.086094
0 0.601047 0.294547 0.023719 0.073219
0 0.563453 0.281359 0.020781 0.028125
1 0.579055 0.226672 0.027359 0.048844
2 0.458484 0.917063 0.141031 0.165875
2 0.530023 0.660227 0.125516 0.199234
2 0.814602 0.630578 0.128953 0.175094
2 0.049719 0.437898 0.099437 0.213109
