0 0.844023 0.554336 0.030516 0.113516
2 0.976297 0.544867 0.047406 0.137641
1 0.140984 0.211664 0.019531 0.055422
2 0.129602 0.247375 0.068609 0.127125
2 0.642883 0.249156 0.053141 0.103563
0 0.821133 0.309844 0.013453 0.042813
2 0.788500 0.302438 0.082000 0.163250
2 0.854898 0.350719 0.112734 0.176375
2 0.893086 0.570867 0.128984 0.220766
1 0.660172 0.181805 0.020937 0.032359
2 0.646109 0.194219 0.049375 0.056875
1 0.981078 0.505031 0.037844 0.055437
1 0.894102 0.505914 0.062172 0.091922
0 0.812750 0.370742 0.027719 0.101953
0 0.886820 0.398977 0.032484 0.114234
1 0.889219 0.288414 0.044531 0.051297
1 0.811719 0.250445 0.035156 0.057859
0 0.761195 0.337297 0.028141 0.125406
0 0.636547 0.305320 0.022500 0.095609
1 0.653914 0.219859 0.031109 0.045281
0 0.973906 0.582625 0.052187 0.062125
0 0.924727 0.624437 0.066016 0.113938
