1 0.879602 0.557383 0.055141 0.071891
1 0.625148 0.222125 0.027984 0.044688
0 0.637195 0.277523 0.023641 0.059641
2 0.624672 0.263695 0.049437 0.127953
2 0.211063 0.374820 0.056563 0.115984
0 0.240703 0.409516 0.066562 0.047344
2 0.132352 0.389969 0.089141 0.242875
2 0.037211 0.337234 0.074422 0.195625
0 0.073172 0.384617 0.048719 0.126016
0 0.253281 0.519086 0.038875 0.139641
0 0.152461 0.537859 0.034391 0.106031
0 0.540266 0.384766 0.036969 0.094219
2 0.507180 0.342047 0.073578 0.139000
0 0.133094 0.417398 0.057781 0.082234
2 0.845922 0.607750 0.123406 0.172656
0 0.811344 0.627852 0.054250 0.123516
0 0.849656 0.651133 0.113406 0.086172
2 0.511500 0.667234 0.141500 0.204906
0 0.601555 0.728125 0.088484 0.138750
0 0.460664 0.675039 0.072359 0.076922
2 0.203836 0.490227 0.139016 0.258922
1 0.180367 0.399859 0.053016 0.077563
1 0.108266 0.299023 0.040625 0.061859
1 0.016711 0.268875 0.033422 0.059375
1 0.201148 0.339961 0.037203 0.046234
1 0.541945 0.606805 0.049578 0.082328
1 0.509008 0.294719 0.033359 0.045156
