0 0.727727 0.535922 0.046266 0.133313
1 0.450734 0.580758 0.070000 0.074484
0 0.527469 0.666781 0.068344 0.056438
0 0.444781 0.346922 0.016719 0.056438
1 0.408539 0.276734 0.027516 0.042656
2 0.633930 0.257703 0.062578 0.114625
0 0.647727 0.236555 0.035891 0.069547
1 0.620016 0.222141 0.031563 0.044063
1 0.355789 0.330438 0.042828 0.069000
0 0.370992 0.465461 0.065766 0.127953
0 0.245562 0.406711 0.064438 0.049078
0 0.412125 0.474422 0.026094 0.127750
1 0.012156 0.360516 0.024313 0.071719
0 0.167711 0.581734 0.061234 0.182156
1 0.086781 0.429773 0.057875 0.074234
1 0.213039 0.338797 0.030797 0.054844
2 0.215563 0.374055 0.055406 0.124734
2 0.035328 0.402805 0.070656 0.157828
0 0.035008 0.422156 0.070016 0.075750
2 0.112211 0.522859 0.108703 0.259906
2 0.422734 0.321820 0.061094 0.132297
2 0.380086 0.420195 0.091422 0.247734
2 0.460117 0.668352 0.107828 0.248609
2 0.775641 0.516312 0.108500 0.233250
1 0.785094 0.438055 0.057687 0.075766
0 0.778953 0.580578 0.080406 0.111406
0 0.460500 0.738312 0.077031 0.155875
