2 0.467617 0.269375 0.045359 0.163437
2 0.753805 0.288062 0.088141 0.177000
2 0.818453 0.362961 0.100656 0.198453
0 0.785594 0.413461 0.035281 0.139953
0 0.845375 0.352469 0.044781 0.076625
1 0.442078 0.210742 0.020625 0.048516
1 0.465625 0.210922 0.034062 0.047656
1 0.837445 0.294289 0.040891 0.061109
2 0.557570 0.259656 0.062172 0.165687
0 0.468016 0.306367 0.035281 0.089141
1 0.556617 0.198445 0.029703 0.042172
0 0.534953 0.287445 0.016062 0.110109
0 0.422578 0.291070 0.036156 0.063047
0 0.091000 0.243375 0.015063 0.062750
2 0.112484 0.221594 0.059906 0.107563
0 0.777539 0.339688 0.034766 0.114375
1 0.766883 0.228016 0.033141 0.056469
2 0.445844 0.241820 0.029563 0.111328
