1 0.841703 0.310523 0.038094 0.060328
1 0.180086 0.573875 0.056266 0.073625
1 0.282461 0.591391 0.061891 0.087156
0 0.323273 0.697227 0.023297 0.069703
0 0.180406 0.714773 0.070313 0.143578
1 0.628922 0.729937 0.100375 0.130125
0 0.753773 0.769891 0.063391 0.183656
0 0.678727 0.944336 0.065859 0.111328
2 0.626648 0.831813 0.170578 0.336375
1 0.718500 0.558766 0.067063 0.093313
0 0.593828 0.405539 0.035844 0.156203
0 0.533281 0.398906 0.030438 0.125375
0 0.469219 0.352555 0.041094 0.109141
0 0.495383 0.287227 0.020672 0.121641
1 0.511234 0.203250 0.035000 0.049219
1 0.469391 0.252023 0.037250 0.051578
1 0.558180 0.295656 0.037953 0.071063
1 0.673836 0.124469 0.019078 0.028438
0 0.010906 0.498758 0.021813 0.154328
2 0.010992 0.499156 0.021984 0.153344
0 0.252070 0.426125 0.025922 0.098875
0 0.208547 0.441555 0.080312 0.080703
1 0.219859 0.360609 0.039062 0.069062
2 0.216961 0.419172 0.097359 0.186656
0 0.843461 0.389187 0.045641 0.069937
0 0.783586 0.407344 0.025641 0.107656
0 0.644813 0.180875 0.010781 0.054063
0 0.685250 0.187109 0.013000 0.054094
2 0.665805 0.166961 0.052141 0.112641
2 0.818477 0.370742 0.095953 0.180328
2 0.702914 0.686719 0.169078 0.350625
2 0.172484 0.632820 0.071344 0.190672
2 0.278539 0.664891 0.113016 0.232156
2 0.462930 0.323352 0.053578 0.193109
2 0.572758 0.362516 0.077797 0.204344
2 0.506211 0.250617 0.046078 0.144203
