0 0.242930 0.382852 0.026641 0.062422
1 0.829484 0.376453 0.052469 0.090469
1 0.593141 0.654500 0.071875 0.092437
1 0.335406 0.497055 0.070437 0.094328
1 0.417062 0.141906 0.025469 0.038125
0 0.478016 0.198844 0.064844 0.069875
0 0.498336 0.778148 0.051734 0.116359
0 0.368898 0.622398 0.072609 0.093359
0 0.382305 0.594437 0.052734 0.047063
0 0.203398 0.408938 0.081359 0.066500
0 0.410391 0.217258 0.010813 0.078922
1 0.203875 0.344234 0.035406 0.055344
0 0.819359 0.539070 0.089719 0.174328
2 0.819906 0.464195 0.091437 0.266578
2 0.558359 0.756563 0.171531 0.295937
2 0.328508 0.589180 0.094766 0.278516
2 0.205922 0.379828 0.088094 0.127656
2 0.429750 0.184797 0.051187 0.125156
