2 0.173258 0.335156 0.042547 0.087188
0 0.231320 0.445594 0.054172 0.040781
0 0.264891 0.436516 0.036937 0.123844
1 0.475914 0.405406 0.038109 0.063000
1 0.559805 0.333680 0.031984 0.046109
0 0.520906 0.388602 0.063656 0.045922
0 0.624664 0.923031 0.039203 0.095250
0 0.834227 0.637461 0.039203 0.076797
2 0.802469 0.593883 0.104094 0.170016
2 0.494227 0.214820 0.061078 0.126859
0 0.480086 0.217031 0.032828 0.047812
0 0.510711 0.214453 0.026266 0.047656
1 0.493430 0.171656 0.019703 0.041094
0 0.725766 0.556328 0.058219 0.092344
1 0.792133 0.544148 0.082328 0.068578
2 0.568703 0.900758 0.154625 0.182672
0 0.602789 0.854180 0.023984 0.024953
0 0.533836 0.371422 0.022609 0.010125
2 0.550273 0.371984 0.067484 0.122969
1 0.016453 0.304750 0.032906 0.062531
0 0.061500 0.387719 0.043813 0.098031
0 0.033898 0.427195 0.067797 0.089359
2 0.041922 0.379266 0.083844 0.211219
0 0.136023 0.466578 0.031672 0.116250
1 0.147781 0.335039 0.050687 0.060203
1 0.205055 0.358687 0.040172 0.056469
0 0.540133 0.504656 0.050953 0.071687
0 0.442891 0.533070 0.015062 0.096328
2 0.479164 0.477367 0.088328 0.207016
0 0.229188 0.398820 0.087156 0.136422
2 0.167055 0.417695 0.096453 0.225297
1 0.168055 0.317156 0.031266 0.050313
1 0.550609 0.866898 0.080375 0.112141
