1 0.410258 0.263383 0.034891 0.061984
1 0.363180 0.265516 0.024672 0.046875
1 0.293992 0.248719 0.038297 0.054125
2 0.627859 0.275422 0.054781 0.123188
0 0.593633 0.712500 0.131547 0.060313
0 0.562008 0.641852 0.065078 0.025859
1 0.504484 0.609820 0.085031 0.084016
1 0.855234 0.575703 0.056094 0.080469
1 0.623516 0.234359 0.032656 0.041406
1 0.582008 0.345500 0.028453 0.036594
1 0.463211 0.195187 0.021266 0.038375
0 0.315234 0.319148 0.082781 0.065141
0 0.326016 0.320414 0.033438 0.013734
0 0.629508 0.303672 0.050672 0.059844
0 0.470164 0.250508 0.042359 0.051172
0 0.451812 0.252172 0.020781 0.055000
0 0.360938 0.332898 0.032906 0.039203
0 0.831984 0.674516 0.125750 0.079719
0 0.052828 0.414016 0.075750 0.151031
2 0.045609 0.416102 0.091219 0.164172
0 0.028008 0.324641 0.023828 0.049531
2 0.216297 0.411945 0.079469 0.216016
2 0.298961 0.308211 0.062391 0.173578
2 0.359422 0.297344 0.037500 0.110969
2 0.404406 0.338141 0.051938 0.212281
2 0.020141 0.312375 0.040281 0.074969
2 0.467648 0.229844 0.052078 0.107813
1 0.212578 0.338906 0.052031 0.069375
0 0.213711 0.484969 0.067703 0.106937
2 0.845672 0.624641 0.098781 0.180000
2 0.491297 0.668578 0.110844 0.203781
0 0.539813 0.417266 0.056313 0.067656
0 0.407414 0.394750 0.022641 0.137344
