0 0.281719 0.432477 0.022344 0.111141
1 0.861047 0.291281 0.040844 0.056406
1 0.864812 0.350234 0.053000 0.076375
2 0.316734 0.365789 0.093406 0.195734
0 0.900734 0.509297 0.049594 0.194219
0 0.806398 0.497969 0.047703 0.170000
2 0.832641 0.378469 0.098406 0.229313
0 0.796242 0.440211 0.024672 0.105297
2 0.853398 0.436969 0.143484 0.249688
2 0.353719 0.744891 0.138625 0.191156
2 0.757281 0.786070 0.148406 0.375047
1 0.295766 0.302430 0.036625 0.066922
1 0.764484 0.662203 0.101656 0.127469
0 0.430609 0.796375 0.152156 0.082094
1 0.330383 0.691820 0.079859 0.083984
0 0.742453 0.909914 0.106875 0.127047
0 0.350570 0.408961 0.029484 0.130516
