2 0.434070 0.346945 0.067891 0.163609
2 0.822156 0.613789 0.111469 0.165859
2 0.536977 0.673328 0.132484 0.184687
0 0.622383 0.708000 0.151516 0.056000
0 0.593805 0.639266 0.037828 0.027344
1 0.554125 0.619820 0.059812 0.077453
1 0.819000 0.567711 0.066656 0.073953
0 0.821430 0.655867 0.110516 0.081391
0 0.772219 0.607219 0.054594 0.042875
1 0.438227 0.290500 0.048828 0.050625
1 0.613883 0.224734 0.033453 0.039062
0 0.629453 0.292422 0.017344 0.053437
2 0.614734 0.270633 0.047219 0.129984
0 0.462094 0.382578 0.012656 0.067969
0 0.417266 0.381383 0.034750 0.089109
