1 0.872656 0.555562 0.052812 0.076719
1 0.040180 0.211586 0.040641 0.043391
0 0.078148 0.219422 0.043453 0.038750
1 0.044711 0.279438 0.041391 0.062625
0 0.099758 0.410273 0.026266 0.127422
0 0.058094 0.421891 0.090656 0.139656
1 0.249648 0.398320 0.051891 0.078828
1 0.255930 0.337836 0.030953 0.045172
0 0.228836 0.534125 0.037297 0.128000
1 0.540438 0.608117 0.048125 0.085359
0 0.461695 0.677547 0.071297 0.073500
0 0.601109 0.728563 0.089969 0.139437
0 0.520047 0.400250 0.057344 0.054375
0 0.526125 0.381328 0.028437 0.014375
1 0.553695 0.334625 0.033766 0.049688
0 0.638164 0.278453 0.022203 0.058281
1 0.626625 0.222172 0.029219 0.046562
0 0.806320 0.635852 0.051516 0.131109
0 0.846187 0.657156 0.114687 0.080063
2 0.842516 0.606594 0.125937 0.180219
2 0.550922 0.373203 0.056344 0.127250
2 0.623758 0.263320 0.048922 0.128453
2 0.243820 0.383867 0.071422 0.136797
2 0.263336 0.484922 0.106953 0.252031
2 0.062664 0.369656 0.101172 0.243187
2 0.048391 0.252172 0.057062 0.124750
2 0.512203 0.669859 0.140312 0.208063
