2 0.301242 0.511398 0.150891 0.250297
1 0.069484 0.381547 0.050219 0.076906
1 0.115727 0.398031 0.056453 0.066125
1 0.145570 0.357344 0.053297 0.077188
1 0.214727 0.370477 0.039766 0.051547
1 0.280727 0.424461 0.056109 0.077641
0 0.361852 0.525492 0.029297 0.097047
0 0.245141 0.562414 0.038656 0.117047
0 0.185641 0.522813 0.028906 0.135000
0 0.071047 0.499891 0.017094 0.061406
2 0.073422 0.444898 0.073781 0.204266
2 0.130469 0.491344 0.137000 0.252000
2 0.176445 0.451687 0.114422 0.266937
2 0.228742 0.408484 0.068609 0.128656
1 0.384109 0.315727 0.048594 0.046047
0 0.399656 0.380414 0.049906 0.052297
2 0.391203 0.354734 0.067906 0.123719
1 0.448047 0.307516 0.033469 0.054375
0 0.417664 0.363672 0.012828 0.060469
0 0.487883 0.388312 0.018141 0.077750
2 0.455117 0.365062 0.087672 0.169562
1 0.549484 0.330859 0.026406 0.037750
0 0.510414 0.387203 0.019859 0.039031
2 0.531906 0.359164 0.062938 0.095422
0 0.385781 0.240367 0.047094 0.043328
1 0.391641 0.196117 0.009437 0.033047
2 0.385641 0.228195 0.049281 0.097516
