0 0.829539 0.650984 0.104984 0.100844
1 0.348445 0.845586 0.086578 0.141672
2 0.351859 0.886875 0.182812 0.226250
1 0.546680 0.612500 0.054734 0.075344
1 0.843891 0.559617 0.057344 0.071922
1 0.618555 0.221188 0.037047 0.040625
1 0.383656 0.317750 0.043750 0.049000
0 0.406047 0.372844 0.022406 0.069031
0 0.364734 0.382250 0.033906 0.064000
0 0.579203 0.641711 0.065500 0.035766
0 0.618000 0.704305 0.153062 0.059984
0 0.794047 0.638641 0.045063 0.141594
0 0.622984 0.287031 0.030781 0.061250
0 0.636930 0.283141 0.014703 0.040156
2 0.524336 0.670898 0.107922 0.192734
2 0.827703 0.616844 0.112125 0.186687
2 0.382773 0.355766 0.070859 0.126375
2 0.621195 0.258430 0.047609 0.115828
