2 0.272672 0.658000 0.120938 0.214625
2 0.554133 0.775680 0.180766 0.401328
0 0.911742 0.484500 0.064859 0.142406
1 0.765695 0.630273 0.084016 0.124422
0 0.800430 0.867836 0.083891 0.241328
0 0.659539 0.728453 0.070609 0.179031
2 0.454680 0.282820 0.068453 0.164078
1 0.189898 0.562312 0.055141 0.077625
2 0.683586 0.302766 0.065891 0.191688
2 0.534000 0.245820 0.073625 0.148047
1 0.454086 0.226797 0.032859 0.051250
0 0.480844 0.317539 0.014844 0.094109
0 0.506914 0.270680 0.019359 0.092578
0 0.562102 0.276680 0.016109 0.075672
1 0.544742 0.196281 0.031359 0.048594
1 0.698820 0.233305 0.035234 0.053078
2 0.865805 0.354695 0.102547 0.162797
2 0.917570 0.420344 0.095547 0.222500
1 0.896211 0.303672 0.040328 0.060312
1 0.936766 0.338875 0.057188 0.059687
0 0.838977 0.374852 0.050703 0.122578
1 0.768680 0.345305 0.044516 0.073484
0 0.711469 0.338586 0.019031 0.111016
0 0.665211 0.342789 0.029641 0.135516
0 0.707914 0.455844 0.034891 0.150813
0 0.792430 0.480672 0.041828 0.159313
0 0.657523 0.541891 0.047922 0.084844
0 0.581461 0.610789 0.039234 0.102734
1 0.565383 0.493719 0.043766 0.068187
2 0.613461 0.572211 0.137422 0.224016
2 0.762266 0.422828 0.105875 0.228031
0 0.555297 0.865687 0.173625 0.160875
0 0.484500 0.824539 0.040750 0.143734
1 0.270555 0.588641 0.059641 0.077438
1 0.550039 0.649477 0.083172 0.149484
0 0.214797 0.586812 0.042844 0.088344
0 0.203133 0.681859 0.039547 0.099781
0 0.319680 0.696750 0.025922 0.082750
2 0.736719 0.747398 0.177656 0.359234
2 0.188648 0.628320 0.095359 0.209734
