0 0.600867 0.716828 0.041203 0.171812
1 0.582422 0.565188 0.054438 0.100438
0 0.527242 0.718352 0.040109 0.208578
1 0.304781 0.304820 0.040156 0.052453
1 0.281484 0.438977 0.063906 0.062016
0 0.643133 0.242438 0.035984 0.066719
1 0.613641 0.226750 0.033469 0.042469
0 0.336539 0.588156 0.044672 0.147469
0 0.837719 0.659687 0.133188 0.070312
0 0.804828 0.607500 0.073250 0.088438
1 0.874820 0.576234 0.055109 0.081000
2 0.319477 0.360352 0.072047 0.164391
2 0.292383 0.522633 0.123578 0.231516
0 0.241297 0.530406 0.019875 0.092219
2 0.563789 0.625156 0.119047 0.222500
2 0.852016 0.615156 0.102438 0.160094
2 0.628195 0.265047 0.065484 0.119281
