1 0.638102 0.244867 0.033828 0.044172
0 0.052648 0.406781 0.051516 0.111750
0 0.317836 0.502250 0.045766 0.104875
1 0.300867 0.365914 0.044797 0.064859
0 0.290789 0.315305 0.026172 0.060641
0 0.363008 0.327813 0.022828 0.054219
1 0.339594 0.258539 0.032969 0.047422
1 0.442875 0.250172 0.029312 0.054000
0 0.496273 0.252086 0.018359 0.066891
0 0.472438 0.255148 0.030906 0.070172
1 0.476305 0.194078 0.019859 0.038906
2 0.480750 0.235516 0.047531 0.121781
0 0.415844 0.366289 0.015094 0.120516
0 0.472086 0.361648 0.022984 0.107734
1 0.576523 0.356984 0.033391 0.045906
2 0.559187 0.389250 0.067406 0.111187
0 0.535977 0.415859 0.052172 0.055406
0 0.661039 0.314438 0.030734 0.067250
2 0.647172 0.295148 0.059469 0.146266
2 0.039148 0.403078 0.078297 0.160625
2 0.325141 0.324836 0.094188 0.179391
2 0.446383 0.323242 0.074641 0.200078
2 0.301727 0.446391 0.077828 0.225844
0 0.547953 0.646609 0.046406 0.031562
0 0.557969 0.687437 0.079375 0.087688
0 0.821391 0.635773 0.073250 0.075328
0 0.811555 0.579047 0.029141 0.065094
1 0.851242 0.535977 0.061922 0.071672
2 0.834906 0.586609 0.100188 0.174062
1 0.505719 0.580641 0.046250 0.074219
2 0.496648 0.667531 0.115078 0.246875
