0 0.385625 0.240141 0.047656 0.045625
2 0.431586 0.333086 0.065984 0.161953
1 0.549328 0.334125 0.030375 0.046125
2 0.533438 0.369352 0.063875 0.117547
0 0.519164 0.369062 0.019234 0.011719
0 0.519344 0.384273 0.038125 0.045203
2 0.385234 0.227469 0.047969 0.089750
1 0.397133 0.308047 0.012641 0.042000
2 0.387344 0.349539 0.047875 0.127797
1 0.086070 0.410258 0.059328 0.083234
1 0.144508 0.345773 0.050828 0.073141
0 0.146141 0.463156 0.032750 0.075812
0 0.135828 0.547813 0.017281 0.120938
2 0.093633 0.488766 0.100172 0.241844
2 0.173352 0.433812 0.108641 0.249562
1 0.258563 0.450227 0.061094 0.076734
0 0.270250 0.624203 0.045156 0.121594
2 0.275117 0.530883 0.094641 0.239797
1 0.246406 0.357375 0.037250 0.051187
2 0.241633 0.409609 0.050391 0.157656
1 0.418039 0.273813 0.031266 0.042344
1 0.391711 0.198266 0.009547 0.030625
0 0.445930 0.353266 0.037797 0.072250
