0 0.465938 0.243500 0.047438 0.038938
2 0.406609 0.715148 0.117594 0.182172
2 0.807758 0.480148 0.096766 0.221891
1 0.820555 0.403883 0.045109 0.068609
0 0.796516 0.506492 0.069594 0.110453
0 0.885531 0.475992 0.070437 0.076453
0 0.477094 0.771211 0.113531 0.068516
1 0.381523 0.661680 0.067234 0.074078
0 0.430367 0.681758 0.034172 0.030797
2 0.657484 0.294492 0.073469 0.146047
2 0.587398 0.273383 0.059297 0.150422
2 0.467430 0.238602 0.050297 0.125984
2 0.035086 0.405242 0.070172 0.150453
2 0.404109 0.364492 0.083969 0.194141
2 0.330141 0.328320 0.076969 0.162953
1 0.353203 0.269469 0.030781 0.044750
1 0.464445 0.193344 0.022516 0.035312
0 0.454031 0.253930 0.016750 0.058797
0 0.039156 0.407750 0.042156 0.115844
0 0.351930 0.332086 0.029703 0.062703
0 0.367609 0.379852 0.010937 0.059797
0 0.431141 0.409930 0.029594 0.102547
0 0.552055 0.377844 0.024703 0.016094
0 0.541664 0.396695 0.034547 0.060984
1 0.582328 0.350375 0.024938 0.039312
2 0.564797 0.384680 0.059063 0.107828
0 0.634805 0.311031 0.027953 0.075719
0 0.682234 0.306617 0.024844 0.062672
1 0.674797 0.243852 0.025125 0.044578
0 0.588242 0.300938 0.018078 0.065000
0 0.566680 0.283109 0.018609 0.014531
1 0.573164 0.222773 0.030641 0.048672
1 0.410180 0.293758 0.036047 0.050953
