0 0.672469 0.237156 0.024219 0.045688
1 0.421141 0.727281 0.093250 0.136625
0 0.529695 0.841734 0.054734 0.150594
0 0.366305 0.945828 0.066234 0.108344
1 0.697742 0.237266 0.031734 0.062344
0 0.722508 0.298047 0.035328 0.050781
0 0.664891 0.343703 0.026625 0.116656
0 0.453203 0.376148 0.037250 0.110047
1 0.437188 0.269406 0.039219 0.049531
0 0.758648 0.484930 0.017172 0.047953
1 0.761680 0.310539 0.045234 0.078641
2 0.683266 0.290180 0.061469 0.171922
2 0.740023 0.385008 0.093484 0.231109
0 0.718703 0.453453 0.051156 0.158750
2 0.435977 0.828898 0.209516 0.342203
2 0.432719 0.338234 0.056219 0.188219
1 0.692234 0.189172 0.022187 0.042188
0 0.711930 0.228469 0.011266 0.049844
2 0.689484 0.219922 0.057969 0.105844
