1 0.574812 0.160266 0.027812 0.045312
1 0.844328 0.240711 0.033281 0.057641
0 0.796992 0.333141 0.024953 0.109969
0 0.876891 0.290375 0.032500 0.051875
0 0.637094 0.445078 0.017031 0.122969
0 0.571742 0.438570 0.029266 0.148422
2 0.647984 0.588539 0.132969 0.185734
0 0.317109 0.694922 0.026031 0.110156
0 0.556648 0.244008 0.048891 0.087016
0 0.988367 0.522906 0.023266 0.084344
2 0.948289 0.504328 0.085016 0.145781
2 0.572188 0.215813 0.046000 0.156813
2 0.190539 0.624922 0.096859 0.201187
0 0.603727 0.608789 0.043484 0.081734
0 0.204539 0.680250 0.038359 0.090125
2 0.829133 0.293656 0.088609 0.164313
2 0.601531 0.390578 0.088844 0.185813
2 0.274828 0.658984 0.111531 0.203875
1 0.657602 0.528297 0.056922 0.064219
1 0.958781 0.459453 0.042469 0.057937
0 0.917570 0.515906 0.023266 0.110156
0 0.698945 0.608039 0.032234 0.069734
1 0.287359 0.597391 0.050000 0.079906
1 0.213414 0.563211 0.053359 0.078766
1 0.616141 0.333367 0.058594 0.069203
