0 0.712398 0.712953 0.078734 0.116312
0 0.300078 0.643500 0.050875 0.069375
0 0.338516 0.509367 0.076500 0.076828
0 0.374602 0.493391 0.026078 0.090094
2 0.356898 0.736437 0.126016 0.207250
2 0.304141 0.672078 0.160594 0.138063
2 0.740219 0.694633 0.137125 0.161234
1 0.342031 0.450281 0.037594 0.061562
1 0.689547 0.408898 0.037750 0.068734
1 0.256602 0.641656 0.064672 0.074594
1 0.343562 0.680664 0.066844 0.092891
1 0.742109 0.662867 0.064844 0.093859
0 0.406969 0.740531 0.058000 0.033594
0 0.664609 0.711992 0.018781 0.038578
0 0.407719 0.794461 0.085219 0.088828
2 0.350734 0.492641 0.101063 0.147844
2 0.710867 0.456367 0.081422 0.164922
0 0.673367 0.460320 0.021297 0.045391
0 0.725398 0.498297 0.051109 0.115813
