0 0.175305 0.359648 0.038141 0.054766
1 0.013227 0.253359 0.026453 0.057906
0 0.059820 0.334219 0.039234 0.115937
0 0.074766 0.392883 0.032031 0.088141
0 0.086250 0.455250 0.053125 0.065125
0 0.210812 0.483414 0.042469 0.143484
0 0.257805 0.434031 0.034672 0.143219
1 0.206562 0.362328 0.038750 0.050781
1 0.138594 0.362281 0.049344 0.068250
1 0.017313 0.319281 0.034625 0.066875
1 0.162734 0.298172 0.029375 0.043594
0 0.222117 0.310625 0.028391 0.070094
1 0.235766 0.288977 0.041438 0.066391
0 0.617953 0.420305 0.042219 0.081266
0 0.543273 0.433141 0.019703 0.105719
0 0.536609 0.471906 0.068406 0.103719
1 0.498227 0.361992 0.049516 0.051797
2 0.214680 0.409469 0.054797 0.144812
2 0.040078 0.308609 0.080156 0.168219
2 0.046016 0.382555 0.092031 0.196141
2 0.146195 0.444312 0.172172 0.232000
2 0.171016 0.331875 0.047656 0.111094
1 0.576680 0.342266 0.035953 0.058594
0 0.649008 0.318352 0.023234 0.072016
0 0.552500 0.263141 0.043375 0.074563
0 0.530563 0.261484 0.012875 0.067969
1 0.623406 0.246422 0.028844 0.048219
1 0.544055 0.197773 0.028016 0.044297
2 0.632766 0.290180 0.056719 0.136828
2 0.585586 0.404375 0.105141 0.182500
2 0.507367 0.442539 0.082703 0.212422
2 0.549336 0.235133 0.051891 0.118797
2 0.249492 0.368922 0.083359 0.227781
0 0.224961 0.448484 0.032891 0.083156
