0 0.599969 0.284633 0.028875 0.051672
1 0.838836 0.566516 0.054109 0.064469
0 0.328336 0.408055 0.024922 0.069203
0 0.264703 0.782523 0.101406 0.090578
0 0.233891 0.765953 0.052281 0.066562
0 0.914602 0.726172 0.094203 0.136187
0 0.792328 0.630414 0.053250 0.105422
2 0.828430 0.632766 0.125141 0.197906
2 0.343688 0.362672 0.063687 0.160062
2 0.290367 0.743367 0.147922 0.169516
2 0.606492 0.254375 0.047609 0.111875
1 0.278320 0.698734 0.074516 0.080344
0 0.606414 0.280609 0.047828 0.041406
1 0.609312 0.219250 0.023438 0.040563
1 0.334328 0.315727 0.044781 0.065828
