1 0.981945 0.506703 0.036109 0.057688
1 0.638078 0.202844 0.022594 0.043562
0 0.613102 0.287297 0.019547 0.097469
0 0.650633 0.281813 0.010891 0.076469
1 0.827461 0.252086 0.033484 0.059922
0 0.770094 0.335883 0.032500 0.112141
0 0.770820 0.377148 0.026516 0.115984
0 0.863555 0.387172 0.048234 0.112406
1 0.849570 0.463180 0.050422 0.078641
0 0.882367 0.528719 0.026641 0.077937
0 0.813969 0.529086 0.065594 0.090266
0 0.965945 0.587555 0.068109 0.055141
0 0.943266 0.583797 0.048531 0.054125
1 0.848344 0.281406 0.040937 0.056562
2 0.838086 0.500242 0.113922 0.152953
2 0.977187 0.544203 0.045625 0.133406
2 0.799031 0.306555 0.091000 0.169953
2 0.813078 0.349891 0.111344 0.193969
2 0.630031 0.235680 0.053500 0.109828
1 0.660000 0.183750 0.020781 0.034844
0 0.664602 0.231547 0.016266 0.017188
2 0.659555 0.203305 0.026328 0.073641
