1 0.682844 0.328141 0.040937 0.071562
1 0.665297 0.234328 0.036719 0.042656
1 0.566312 0.233156 0.033437 0.050625
1 0.227562 0.575094 0.078000 0.114375
0 0.190930 0.799523 0.052047 0.157453
0 0.336930 0.767086 0.046141 0.219328
0 0.716945 0.450477 0.032609 0.151453
0 0.637000 0.431664 0.026063 0.148297
0 0.614781 0.314430 0.015250 0.104172
0 0.557531 0.333602 0.017938 0.106484
0 0.641180 0.314164 0.019547 0.065359
2 0.262789 0.716898 0.196078 0.400234
2 0.684305 0.390320 0.098922 0.196484
2 0.661984 0.282531 0.061156 0.140531
2 0.581516 0.286008 0.067656 0.157016
