0 0.671578 0.361859 0.030375 0.093469
0 0.635625 0.314000 0.032625 0.112094
1 0.694750 0.271250 0.046312 0.043938
0 0.554523 0.455469 0.042891 0.065375
0 0.578016 0.472281 0.093562 0.072000
1 0.598297 0.393734 0.041406 0.051906
0 0.335844 0.705797 0.063406 0.089656
1 0.291000 0.584609 0.059875 0.082031
0 0.199703 0.638648 0.067687 0.130828
1 0.167352 0.548555 0.062672 0.071953
2 0.861367 0.312305 0.106297 0.173203
1 0.486805 0.085000 0.017297 0.034375
0 0.502508 0.150109 0.018766 0.027906
0 0.465477 0.148500 0.009984 0.065187
2 0.479781 0.124266 0.039719 0.113875
2 0.169969 0.618750 0.076781 0.212500
2 0.284523 0.646242 0.106547 0.208453
2 0.597219 0.435172 0.088500 0.134469
2 0.645273 0.284359 0.052766 0.170969
1 0.893938 0.257109 0.040687 0.061406
0 0.890805 0.369016 0.041609 0.127313
0 0.825859 0.342453 0.034031 0.112719
2 0.681609 0.328258 0.074969 0.159891
1 0.654203 0.225547 0.036531 0.051156
