1 0.091359 0.356602 0.049562 0.068891
0 0.535969 0.399805 0.063906 0.048203
1 0.557633 0.334656 0.032203 0.046250
1 0.469859 0.411961 0.055437 0.060016
2 0.789656 0.478008 0.092875 0.178328
1 0.794266 0.424188 0.046250 0.071063
0 0.713789 0.437969 0.077297 0.064687
0 0.820312 0.551437 0.031906 0.153969
2 0.567578 0.905352 0.147719 0.189297
1 0.554883 0.864344 0.077797 0.107875
0 0.626781 0.911180 0.028562 0.076484
2 0.648813 0.967148 0.097063 0.065703
1 0.648695 0.967289 0.096047 0.065422
2 0.155461 0.313844 0.029578 0.076656
1 0.153133 0.303008 0.024641 0.054328
2 0.120375 0.440188 0.141719 0.237437
2 0.191680 0.382812 0.092953 0.207188
0 0.240914 0.421039 0.050641 0.147297
2 0.040477 0.376555 0.080953 0.206609
0 0.062742 0.366008 0.037641 0.070484
0 0.032336 0.455516 0.064672 0.154406
0 0.063148 0.474508 0.026922 0.075359
0 0.169320 0.462328 0.046109 0.103844
1 0.182023 0.306367 0.048141 0.052828
0 0.441594 0.542234 0.019344 0.116031
1 0.017695 0.303398 0.035391 0.061328
2 0.445164 0.213203 0.059453 0.133344
0 0.428477 0.214328 0.025953 0.046437
0 0.458352 0.214703 0.032047 0.046094
1 0.442758 0.167531 0.018922 0.042031
2 0.558133 0.373039 0.044672 0.122109
2 0.475141 0.483078 0.088062 0.202500
