2 0.556047 0.266492 0.039531 0.158578
0 0.609367 0.278414 0.022484 0.060672
1 0.582500 0.193188 0.023344 0.036531
2 0.583617 0.247781 0.035359 0.145375
0 0.700063 0.288891 0.026000 0.089250
0 0.647656 0.302922 0.013781 0.095594
1 0.673680 0.208070 0.026578 0.043859
2 0.676789 0.259180 0.072297 0.146672
0 0.970141 0.448922 0.059719 0.098813
0 0.887398 0.440617 0.030266 0.107578
1 0.958156 0.325336 0.059156 0.067672
2 0.936125 0.399492 0.127750 0.215391
0 0.432656 0.797453 0.147844 0.085719
1 0.334852 0.683437 0.069016 0.091562
2 0.354953 0.739070 0.143125 0.202859
0 0.571344 0.301477 0.008562 0.066391
0 0.545844 0.303836 0.019125 0.108266
1 0.556227 0.210031 0.025641 0.045625
