0 0.437117 0.241375 0.021203 0.090375
0 0.476289 0.228945 0.030328 0.064984
0 0.602758 0.310531 0.024578 0.071844
2 0.574000 0.386375 0.042906 0.119125
0 0.545750 0.418328 0.067219 0.065969
0 0.557078 0.386203 0.023594 0.015781
0 0.632266 0.330578 0.020375 0.061500
0 0.658352 0.312555 0.014547 0.053484
1 0.454109 0.167375 0.020313 0.043125
0 0.155562 0.408766 0.058156 0.151156
0 0.217906 0.430023 0.026125 0.090984
0 0.298320 0.386078 0.021266 0.063750
1 0.239117 0.315461 0.041547 0.058859
1 0.144289 0.282758 0.041516 0.059359
1 0.167820 0.298719 0.027766 0.045625
1 0.206312 0.363977 0.035813 0.047734
1 0.581883 0.349742 0.026609 0.045766
2 0.152102 0.361148 0.066641 0.216453
2 0.172812 0.332078 0.038312 0.112094
2 0.205414 0.389453 0.036984 0.098250
2 0.257633 0.389000 0.104234 0.207187
2 0.638867 0.301969 0.054047 0.151375
2 0.599109 0.276398 0.054375 0.140016
2 0.463187 0.212938 0.056875 0.134906
2 0.492758 0.654633 0.104266 0.256141
1 0.485273 0.558711 0.058328 0.064984
0 0.541516 0.611523 0.051437 0.026266
0 0.577094 0.610141 0.084281 0.108563
2 0.762453 0.493375 0.110594 0.212312
1 0.770180 0.423969 0.046109 0.072938
0 0.801703 0.544672 0.033062 0.127219
0 0.692469 0.487797 0.073219 0.090563
1 0.634266 0.247977 0.035656 0.042453
1 0.587211 0.231180 0.030484 0.049516
