1 0.518313 0.591398 0.067781 0.081828
0 0.541883 0.677352 0.072922 0.095891
0 0.545484 0.624062 0.022813 0.030625
2 0.509789 0.666445 0.139359 0.231047
2 0.674492 0.304641 0.056297 0.150438
1 0.635383 0.209125 0.027203 0.052656
0 0.605016 0.291586 0.018969 0.048453
0 0.648711 0.309008 0.031422 0.087016
0 0.401367 0.244219 0.017203 0.088250
2 0.043203 0.399906 0.086406 0.225188
2 0.246758 0.402047 0.100391 0.210281
2 0.167258 0.341195 0.051766 0.117266
0 0.166766 0.355500 0.050531 0.053031
1 0.160586 0.304023 0.037172 0.042734
1 0.235547 0.327891 0.047187 0.064844
0 0.269242 0.450078 0.055922 0.099531
0 0.079484 0.453227 0.070656 0.142922
1 0.023875 0.316484 0.047750 0.059937
0 0.358086 0.250445 0.016953 0.103734
2 0.379945 0.224727 0.061078 0.136359
1 0.365797 0.173469 0.007969 0.032187
1 0.674492 0.249625 0.033609 0.040469
0 0.686992 0.331750 0.030859 0.083906
2 0.633188 0.267938 0.062719 0.169781
1 0.584477 0.353836 0.031297 0.042484
0 0.555914 0.388266 0.020953 0.016406
0 0.538391 0.416336 0.058469 0.055672
2 0.571414 0.388398 0.057359 0.111703
0 0.732242 0.491703 0.094891 0.082219
1 0.743445 0.404227 0.061453 0.068172
2 0.739977 0.479422 0.086516 0.218813
