0 0.670023 0.267414 0.039234 0.061047
2 0.670672 0.246063 0.040906 0.105719
0 0.644531 0.309492 0.016188 0.106641
2 0.626305 0.261891 0.059453 0.162094
0 0.319937 0.957320 0.036938 0.085359
0 0.487453 0.925313 0.068813 0.149375
2 0.411250 0.853898 0.222188 0.292203
0 0.320070 0.711961 0.034484 0.070859
2 0.164711 0.635133 0.089422 0.203172
2 0.282156 0.666891 0.110844 0.213594
0 0.179297 0.717992 0.070094 0.153391
1 0.179680 0.573336 0.059922 0.079578
1 0.295195 0.600172 0.065266 0.080219
1 0.395141 0.791555 0.083812 0.167609
1 0.637852 0.203203 0.036422 0.043906
