0 0.463539 0.289875 0.009734 0.057156
0 0.593055 0.317859 0.047922 0.064906
1 0.609789 0.199422 0.032828 0.048438
1 0.597398 0.242391 0.036672 0.046781
2 0.657828 0.215992 0.059344 0.156984
0 0.623453 0.281687 0.013969 0.100125
2 0.612117 0.253320 0.037297 0.157422
2 0.592883 0.280000 0.047891 0.122656
0 0.670250 0.243906 0.033875 0.101094
2 0.503812 0.211633 0.051406 0.159766
2 0.444727 0.257461 0.048422 0.165609
1 0.652055 0.163297 0.024703 0.051094
0 0.452375 0.290859 0.047344 0.098281
0 0.497141 0.243852 0.027219 0.115109
1 0.440367 0.197477 0.032922 0.045734
1 0.516133 0.156391 0.026891 0.049531
