1 0.623016 0.210234 0.027656 0.047344
2 0.515680 0.202594 0.033078 0.106906
2 0.854266 0.465969 0.129937 0.202750
0 0.818359 0.459625 0.058219 0.083875
0 0.869047 0.472391 0.099969 0.073031
1 0.889844 0.398383 0.054375 0.067984
2 0.048461 0.385992 0.096922 0.207391
2 0.240719 0.402539 0.104188 0.215516
0 0.541016 0.417203 0.064219 0.060469
0 0.565867 0.374016 0.017828 0.020313
1 0.585430 0.353625 0.029141 0.041406
2 0.165937 0.325797 0.051000 0.100875
1 0.162328 0.296695 0.035812 0.042297
0 0.269109 0.372734 0.048406 0.085469
1 0.222055 0.326953 0.047047 0.064062
0 0.165766 0.350367 0.050625 0.051516
0 0.078453 0.423602 0.036594 0.112797
1 0.015164 0.317047 0.030328 0.069125
2 0.635437 0.268094 0.051344 0.163062
2 0.573195 0.390227 0.053453 0.114297
2 0.481742 0.678867 0.094547 0.195234
0 0.539109 0.700500 0.094563 0.085156
0 0.532898 0.628812 0.049859 0.027375
1 0.480625 0.614211 0.062375 0.066359
2 0.693227 0.328828 0.070734 0.155781
1 0.689758 0.272430 0.036453 0.042641
0 0.622680 0.299945 0.024984 0.101516
0 0.667938 0.356938 0.020156 0.066688
0 0.717781 0.347266 0.021406 0.069531
1 0.514398 0.170133 0.020797 0.041859
0 0.511609 0.196242 0.025125 0.058391
