2 0.663750 0.394563 0.085344 0.137750
0 0.802680 0.364086 0.033359 0.114328
0 0.854945 0.287852 0.037672 0.092422
1 0.898875 0.221766 0.032875 0.044219
1 0.810641 0.249594 0.037344 0.050188
0 0.639094 0.273695 0.017563 0.099484
1 0.656289 0.189453 0.021141 0.032969
2 0.650438 0.224883 0.040187 0.104297
2 0.876984 0.265969 0.077781 0.134000
2 0.790633 0.316656 0.076828 0.187188
2 0.975750 0.543250 0.048500 0.134500
0 0.941953 0.573344 0.052156 0.073156
0 0.964258 0.584273 0.071484 0.060266
1 0.980781 0.506836 0.038438 0.059609
0 0.658922 0.424070 0.076344 0.078109
1 0.684430 0.359156 0.043578 0.067625
