2 0.460680 0.686492 0.091797 0.201391
1 0.405797 0.315984 0.030344 0.045781
0 0.418414 0.371172 0.039234 0.053594
1 0.390836 0.197703 0.009203 0.029906
2 0.400172 0.357305 0.072469 0.128828
0 0.383688 0.238289 0.046469 0.048422
1 0.476867 0.860633 0.099922 0.152797
0 0.402172 0.228188 0.007250 0.033438
2 0.764797 0.487820 0.109562 0.194672
0 0.732648 0.534070 0.048672 0.138516
0 0.810414 0.560336 0.032391 0.144016
1 0.781727 0.427969 0.041641 0.074063
2 0.558539 0.392422 0.056766 0.114531
0 0.562516 0.435500 0.048313 0.080875
2 0.382891 0.229422 0.046031 0.093031
1 0.547391 0.361016 0.027250 0.051719
0 0.524906 0.371805 0.020000 0.020453
1 0.056594 0.399375 0.056031 0.088750
0 0.091781 0.522883 0.050375 0.072359
0 0.094867 0.508203 0.022672 0.025469
1 0.128250 0.346383 0.052875 0.080672
0 0.142547 0.455883 0.066125 0.090422
1 0.206766 0.547594 0.070469 0.107625
0 0.262086 0.663320 0.107953 0.179609
0 0.239922 0.689469 0.153875 0.092312
1 0.095266 0.745188 0.107938 0.141500
0 0.217625 0.928297 0.102781 0.143406
2 0.153227 0.837023 0.232516 0.325953
2 0.238266 0.636484 0.159219 0.287031
2 0.155602 0.426531 0.108047 0.242563
2 0.057180 0.474195 0.092734 0.239234
0 0.564578 0.979078 0.056906 0.041844
2 0.474914 0.891883 0.187984 0.216234
1 0.469727 0.618945 0.073141 0.063359
0 0.484023 0.732445 0.042766 0.066047
