0 0.867195 0.406625 0.037609 0.063937
0 0.850383 0.517570 0.035359 0.177734
0 0.317203 0.683102 0.030781 0.067109
0 0.217836 0.599727 0.069359 0.104297
0 0.721969 0.353195 0.025000 0.129234
2 0.727469 0.305844 0.068187 0.187281
2 0.599047 0.416000 0.103062 0.269875
2 0.530445 0.255477 0.067453 0.136547
0 0.503820 0.285781 0.014016 0.076250
2 0.440773 0.289375 0.070266 0.178750
1 0.277203 0.585406 0.056719 0.070312
1 0.215883 0.543898 0.054172 0.073109
0 0.318383 0.904906 0.055266 0.172813
1 0.897094 0.319852 0.047344 0.066547
1 0.893422 0.301875 0.046094 0.046344
2 0.386352 0.806156 0.158547 0.387688
1 0.443930 0.220781 0.032766 0.042500
0 0.405828 0.251008 0.032531 0.072359
1 0.539680 0.211102 0.038609 0.047797
0 0.552344 0.307320 0.021875 0.086453
1 0.598578 0.316547 0.047812 0.072187
0 0.549961 0.467844 0.069297 0.165781
0 0.635859 0.462031 0.029531 0.174688
1 0.742938 0.239852 0.036406 0.055609
1 0.835055 0.380375 0.055203 0.079219
2 0.876180 0.324953 0.080547 0.091969
2 0.638797 0.798328 0.266094 0.403344
1 0.387750 0.697453 0.095625 0.169437
2 0.200219 0.607094 0.104219 0.199625
2 0.275094 0.659703 0.111406 0.220281
0 0.386539 0.928445 0.157234 0.143109
0 0.534492 0.782828 0.057984 0.165281
0 0.709109 0.870344 0.128531 0.191188
1 0.637156 0.662258 0.083594 0.127672
2 0.884359 0.397453 0.073000 0.222906
2 0.808914 0.460297 0.119578 0.239094
0 0.851047 0.327883 0.030031 0.040172
0 0.768922 0.495500 0.040031 0.169313
