2 0.833750 0.303422 0.066750 0.126312
0 0.797070 0.346719 0.031297 0.087469
0 0.847992 0.362602 0.036641 0.113359
0 0.522594 0.244875 0.020812 0.087094
0 0.546914 0.238023 0.025672 0.040859
1 0.551813 0.170734 0.024219 0.042656
1 0.582125 0.194195 0.025875 0.039047
1 0.583797 0.231055 0.033000 0.049422
0 0.606687 0.333406 0.019625 0.073094
1 0.558719 0.336734 0.037344 0.061094
0 0.613883 0.455789 0.055078 0.132484
2 0.732641 0.769570 0.145750 0.291484
0 0.687109 0.820055 0.081375 0.185203
1 0.730312 0.683367 0.090375 0.120453
2 0.585883 0.393422 0.092609 0.173156
2 0.978586 0.547367 0.042828 0.138516
0 0.941602 0.581398 0.056891 0.087453
0 0.959820 0.585383 0.080359 0.079141
1 0.982281 0.503016 0.035437 0.047938
2 0.571391 0.223523 0.059656 0.097391
2 0.542211 0.214578 0.060047 0.129688
0 0.562219 0.435406 0.024375 0.047812
0 0.656680 0.248000 0.017797 0.030125
2 0.656937 0.220898 0.044063 0.085672
2 0.353102 0.191859 0.017172 0.067781
1 0.666188 0.193469 0.024219 0.029531
2 0.576859 0.287898 0.080031 0.163828
1 0.845695 0.263055 0.034859 0.046422
