2 0.784016 0.434625 0.104875 0.205000
1 0.980711 0.456844 0.038578 0.050125
2 0.172563 0.645883 0.107563 0.188734
2 0.833664 0.395891 0.080391 0.181969
2 0.155437 0.206141 0.040156 0.100406
0 0.132516 0.640750 0.026562 0.056062
1 0.277672 0.590414 0.053000 0.079859
0 0.316359 0.694148 0.025875 0.113703
0 0.181578 0.725203 0.067656 0.141156
1 0.198719 0.588945 0.054969 0.074672
2 0.953711 0.504289 0.092578 0.145047
0 0.922617 0.524953 0.030641 0.098844
2 0.273125 0.667703 0.112250 0.235875
0 0.987539 0.569969 0.024922 0.036813
1 0.851492 0.243547 0.039453 0.061594
0 0.794484 0.310063 0.031781 0.077281
2 0.825195 0.280891 0.093922 0.136844
1 0.845859 0.334586 0.055500 0.059266
1 0.809602 0.361250 0.053547 0.058062
0 0.770070 0.484602 0.041391 0.151109
