2 0.279102 0.658289 0.114953 0.225547
2 0.135187 0.637430 0.108781 0.216172
0 0.102680 0.565516 0.044828 0.071687
1 0.123273 0.602289 0.055203 0.077078
0 0.100898 0.641594 0.102422 0.113063
1 0.271023 0.583727 0.060891 0.076984
0 0.324289 0.682289 0.023859 0.060391
2 0.649703 0.568227 0.102406 0.185391
0 0.618664 0.612250 0.039609 0.064187
2 0.635906 0.439953 0.086000 0.120406
1 0.643516 0.409187 0.040469 0.057969
0 0.606336 0.473461 0.035641 0.094516
0 0.663344 0.456047 0.031094 0.069063
1 0.657656 0.509164 0.043750 0.068047
2 0.656164 0.218383 0.041891 0.146266
2 0.612242 0.254570 0.052859 0.162234
0 0.647859 0.245063 0.025781 0.093250
1 0.621070 0.195734 0.032672 0.044531
0 0.617070 0.268687 0.042891 0.064625
1 0.665289 0.166758 0.022797 0.042484
2 0.400172 0.394805 0.069812 0.132453
0 0.412141 0.451484 0.057375 0.110781
0 0.425109 0.407555 0.019500 0.065453
1 0.402219 0.354664 0.049562 0.052797
2 0.707359 0.301195 0.084938 0.199984
0 0.679250 0.341648 0.041125 0.134109
2 0.809461 0.332648 0.108422 0.178516
0 0.837289 0.346438 0.050422 0.069656
0 0.786039 0.335547 0.060859 0.074219
1 0.824148 0.274125 0.035172 0.061094
1 0.730680 0.231539 0.037922 0.059672
