0 0.316906 0.698359 0.029125 0.094656
2 0.618195 0.221336 0.042078 0.117641
1 0.803250 0.324500 0.044969 0.047562
1 0.595766 0.190578 0.032656 0.045594
1 0.622414 0.181406 0.022953 0.037781
0 0.752344 0.428164 0.048781 0.119484
0 0.819172 0.436937 0.014125 0.078875
0 0.632453 0.255781 0.012625 0.088469
0 0.585391 0.275906 0.021719 0.100969
1 0.131727 0.124047 0.017922 0.050344
2 0.138273 0.174828 0.030359 0.151375
0 0.603891 0.257922 0.013406 0.085906
2 0.589742 0.238109 0.045234 0.141031
2 0.779891 0.395016 0.092906 0.188937
2 0.274945 0.646797 0.114016 0.198594
2 0.177297 0.642703 0.084125 0.190219
1 0.191719 0.585344 0.055313 0.074625
1 0.279320 0.588133 0.050266 0.081234
0 0.181148 0.721344 0.069109 0.144188
