0 0.395398 0.206867 0.009203 0.089078
0 0.320406 0.698773 0.029687 0.083078
0 0.181297 0.723039 0.069656 0.139859
0 0.744117 0.357484 0.044547 0.119719
0 0.835773 0.319539 0.013547 0.038547
0 0.790562 0.300570 0.015406 0.048172
2 0.788250 0.416945 0.098219 0.200578
2 0.758117 0.311969 0.069359 0.175063
2 0.816773 0.285258 0.067984 0.107422
2 0.642734 0.241086 0.051187 0.136547
2 0.533047 0.232141 0.059969 0.142906
2 0.278289 0.653242 0.111578 0.201547
2 0.172195 0.636820 0.075203 0.202828
2 0.467805 0.132242 0.045672 0.098484
2 0.401758 0.171070 0.021766 0.134203
1 0.408477 0.120156 0.005953 0.031875
1 0.470180 0.101312 0.019703 0.036563
1 0.283805 0.589625 0.061609 0.072844
1 0.176055 0.572586 0.066766 0.072641
1 0.809937 0.348070 0.054781 0.063359
1 0.834227 0.252859 0.032203 0.042813
1 0.772031 0.248984 0.040937 0.048188
1 0.652641 0.195312 0.031563 0.044062
1 0.544375 0.181570 0.028437 0.040766
0 0.630094 0.274820 0.025312 0.099422
0 0.756648 0.458141 0.034891 0.117937
0 0.810922 0.461328 0.022500 0.100313
0 0.513609 0.248523 0.021281 0.070766
0 0.558844 0.267727 0.009219 0.071766
0 0.482867 0.153812 0.014641 0.054969
