1 0.184617 0.583641 0.061047 0.070531
1 0.280398 0.591211 0.048891 0.076953
0 0.317695 0.693906 0.024109 0.109906
0 0.181773 0.724609 0.066984 0.136719
0 0.199953 0.544125 0.034750 0.037531
1 0.798820 0.331680 0.053266 0.054234
0 0.860000 0.430273 0.038719 0.107578
1 0.895766 0.340492 0.048188 0.061328
2 0.955664 0.513344 0.088672 0.154875
2 0.857406 0.388078 0.125719 0.156531
2 0.773992 0.400961 0.103641 0.193797
0 0.979266 0.556734 0.041469 0.067156
0 0.920680 0.529164 0.040859 0.087609
2 0.275008 0.655047 0.111484 0.207406
1 0.970359 0.466062 0.041594 0.060687
2 0.174734 0.642242 0.080750 0.188328
0 0.786023 0.461797 0.035266 0.125156
