2 0.530117 0.368086 0.073766 0.114141
1 0.012297 0.302070 0.024594 0.057109
0 0.059437 0.401859 0.041500 0.099406
0 0.325016 0.330086 0.059656 0.061078
1 0.289578 0.254266 0.037187 0.054062
0 0.430922 0.324500 0.024656 0.044969
1 0.442391 0.255602 0.033437 0.056922
2 0.297367 0.317555 0.071641 0.180828
2 0.040117 0.379695 0.080234 0.211766
2 0.358563 0.290672 0.040344 0.109781
2 0.427734 0.324984 0.062906 0.196125
0 0.416781 0.385828 0.013719 0.055813
2 0.454484 0.378586 0.089906 0.202828
2 0.472375 0.244016 0.052562 0.116656
2 0.616930 0.309250 0.049891 0.166187
2 0.516031 0.683039 0.150219 0.240797
2 0.834656 0.621883 0.123781 0.177797
0 0.832430 0.671680 0.127141 0.077109
0 0.797789 0.627789 0.049641 0.106297
1 0.856836 0.569937 0.067047 0.074188
0 0.589281 0.703305 0.081281 0.092141
0 0.586359 0.654695 0.044844 0.052422
1 0.548305 0.599555 0.072141 0.075203
0 0.380758 0.320461 0.044297 0.048078
1 0.366453 0.259109 0.018750 0.046875
1 0.607734 0.249297 0.032656 0.046562
0 0.486359 0.420727 0.026875 0.109797
0 0.511242 0.377016 0.035797 0.044844
1 0.547344 0.329984 0.028906 0.037969
0 0.608805 0.316195 0.022141 0.057109
1 0.462594 0.206609 0.022344 0.041250
0 0.486531 0.247453 0.023813 0.071156
1 0.457891 0.305359 0.037656 0.057313
