2 0.770883 0.711461 0.161703 0.362703
1 0.696922 0.179297 0.016031 0.035250
2 0.671047 0.206445 0.068250 0.088672
0 0.669742 0.224266 0.034234 0.053031
2 0.453281 0.267906 0.070625 0.143250
2 0.427258 0.297930 0.072047 0.176328
0 0.401469 0.299797 0.019344 0.078469
2 0.215477 0.413766 0.100141 0.189312
2 0.576977 0.375117 0.081203 0.202422
2 0.390844 0.802656 0.202594 0.394688
2 0.278742 0.660391 0.112828 0.226375
2 0.174000 0.631352 0.077625 0.193547
1 0.204867 0.351406 0.045703 0.064344
0 0.251336 0.424648 0.026078 0.096609
0 0.207563 0.436125 0.083906 0.078688
0 0.576031 0.345211 0.080469 0.061172
0 0.594859 0.427406 0.045469 0.144625
1 0.569812 0.309016 0.039375 0.071281
1 0.428680 0.235633 0.044109 0.053141
0 0.453930 0.898078 0.072828 0.203844
0 0.305266 0.863844 0.031531 0.179156
0 0.787695 0.807195 0.124828 0.171984
1 0.796117 0.584562 0.089734 0.108688
0 0.803141 0.384867 0.048031 0.125828
0 0.857383 0.374695 0.030578 0.056703
1 0.854891 0.295391 0.033781 0.053375
1 0.439859 0.217594 0.044062 0.041719
1 0.378070 0.665445 0.092297 0.120828
1 0.284102 0.589336 0.061578 0.083359
1 0.183422 0.570836 0.058906 0.073016
0 0.181016 0.712086 0.070781 0.149266
0 0.322562 0.690602 0.024344 0.069109
0 0.717281 0.672977 0.054281 0.125859
2 0.833867 0.358914 0.080547 0.180234
