0 0.058117 0.351172 0.051953 0.126406
1 0.068398 0.241680 0.035766 0.049766
1 0.008266 0.323344 0.016531 0.056031
1 0.286055 0.372094 0.043766 0.067812
0 0.312336 0.526258 0.033922 0.134359
0 0.530297 0.260508 0.012000 0.066016
1 0.549336 0.205234 0.024859 0.048438
1 0.162445 0.298141 0.028766 0.042969
0 0.615250 0.304969 0.009469 0.067344
1 0.201992 0.360969 0.044703 0.046500
0 0.553531 0.266414 0.045281 0.084609
1 0.632531 0.250133 0.029063 0.051016
2 0.550719 0.405687 0.025000 0.049531
0 0.029023 0.330492 0.058047 0.096547
2 0.071016 0.462523 0.142031 0.220453
2 0.078375 0.315883 0.094844 0.196672
2 0.169914 0.333836 0.044766 0.115141
2 0.205094 0.398289 0.051094 0.120609
2 0.271922 0.451766 0.114469 0.226156
2 0.549766 0.236898 0.052750 0.112891
2 0.585039 0.424578 0.063359 0.210594
2 0.454023 0.392188 0.091359 0.188125
0 0.581117 0.463953 0.055672 0.132719
2 0.642133 0.300727 0.063641 0.152922
1 0.594578 0.350422 0.042719 0.062625
0 0.664461 0.317812 0.018484 0.077656
0 0.539680 0.405727 0.046828 0.049484
0 0.489242 0.424930 0.021516 0.084516
0 0.399289 0.376109 0.049078 0.052156
1 0.448344 0.321469 0.036406 0.047344
0 0.173344 0.364094 0.037750 0.053594
0 0.111828 0.339062 0.029781 0.116563
0 0.117273 0.498250 0.049141 0.148188
2 0.029031 0.330531 0.058062 0.095750
1 0.027109 0.392742 0.054219 0.078547
