1 0.673703 0.265211 0.046781 0.061609
0 0.032211 0.282328 0.019703 0.120875
2 0.021117 0.273031 0.042234 0.121062
1 0.443508 0.230406 0.030641 0.061719
0 0.452008 0.289203 0.046703 0.080594
0 0.402781 0.331836 0.020469 0.138891
0 0.639641 0.317070 0.040531 0.095578
0 0.528648 0.311281 0.058547 0.092406
0 0.600156 0.340672 0.032187 0.146250
1 0.184414 0.332281 0.040797 0.056250
1 0.625414 0.753547 0.106828 0.131219
0 0.490352 0.828016 0.076797 0.118406
0 0.690227 0.391844 0.033891 0.139937
1 0.573930 0.232094 0.034109 0.050250
0 0.203719 0.402102 0.093813 0.079547
0 0.241664 0.376766 0.059359 0.093281
2 0.199797 0.372422 0.086531 0.138281
2 0.434750 0.289367 0.084313 0.181672
2 0.584164 0.294461 0.065484 0.176109
2 0.662867 0.335234 0.088516 0.202125
2 0.566234 0.843617 0.234063 0.312766
