0 0.752930 0.596930 0.035766 0.049172
1 0.786531 0.525359 0.056312 0.066375
2 0.495570 0.261906 0.016141 0.147125
0 0.953219 0.311195 0.047313 0.129953
1 0.972883 0.214508 0.033703 0.046641
2 0.781906 0.589633 0.114938 0.198234
2 0.626477 0.281133 0.070672 0.137109
0 0.495391 0.276664 0.015437 0.117422
0 0.983078 0.293375 0.023031 0.112312
2 0.962336 0.271773 0.075328 0.163859
1 0.622242 0.235039 0.032828 0.044297
0 0.654500 0.294703 0.013375 0.055500
0 0.595781 0.302930 0.016563 0.057859
0 0.743898 0.640875 0.072766 0.068562
