1 0.893812 0.314859 0.034906 0.054594
1 0.713258 0.326664 0.043578 0.062547
1 0.640969 0.227031 0.034219 0.041562
1 0.632664 0.200859 0.021266 0.042656
1 0.602742 0.098687 0.020172 0.030469
0 0.205719 0.433914 0.090969 0.083422
0 0.252242 0.414891 0.023234 0.083500
1 0.189172 0.348062 0.041969 0.057906
1 0.042914 0.237203 0.045391 0.065281
0 0.837688 0.398820 0.051438 0.119609
2 0.597562 0.136305 0.031031 0.106328
0 0.591836 0.157922 0.019859 0.062094
2 0.063773 0.330227 0.127547 0.251953
2 0.212164 0.409078 0.102828 0.179969
2 0.177336 0.629711 0.079141 0.203703
2 0.277320 0.651438 0.112203 0.210750
2 0.752688 0.566578 0.123406 0.258594
2 0.890648 0.632195 0.153172 0.315234
2 0.853898 0.362656 0.115859 0.149750
2 0.616445 0.246781 0.054484 0.134344
2 0.635750 0.283375 0.070812 0.153719
2 0.703586 0.402109 0.081922 0.212375
0 0.110234 0.394188 0.034313 0.124906
0 0.018211 0.386695 0.036422 0.162891
0 0.322844 0.694883 0.022750 0.067766
0 0.200289 0.684273 0.053703 0.093953
0 0.602516 0.272891 0.027281 0.105000
0 0.663508 0.320695 0.013922 0.084609
1 0.773117 0.475969 0.060266 0.076500
1 0.903930 0.521563 0.065859 0.094875
0 0.713398 0.641906 0.064141 0.187750
0 0.697102 0.461109 0.068016 0.147344
0 0.667156 0.437625 0.046750 0.064000
1 0.179859 0.566516 0.056312 0.079813
1 0.283195 0.588781 0.060234 0.086813
0 0.941875 0.712742 0.047781 0.152891
