0 0.698000 0.425422 0.074063 0.073219
1 0.656594 0.189266 0.021250 0.030469
0 0.640813 0.273828 0.018000 0.094531
1 0.725953 0.366695 0.045937 0.065672
0 0.784477 0.332047 0.030766 0.098719
1 0.795477 0.240867 0.037516 0.048266
1 0.861648 0.221883 0.035172 0.042172
0 0.870398 0.315617 0.038266 0.111266
0 0.800062 0.346875 0.022438 0.032188
2 0.958195 0.544422 0.083609 0.134500
2 0.852016 0.274609 0.074437 0.146812
2 0.781039 0.299312 0.066359 0.165750
2 0.651078 0.226961 0.038875 0.106922
2 0.703000 0.394570 0.091625 0.166484
1 0.980758 0.505164 0.038484 0.055641
0 0.964242 0.586797 0.071516 0.048719
0 0.941984 0.572219 0.050844 0.075750
