0 0.140313 0.463234 0.028781 0.083219
1 0.210805 0.641359 0.085203 0.107594
0 0.284828 0.593922 0.102719 0.163094
1 0.265008 0.423422 0.054734 0.081906
0 0.301789 0.406922 0.019016 0.127094
0 0.458742 0.365969 0.039234 0.031094
0 0.401398 0.408344 0.032078 0.122688
0 0.538094 0.408766 0.056219 0.056844
0 0.530453 0.372563 0.025000 0.019531
1 0.551945 0.338008 0.030016 0.049922
2 0.381578 0.357391 0.036281 0.130219
1 0.416156 0.301383 0.041688 0.060984
0 0.384000 0.242930 0.044687 0.046016
1 0.391430 0.196734 0.009234 0.033281
1 0.259758 0.320875 0.039078 0.056063
0 0.044180 0.461766 0.050703 0.043125
1 0.141984 0.349086 0.046500 0.077766
1 0.027922 0.385867 0.055844 0.083578
2 0.417633 0.360508 0.065078 0.180234
2 0.382820 0.223109 0.046266 0.086594
2 0.556359 0.375539 0.040344 0.124859
2 0.268180 0.370195 0.076484 0.155234
2 0.270461 0.503930 0.081297 0.241203
2 0.237578 0.776641 0.142656 0.377656
0 0.262328 0.875977 0.094563 0.139297
2 0.170617 0.437336 0.105297 0.254391
2 0.027711 0.423000 0.055422 0.158688
