2 0.809180 0.350641 0.097578 0.199031
0 0.875266 0.333680 0.039125 0.074203
0 0.843430 0.387531 0.027922 0.124313
0 0.772828 0.379781 0.024875 0.116062
0 0.650453 0.336820 0.025438 0.099078
0 0.577875 0.326937 0.035719 0.099781
1 0.607250 0.233289 0.033531 0.042547
1 0.667070 0.189781 0.026047 0.044813
0 0.703258 0.265602 0.022234 0.077859
1 0.684156 0.251781 0.031562 0.052344
1 0.530008 0.111273 0.017359 0.036578
0 0.511258 0.175375 0.015703 0.055500
0 0.207500 0.594359 0.030531 0.043562
1 0.171437 0.578633 0.058594 0.072609
1 0.284219 0.593031 0.059563 0.074313
0 0.321023 0.700523 0.028922 0.077297
0 0.181070 0.721313 0.072391 0.145500
2 0.178547 0.641461 0.088875 0.198484
2 0.279500 0.670914 0.111156 0.231359
0 0.632930 0.270234 0.011953 0.076000
2 0.655703 0.231508 0.058094 0.129266
2 0.676055 0.309922 0.077266 0.169437
1 0.822789 0.273734 0.035672 0.044969
1 0.879352 0.263547 0.040516 0.057625
2 0.869203 0.314711 0.061688 0.159734
2 0.593125 0.303148 0.066844 0.182516
2 0.528391 0.147844 0.049437 0.110594
