2 0.593609 0.242227 0.055938 0.102609
2 0.825375 0.636523 0.130625 0.150078
1 0.384773 0.315555 0.039453 0.046953
0 0.415039 0.355320 0.024234 0.050922
1 0.593883 0.214578 0.018703 0.046719
0 0.622250 0.264727 0.027656 0.050984
0 0.586047 0.259453 0.041156 0.068281
1 0.558273 0.589484 0.047484 0.071969
0 0.600203 0.646445 0.090188 0.100859
0 0.586016 0.610289 0.057969 0.046016
2 0.529461 0.649352 0.104797 0.194109
1 0.849586 0.595797 0.066047 0.068094
0 0.848430 0.651141 0.083922 0.121156
0 0.789164 0.652164 0.057953 0.144109
0 0.390977 0.365711 0.050797 0.057016
2 0.394406 0.354930 0.065375 0.126391
1 0.780648 0.894195 0.184922 0.211609
2 0.780781 0.894531 0.185219 0.210938
