0 0.035063 0.363312 0.038687 0.119937
0 0.549422 0.633531 0.057500 0.033125
0 0.555180 0.683563 0.072047 0.084875
0 0.611266 0.322625 0.020781 0.034375
0 0.831570 0.716234 0.109391 0.129750
1 0.853781 0.597953 0.060750 0.077375
2 0.837547 0.638164 0.097781 0.158203
2 0.496664 0.667094 0.120672 0.219719
2 0.188102 0.385352 0.077547 0.210328
1 0.576227 0.341938 0.027203 0.026562
2 0.559344 0.379094 0.061375 0.100844
2 0.293086 0.378617 0.106359 0.240297
2 0.336695 0.354141 0.071609 0.191406
2 0.256742 0.258656 0.035359 0.160188
1 0.634469 0.273617 0.035000 0.050266
2 0.644148 0.322305 0.054703 0.147578
1 0.501758 0.596156 0.075328 0.076969
0 0.522805 0.404281 0.032516 0.048438
0 0.639961 0.318625 0.037516 0.076469
2 0.481539 0.228070 0.050422 0.122359
1 0.481117 0.184625 0.021266 0.035781
0 0.462484 0.250180 0.012531 0.078078
0 0.492969 0.245281 0.027187 0.040156
1 0.259297 0.204000 0.028344 0.051063
0 0.256656 0.280203 0.032094 0.059375
1 0.175094 0.311000 0.048188 0.061469
1 0.281227 0.286922 0.036328 0.056875
1 0.341086 0.287281 0.040797 0.057969
0 0.311539 0.317422 0.020516 0.036813
0 0.350016 0.387398 0.027563 0.094891
0 0.250680 0.397328 0.022422 0.081000
0 0.329750 0.418852 0.033875 0.144484
0 0.212227 0.428914 0.054391 0.117172
2 0.027305 0.357586 0.054609 0.131203
