1 0.602969 0.391086 0.046250 0.046453
0 0.569516 0.466547 0.085406 0.058781
0 0.552125 0.445461 0.050469 0.054859
2 0.599305 0.432070 0.073047 0.127609
0 0.818117 0.383328 0.026266 0.116000
0 0.856719 0.401187 0.054500 0.100406
1 0.863305 0.298438 0.044234 0.054063
1 0.825062 0.241289 0.040781 0.058359
0 0.769609 0.330313 0.033156 0.125312
2 0.837141 0.361719 0.095531 0.179688
2 0.801734 0.302180 0.088375 0.181516
1 0.486195 0.195453 0.025641 0.040938
0 0.467289 0.253023 0.018766 0.053797
2 0.484555 0.230883 0.053828 0.112609
2 0.688211 0.220320 0.035453 0.139391
