1 0.477266 0.405180 0.039969 0.067766
2 0.580258 0.909445 0.171703 0.181109
0 0.541352 0.383969 0.023766 0.034813
0 0.533383 0.371836 0.016578 0.009047
2 0.496211 0.207016 0.055203 0.124281
1 0.496945 0.165031 0.021891 0.040312
0 0.487320 0.220375 0.037516 0.042969
0 0.514836 0.217094 0.018422 0.051719
2 0.553008 0.357266 0.047297 0.088094
0 0.610719 0.914883 0.039219 0.049859
2 0.168141 0.329023 0.047500 0.105953
0 0.170656 0.359430 0.041750 0.045078
1 0.162297 0.298391 0.030937 0.043750
2 0.227586 0.396313 0.089797 0.126656
1 0.204109 0.363469 0.041875 0.060156
0 0.630289 0.962391 0.072266 0.075219
1 0.561742 0.873477 0.081234 0.108641
2 0.143687 0.448680 0.116375 0.228266
0 0.265797 0.439805 0.038469 0.108203
0 0.104250 0.499758 0.037719 0.101109
1 0.116734 0.368625 0.050906 0.068875
2 0.042500 0.379781 0.085000 0.203438
0 0.056555 0.387062 0.052859 0.098125
1 0.013000 0.313781 0.026000 0.072156
1 0.559625 0.335031 0.033594 0.043750
0 0.221070 0.434563 0.074578 0.073062
0 0.535047 0.464039 0.023656 0.086266
2 0.515086 0.416695 0.062641 0.181609
1 0.504641 0.358305 0.039906 0.064797
2 0.478664 0.475977 0.095703 0.209047
0 0.438328 0.432789 0.038125 0.042859
0 0.543008 0.504555 0.051547 0.070672
0 0.444312 0.521047 0.027438 0.084687
