2 0.518008 0.456594 0.092578 0.211062
0 0.170922 0.358805 0.049094 0.043641
1 0.162641 0.298180 0.035625 0.043328
1 0.049273 0.272117 0.043953 0.049359
0 0.016867 0.315758 0.033734 0.093828
0 0.069773 0.382164 0.059734 0.126797
0 0.468930 0.225914 0.017234 0.073359
0 0.432836 0.201227 0.036109 0.054266
1 0.422922 0.278750 0.033281 0.055313
1 0.437969 0.161203 0.023281 0.041406
0 0.392750 0.304469 0.026938 0.066250
0 0.459406 0.406273 0.022406 0.131578
1 0.519000 0.381070 0.042594 0.060203
1 0.587656 0.388570 0.040281 0.069172
0 0.612727 0.481164 0.052078 0.108672
0 0.554297 0.450437 0.019969 0.065250
0 0.617977 0.312289 0.027766 0.067422
1 0.585008 0.346469 0.031016 0.041562
0 0.550891 0.375617 0.032531 0.027328
1 0.609914 0.241711 0.028484 0.049359
2 0.604852 0.283250 0.052641 0.131781
0 0.085039 0.317320 0.042766 0.082859
2 0.172523 0.336414 0.055672 0.120078
2 0.245688 0.377672 0.093219 0.206219
2 0.424781 0.361937 0.091594 0.220813
2 0.601484 0.438109 0.074219 0.169375
2 0.584695 0.346781 0.030328 0.042781
2 0.442672 0.208578 0.055656 0.136906
2 0.061117 0.342258 0.067734 0.189609
1 0.042742 0.233453 0.036703 0.041063
2 0.045211 0.301352 0.090422 0.176703
0 0.274547 0.432672 0.046375 0.130281
1 0.233281 0.306500 0.044063 0.063063
