1 0.229398 0.221422 0.037047 0.043594
1 0.348781 0.263078 0.035156 0.041406
1 0.369977 0.290445 0.043859 0.055891
0 0.411625 0.372297 0.026250 0.050313
0 0.351695 0.324820 0.021391 0.044828
2 0.329164 0.324266 0.074422 0.163875
0 0.544617 0.378203 0.019234 0.016875
0 0.539305 0.406602 0.035797 0.053672
1 0.575531 0.347578 0.026562 0.027344
0 0.614531 0.325117 0.065469 0.056766
0 0.559313 0.313086 0.044188 0.050891
1 0.628000 0.266148 0.031625 0.056391
1 0.598758 0.259266 0.028141 0.044531
0 0.819281 0.512273 0.034281 0.141672
0 0.909875 0.499484 0.083656 0.102062
1 0.881180 0.418977 0.051672 0.071766
2 0.877000 0.480602 0.150250 0.195984
0 0.499836 0.621828 0.072109 0.101406
0 0.491539 0.722773 0.086547 0.105547
1 0.428672 0.614617 0.067063 0.072516
2 0.448031 0.688828 0.108406 0.219531
2 0.561266 0.383523 0.055719 0.099109
2 0.636672 0.323289 0.049219 0.170484
2 0.591750 0.293297 0.061594 0.112188
2 0.386008 0.363234 0.078641 0.203469
0 0.256195 0.300992 0.020516 0.094984
0 0.041117 0.407508 0.040297 0.115953
2 0.035828 0.399961 0.071656 0.164109
2 0.242773 0.274125 0.063516 0.148625
