1 0.583180 0.260781 0.030797 0.057813
2 0.648633 0.210891 0.051234 0.098281
1 0.657617 0.181031 0.021266 0.038594
1 0.720086 0.266781 0.028766 0.045812
0 0.363336 0.395258 0.082609 0.090734
1 0.359695 0.316312 0.047891 0.068938
0 0.648539 0.218133 0.045484 0.038422
2 0.357453 0.361328 0.070312 0.157969
2 0.581789 0.290438 0.067797 0.118500
2 0.714063 0.309844 0.072281 0.132500
2 0.816836 0.308922 0.094891 0.163094
2 0.063922 0.259445 0.041531 0.156109
0 0.067680 0.290023 0.032578 0.094953
1 0.050844 0.206719 0.014312 0.049562
0 0.565164 0.320430 0.033922 0.058516
0 0.598836 0.322992 0.032234 0.052766
0 0.690297 0.364539 0.031500 0.115297
0 0.785164 0.335688 0.029891 0.108875
0 0.847148 0.355172 0.034609 0.124344
1 0.840570 0.255570 0.033453 0.056984
