0 0.561641 0.340875 0.023000 0.105438
1 0.421305 0.234969 0.033766 0.047656
1 0.129227 0.602320 0.059797 0.070422
0 0.116883 0.655547 0.114016 0.112969
0 0.107367 0.570141 0.055672 0.057844
1 0.262125 0.586531 0.057125 0.080125
0 0.320852 0.681125 0.021047 0.061219
2 0.272000 0.652539 0.118250 0.211891
2 0.142523 0.642938 0.100797 0.203000
0 0.787273 0.515898 0.049672 0.155953
0 0.899039 0.548883 0.033766 0.173203
1 0.868477 0.399508 0.052703 0.080109
0 0.717133 0.388547 0.039734 0.131344
1 0.749797 0.278281 0.038281 0.062188
1 0.889297 0.313320 0.046406 0.060703
0 0.813477 0.398148 0.032891 0.098734
0 0.895977 0.415930 0.027109 0.064828
2 0.849648 0.483773 0.122516 0.247797
1 0.710203 0.526594 0.049219 0.073438
0 0.670203 0.567219 0.032656 0.045312
0 0.644031 0.670773 0.114906 0.109141
2 0.697602 0.601430 0.107516 0.224141
1 0.849562 0.697508 0.104000 0.134797
0 0.765477 0.815367 0.066141 0.063516
0 0.786898 0.899828 0.142828 0.171281
2 0.822148 0.815289 0.160359 0.369422
0 0.608078 0.252070 0.014125 0.100953
0 0.557430 0.249133 0.016391 0.083047
1 0.530797 0.234172 0.035625 0.045156
1 0.584398 0.167906 0.025172 0.042188
2 0.420562 0.286039 0.071969 0.149016
2 0.854750 0.365227 0.115437 0.164516
2 0.728930 0.339039 0.080609 0.182016
2 0.582203 0.221242 0.066344 0.149984
2 0.533969 0.299977 0.078969 0.175828
