2 0.710664 0.457930 0.082578 0.170078
2 0.299984 0.673602 0.158562 0.127516
2 0.357758 0.736148 0.123641 0.206672
2 0.347594 0.485523 0.094125 0.145078
2 0.736516 0.696203 0.137125 0.155938
0 0.297633 0.644063 0.049922 0.065531
0 0.375922 0.490586 0.022031 0.084234
0 0.338328 0.507008 0.075781 0.073672
0 0.404234 0.736859 0.049406 0.029031
0 0.406758 0.794031 0.082891 0.091094
0 0.667117 0.709219 0.021734 0.043094
0 0.704688 0.710945 0.073750 0.115422
0 0.672859 0.461797 0.021094 0.046031
0 0.726328 0.499727 0.050219 0.112109
1 0.744563 0.663547 0.063812 0.090719
1 0.344023 0.446688 0.041828 0.065125
1 0.343258 0.680516 0.063016 0.093250
1 0.258437 0.649703 0.072000 0.079844
1 0.689031 0.408312 0.040562 0.067750
