2 0.232398 0.406797 0.093797 0.135156
0 0.250641 0.449062 0.074313 0.050625
0 0.559000 0.309312 0.042844 0.054188
0 0.527688 0.323688 0.034687 0.041063
0 0.514781 0.255016 0.055500 0.065906
0 0.501531 0.245156 0.022031 0.060312
0 0.706586 0.425531 0.012516 0.027656
0 0.700492 0.329937 0.043016 0.096219
0 0.859875 0.476836 0.108250 0.056641
0 0.814336 0.467687 0.072234 0.094313
0 0.449836 0.750516 0.061016 0.071156
0 0.515703 0.378156 0.042125 0.045875
1 0.556242 0.329453 0.035016 0.038750
0 0.168852 0.361711 0.031141 0.045359
2 0.168938 0.333625 0.058000 0.112094
2 0.411445 0.723867 0.138047 0.202734
2 0.860547 0.470820 0.112344 0.210797
2 0.681539 0.364602 0.049891 0.150516
2 0.537891 0.364781 0.071937 0.110438
2 0.562922 0.298078 0.049625 0.101406
2 0.539328 0.224625 0.082281 0.100687
1 0.510555 0.199680 0.025328 0.050641
1 0.160672 0.300109 0.039062 0.046281
1 0.208641 0.364711 0.046250 0.049734
1 0.376289 0.661445 0.070078 0.078359
1 0.554219 0.271563 0.028750 0.048125
1 0.881664 0.401594 0.052359 0.067031
1 0.679766 0.312828 0.042188 0.045625
