2 0.824039 0.627055 0.106953 0.166484
1 0.009281 0.269922 0.018563 0.061719
1 0.037641 0.218141 0.030000 0.054375
2 0.604305 0.381008 0.048422 0.114547
2 0.700313 0.322586 0.067187 0.146078
2 0.197266 0.360125 0.045688 0.092250
2 0.253297 0.489414 0.113094 0.254766
2 0.323117 0.416086 0.108828 0.219391
2 0.472773 0.678328 0.096297 0.229875
2 0.628742 0.820977 0.185641 0.358047
0 0.677336 0.335359 0.021172 0.069594
0 0.606141 0.410398 0.038719 0.062328
0 0.706203 0.338156 0.053812 0.063375
1 0.699977 0.275609 0.031766 0.051281
1 0.613703 0.349625 0.029625 0.051375
1 0.835359 0.575445 0.058031 0.063234
0 0.798227 0.649547 0.055828 0.138719
0 0.835828 0.658742 0.081781 0.104703
1 0.664109 0.686117 0.070094 0.087016
0 0.702117 0.862172 0.039703 0.123031
0 0.564445 0.819492 0.057953 0.160703
0 0.527695 0.722344 0.093266 0.093125
0 0.529008 0.665672 0.067266 0.033438
1 0.465281 0.597805 0.068906 0.069797
1 0.305703 0.340766 0.042813 0.069062
0 0.278914 0.446617 0.020328 0.093328
0 0.361516 0.455547 0.032531 0.160469
0 0.282469 0.530539 0.052531 0.130797
1 0.227523 0.399070 0.059359 0.073922
1 0.197133 0.335375 0.045641 0.043125
2 0.052930 0.285039 0.081297 0.189297
2 0.037648 0.349336 0.075297 0.220359
0 0.013625 0.394859 0.027250 0.094406
0 0.071719 0.282133 0.034500 0.084359
