0 0.639500 0.403227 0.032438 0.129484
0 0.578859 0.397914 0.019469 0.129453
0 0.541094 0.416719 0.059000 0.057187
0 0.495898 0.760812 0.072391 0.097125
0 0.869063 0.611484 0.040313 0.187219
2 0.630703 0.281023 0.032969 0.108266
2 0.612508 0.354242 0.087328 0.216297
2 0.467242 0.234539 0.048609 0.119234
2 0.332469 0.324148 0.068687 0.160141
2 0.301563 0.420711 0.072594 0.231109
2 0.365664 0.289883 0.020547 0.083672
2 0.489320 0.708961 0.113297 0.200328
0 0.961875 0.518188 0.036344 0.021687
2 0.889672 0.537641 0.116969 0.166594
1 0.509813 0.646055 0.072000 0.073641
1 0.291125 0.338484 0.051562 0.064594
0 0.035320 0.405641 0.044266 0.117719
0 0.309664 0.470094 0.054641 0.132625
1 0.348875 0.269609 0.034438 0.051094
0 0.369281 0.333203 0.061906 0.058281
1 0.368117 0.270859 0.014547 0.044687
2 0.034172 0.387016 0.068344 0.187187
1 0.460797 0.193062 0.021906 0.035750
1 0.917766 0.492328 0.052969 0.073156
1 0.613352 0.272672 0.035766 0.052156
0 0.474359 0.255094 0.032688 0.078344
0 0.450117 0.263031 0.014297 0.054125
0 0.619156 0.230891 0.039219 0.036719
1 0.629078 0.245266 0.029687 0.036406
