1 0.551984 0.272211 0.026562 0.045609
0 0.195000 0.363383 0.066187 0.050734
2 0.170375 0.334719 0.055375 0.110875
0 0.356789 0.331953 0.042859 0.054594
1 0.355391 0.280406 0.032844 0.055906
0 0.316336 0.221656 0.040484 0.044812
0 0.289797 0.268414 0.037031 0.085984
1 0.297141 0.188828 0.031094 0.053906
2 0.303719 0.239063 0.066062 0.155000
2 0.331187 0.332078 0.082250 0.159937
1 0.094367 0.415844 0.057109 0.083250
0 0.113312 0.488602 0.070844 0.129703
2 0.128289 0.491242 0.125422 0.234078
1 0.378234 0.652609 0.062438 0.081344
0 0.444000 0.714125 0.041469 0.078688
0 0.414344 0.735125 0.064937 0.120688
2 0.406375 0.704242 0.117063 0.182766
0 0.901719 0.486359 0.089375 0.079156
0 0.818641 0.472859 0.036937 0.094281
1 0.876609 0.401469 0.052625 0.062375
2 0.873344 0.472172 0.146000 0.204469
0 0.572203 0.338461 0.029344 0.077766
0 0.527719 0.316625 0.028937 0.051031
0 0.549914 0.324570 0.061984 0.051734
1 0.555633 0.334969 0.025641 0.041562
2 0.565078 0.372516 0.044250 0.116344
0 0.627719 0.331250 0.023250 0.062188
0 0.697297 0.331625 0.021750 0.061875
1 0.664953 0.276352 0.028688 0.052484
2 0.662375 0.322937 0.091531 0.145625
1 0.160297 0.299773 0.034000 0.041766
2 0.548000 0.299992 0.070469 0.101516
