2 0.172773 0.405938 0.124859 0.211375
2 0.054328 0.304609 0.086250 0.195594
2 0.547383 0.231313 0.049672 0.115187
2 0.604313 0.284102 0.053063 0.122109
1 0.594258 0.244883 0.027078 0.044234
1 0.543094 0.196914 0.025844 0.045453
0 0.529836 0.263891 0.013984 0.072125
0 0.551453 0.263320 0.041844 0.074078
2 0.583539 0.360727 0.033359 0.072297
0 0.086055 0.315055 0.021766 0.100266
1 0.149734 0.328742 0.044344 0.058359
1 0.268609 0.271742 0.040688 0.063641
1 0.048930 0.231180 0.032922 0.048016
1 0.163195 0.296531 0.030016 0.042656
0 0.430438 0.482992 0.024969 0.058703
1 0.462937 0.396391 0.039406 0.067250
0 0.577609 0.460625 0.047156 0.119344
1 0.583273 0.349594 0.032891 0.049531
1 0.541352 0.351102 0.044547 0.061766
0 0.621008 0.307773 0.020578 0.063891
0 0.029562 0.339508 0.037219 0.125766
0 0.126867 0.448867 0.034641 0.108828
0 0.217719 0.433344 0.035312 0.112062
0 0.277617 0.397594 0.026734 0.146625
1 0.206453 0.363422 0.039375 0.053750
2 0.548102 0.413820 0.074297 0.186547
2 0.468695 0.479547 0.100734 0.234031
2 0.285383 0.352172 0.074516 0.223469
2 0.168984 0.320961 0.040906 0.091828
2 0.225086 0.418242 0.075078 0.162891
