0 0.520500 0.692930 0.059844 0.095891
1 0.476055 0.593344 0.070453 0.067781
0 0.374305 0.470461 0.027672 0.139078
0 0.201172 0.658984 0.035781 0.171719
0 0.330305 0.524898 0.056578 0.101641
1 0.311367 0.358211 0.043391 0.075891
1 0.256539 0.242797 0.035172 0.045312
1 0.213039 0.398484 0.056422 0.073937
1 0.247562 0.449547 0.057937 0.093344
1 0.080438 0.248633 0.033625 0.059484
0 0.054078 0.330352 0.019312 0.084578
0 0.082102 0.326992 0.083578 0.083109
0 0.027836 0.365469 0.046328 0.125063
2 0.481711 0.673703 0.112703 0.230406
2 0.865531 0.615359 0.088063 0.178156
2 0.261484 0.300953 0.070469 0.162281
2 0.557703 0.364297 0.056562 0.089219
2 0.328937 0.430625 0.118875 0.219687
2 0.205305 0.446461 0.072516 0.169578
2 0.261000 0.573672 0.157188 0.341094
2 0.084516 0.307086 0.079250 0.175516
2 0.025742 0.360914 0.051484 0.134578
1 0.689789 0.262930 0.038641 0.051234
1 0.572109 0.342086 0.027031 0.044578
0 0.285828 0.334445 0.020719 0.094922
0 0.281281 0.456125 0.024063 0.094688
0 0.671336 0.325742 0.028453 0.050078
0 0.543836 0.369711 0.028766 0.078516
0 0.843875 0.659820 0.114406 0.088172
1 0.875164 0.563406 0.068641 0.074125
2 0.686977 0.324672 0.059453 0.174406
