1 0.196133 0.587344 0.057797 0.075625
1 0.274859 0.590945 0.051000 0.080609
0 0.316117 0.693625 0.026797 0.116250
0 0.181758 0.725992 0.068641 0.134266
1 0.681047 0.375086 0.046719 0.060516
1 0.929039 0.360352 0.047922 0.047109
0 0.845500 0.377195 0.068344 0.090047
1 0.941695 0.453461 0.055203 0.069266
0 0.940195 0.601750 0.084547 0.162438
0 0.866500 0.553484 0.080375 0.146156
0 0.717172 0.454438 0.019688 0.057531
2 0.673750 0.437227 0.107094 0.184203
2 0.272883 0.651266 0.113328 0.200594
2 0.180578 0.644070 0.089844 0.190297
2 0.909812 0.531672 0.145187 0.226969
2 0.884344 0.370750 0.138531 0.102250
2 0.351219 0.178523 0.022031 0.096547
