2 0.364711 0.359211 0.071328 0.156578
1 0.374070 0.315945 0.045484 0.069359
0 0.369664 0.393039 0.081078 0.087984
1 0.883641 0.242367 0.040406 0.040578
0 0.850047 0.338734 0.050594 0.119094
0 0.954000 0.565523 0.042000 0.126016
0 0.968461 0.599820 0.063078 0.076172
2 0.983555 0.542148 0.032891 0.135766
1 0.499117 0.156688 0.027203 0.043500
0 0.501156 0.190594 0.029375 0.061312
1 0.658875 0.183266 0.020000 0.036250
0 0.658875 0.219289 0.022500 0.041109
1 0.685203 0.204992 0.022031 0.044078
2 0.675008 0.234352 0.054328 0.102234
2 0.648125 0.210531 0.041437 0.091562
2 0.860219 0.295398 0.087875 0.146391
2 0.490523 0.201828 0.049484 0.133844
