2 0.672758 0.227430 0.052391 0.131078
2 0.594055 0.198586 0.061828 0.130297
2 0.506406 0.216859 0.061000 0.148313
2 0.401203 0.400852 0.069906 0.152578
2 0.645687 0.578258 0.108906 0.203078
2 0.631289 0.432977 0.087484 0.130516
2 0.847094 0.326891 0.088750 0.167500
0 0.614758 0.608586 0.046797 0.073359
0 0.426852 0.405727 0.019609 0.062766
0 0.413375 0.449250 0.059313 0.103719
0 0.527328 0.226641 0.018125 0.051250
0 0.574453 0.229344 0.023000 0.090406
0 0.618859 0.233117 0.010969 0.080328
0 0.681422 0.252039 0.021344 0.081547
0 0.877102 0.341242 0.024828 0.055797
0 0.834055 0.325445 0.061922 0.077859
0 0.656055 0.452070 0.038547 0.073984
0 0.601633 0.474422 0.027172 0.094750
0 0.326109 0.676852 0.027750 0.068328
0 0.143820 0.634758 0.087734 0.134859
0 0.097078 0.574664 0.056937 0.086078
1 0.444562 0.157125 0.010469 0.040156
0 0.442945 0.285438 0.011109 0.022656
1 0.409695 0.350602 0.030922 0.052422
1 0.643898 0.398906 0.033453 0.062187
1 0.122992 0.606180 0.059391 0.075516
1 0.277094 0.578344 0.052062 0.071875
1 0.874945 0.272898 0.033172 0.058641
1 0.695289 0.156289 0.021547 0.038484
1 0.684273 0.179406 0.030016 0.034531
1 0.501773 0.163641 0.029234 0.041719
1 0.603414 0.154594 0.023453 0.041437
1 0.657109 0.506156 0.045906 0.059656
2 0.139820 0.656922 0.106391 0.178969
2 0.284250 0.657594 0.113062 0.230844
2 0.425539 0.216172 0.047891 0.158375
2 0.682734 0.181531 0.046594 0.090500
