0 0.221086 0.752602 0.035578 0.055422
1 0.837797 0.614711 0.052781 0.084641
0 0.854531 0.688039 0.109875 0.061422
0 0.788461 0.641938 0.048391 0.079563
1 0.517797 0.307664 0.041250 0.057984
0 0.544562 0.420891 0.019156 0.110406
0 0.482117 0.371391 0.020797 0.062844
1 0.634750 0.212484 0.031750 0.042344
0 0.653969 0.272891 0.018406 0.046219
2 0.640289 0.243586 0.045891 0.104422
2 0.512883 0.364695 0.082453 0.170922
2 0.283906 0.754844 0.115000 0.233125
2 0.836680 0.645570 0.145547 0.146547
1 0.273250 0.677031 0.076500 0.077438
0 0.253992 0.788664 0.090297 0.076734
