0 0.676063 0.899375 0.074969 0.156031
1 0.631750 0.732313 0.063125 0.101938
1 0.513570 0.586125 0.047203 0.073219
0 0.557188 0.666453 0.058500 0.084813
0 0.562250 0.637297 0.060969 0.039969
2 0.114266 0.370070 0.091656 0.208297
2 0.031477 0.326570 0.062953 0.159391
0 0.242383 0.397313 0.039547 0.026250
0 0.228922 0.404273 0.067094 0.056141
1 0.197406 0.337211 0.046063 0.046266
1 0.112484 0.290078 0.037813 0.050312
0 0.082859 0.410320 0.027375 0.127484
0 0.819727 0.624437 0.088484 0.082062
1 0.858625 0.570391 0.050437 0.078281
0 0.841141 0.642133 0.084281 0.108547
2 0.832102 0.613836 0.112234 0.164453
0 0.555297 0.845750 0.014063 0.067219
2 0.631047 0.840414 0.163937 0.319172
2 0.494766 0.667672 0.116594 0.235906
0 0.652469 0.371586 0.040688 0.035266
0 0.625227 0.397313 0.059391 0.079125
0 0.696125 0.323461 0.052188 0.054328
0 0.669641 0.319188 0.029531 0.069219
1 0.694398 0.262055 0.025797 0.050578
1 0.642984 0.328531 0.025938 0.048438
2 0.619789 0.357812 0.072734 0.106469
2 0.687992 0.315711 0.069078 0.157703
2 0.204547 0.380742 0.060813 0.134141
0 0.047273 0.325984 0.030453 0.064281
1 0.012602 0.266141 0.025203 0.038594
2 0.026937 0.246695 0.053875 0.124641
0 0.063945 0.225883 0.068891 0.050797
1 0.014273 0.210250 0.028547 0.051094
