0 0.660844 0.247187 0.010781 0.075750
0 0.611500 0.248031 0.015844 0.065031
0 0.770937 0.358633 0.041500 0.137109
2 0.486703 0.326953 0.049188 0.188906
1 0.479969 0.259297 0.034344 0.052969
0 0.486656 0.367820 0.027469 0.108641
1 0.408203 0.330797 0.037344 0.063719
0 0.442359 0.490250 0.033406 0.173562
1 0.096648 0.393836 0.058328 0.066703
1 0.742734 0.249383 0.037875 0.053766
0 0.097906 0.552742 0.075500 0.160766
2 0.740633 0.312562 0.067766 0.180750
2 0.641062 0.218805 0.051438 0.114828
2 0.111648 0.472875 0.102984 0.225812
2 0.413938 0.424953 0.091000 0.255031
1 0.634352 0.180227 0.021891 0.036703
