1 0.019867 0.315820 0.039734 0.054609
0 0.031094 0.449008 0.062187 0.153109
2 0.039430 0.378773 0.078859 0.180047
1 0.302328 0.249758 0.032969 0.052984
0 0.321930 0.315195 0.061266 0.059297
0 0.332766 0.307094 0.023906 0.028437
1 0.418648 0.303555 0.035328 0.046328
0 0.461828 0.381078 0.050437 0.085344
0 0.506633 0.382156 0.032672 0.048188
1 0.537711 0.331633 0.026422 0.040172
1 0.548242 0.280539 0.026891 0.043922
1 0.374875 0.675008 0.073937 0.077172
0 0.428672 0.682211 0.045938 0.030016
0 0.477078 0.778680 0.116406 0.066078
0 0.584281 0.318359 0.030344 0.051719
0 0.525734 0.320555 0.027469 0.058578
1 0.612453 0.245922 0.037250 0.049281
0 0.651000 0.238617 0.033563 0.112453
2 0.555312 0.304391 0.087750 0.091844
2 0.306094 0.294375 0.049219 0.142031
2 0.416422 0.723539 0.156219 0.176672
2 0.526563 0.370805 0.073188 0.118703
2 0.425031 0.352570 0.071312 0.142984
2 0.623672 0.285648 0.078281 0.128578
