2 0.665094 0.324492 0.076781 0.165109
1 0.660898 0.265000 0.034891 0.044469
0 0.633148 0.360109 0.035297 0.103563
2 0.550687 0.317070 0.092969 0.064859
0 0.581359 0.332047 0.033125 0.033438
0 0.521391 0.335062 0.032844 0.028250
1 0.519086 0.307984 0.026891 0.046562
2 0.418203 0.723062 0.160438 0.175750
0 0.475336 0.778680 0.121172 0.063578
0 0.428891 0.681453 0.044125 0.029094
1 0.374898 0.675547 0.074234 0.079531
2 0.548188 0.370383 0.045531 0.107266
1 0.555992 0.335812 0.029234 0.037500
2 0.424766 0.362148 0.065937 0.156703
0 0.460945 0.393922 0.050703 0.059375
1 0.415719 0.310625 0.032188 0.052656
2 0.303359 0.287539 0.044813 0.130484
0 0.332813 0.307125 0.026406 0.028594
0 0.324688 0.314617 0.055781 0.059203
1 0.302727 0.249609 0.030547 0.055312
