0 0.180492 0.710562 0.068047 0.149188
2 0.736437 0.742969 0.190437 0.386875
2 0.493109 0.753945 0.172688 0.368766
2 0.217555 0.410070 0.100109 0.165484
2 0.279156 0.661320 0.111031 0.215359
2 0.173883 0.630961 0.078016 0.197859
2 0.815531 0.352813 0.095250 0.157812
0 0.783773 0.391922 0.036453 0.118719
0 0.840695 0.375547 0.043078 0.069750
2 0.654086 0.210234 0.045672 0.099531
0 0.667102 0.232062 0.018453 0.055000
2 0.451695 0.249406 0.064234 0.125281
2 0.452883 0.294820 0.068891 0.163797
2 0.581648 0.372984 0.099422 0.206219
0 0.768633 0.843828 0.127484 0.183906
0 0.667656 0.719945 0.084063 0.161984
0 0.550016 0.850547 0.058031 0.178281
0 0.403492 0.785664 0.057703 0.216016
0 0.322078 0.693187 0.025438 0.071875
0 0.209383 0.436883 0.083359 0.085297
0 0.254172 0.419883 0.025500 0.075484
0 0.437570 0.337422 0.022297 0.112719
0 0.540883 0.411492 0.018047 0.127828
0 0.606352 0.410703 0.049328 0.143281
1 0.284352 0.594703 0.061016 0.081219
1 0.182352 0.568977 0.059953 0.073922
1 0.656195 0.177695 0.025016 0.031953
1 0.835367 0.302578 0.034859 0.055781
1 0.770148 0.600445 0.094672 0.100359
1 0.508672 0.623953 0.078406 0.109187
1 0.570867 0.302312 0.043297 0.067187
1 0.451477 0.206297 0.041578 0.039531
1 0.456234 0.237687 0.045781 0.049688
1 0.217242 0.360219 0.044797 0.065156
