1 0.979313 0.504148 0.041375 0.055797
0 0.655547 0.256180 0.017344 0.017047
1 0.662758 0.194906 0.027297 0.026812
2 0.649898 0.421922 0.084828 0.134906
2 0.498766 0.268375 0.046844 0.172313
2 0.862891 0.274977 0.057250 0.113797
2 0.729227 0.766070 0.146922 0.288391
0 0.686164 0.817758 0.082359 0.183547
1 0.725078 0.680109 0.086719 0.115719
2 0.978289 0.544477 0.043422 0.136203
0 0.943234 0.580609 0.046469 0.050344
0 0.963148 0.589477 0.073703 0.058859
1 0.875359 0.239859 0.033125 0.043281
0 0.834484 0.256844 0.035531 0.059000
0 0.868547 0.329445 0.041094 0.103672
0 0.598258 0.424852 0.067828 0.066234
0 0.659719 0.463984 0.064656 0.102969
0 0.492180 0.306406 0.032984 0.092906
1 0.667687 0.378422 0.041188 0.047531
1 0.502086 0.209805 0.038703 0.053516
0 0.651977 0.221594 0.032703 0.027188
2 0.651094 0.223508 0.050625 0.084234
