1 0.327203 0.308094 0.045750 0.057875
0 0.061008 0.420703 0.044984 0.134844
1 0.007453 0.303484 0.014906 0.054406
2 0.355711 0.302523 0.044984 0.110578
2 0.041484 0.382672 0.082969 0.212062
2 0.365820 0.290852 0.021234 0.084516
1 0.369281 0.271563 0.011875 0.046281
2 0.332375 0.380016 0.085687 0.202406
0 0.361562 0.327703 0.033750 0.059281
2 0.420516 0.324328 0.060469 0.207094
2 0.499062 0.667461 0.116688 0.245797
2 0.835906 0.583211 0.103625 0.167953
0 0.816641 0.590555 0.066031 0.099203
1 0.853867 0.531406 0.055359 0.063781
2 0.493625 0.240055 0.041656 0.128766
2 0.662805 0.310055 0.039297 0.158922
2 0.573352 0.390383 0.058578 0.114984
0 0.553828 0.422398 0.019750 0.051484
1 0.506133 0.581477 0.047922 0.075203
0 0.560219 0.689789 0.088000 0.087953
0 0.551250 0.645266 0.044688 0.024219
1 0.665836 0.252609 0.031766 0.043344
0 0.666031 0.329906 0.032594 0.069250
0 0.555398 0.385836 0.020766 0.020203
1 0.585602 0.354336 0.033266 0.043078
1 0.496898 0.194094 0.035578 0.037094
0 0.490516 0.243398 0.035719 0.045703
0 0.431508 0.287141 0.014891 0.039062
1 0.419875 0.244383 0.029125 0.046297
0 0.433258 0.371977 0.040016 0.130422
0 0.297445 0.397273 0.014891 0.062891
0 0.358352 0.421008 0.035766 0.109172
1 0.348898 0.270164 0.031266 0.045828
