2 0.036125 0.357594 0.072250 0.230875
0 0.216641 0.543539 0.038531 0.142234
1 0.017172 0.270344 0.034344 0.057250
0 0.063883 0.225023 0.067734 0.053234
1 0.011430 0.207937 0.022859 0.047719
0 0.019641 0.383594 0.039281 0.111937
0 0.517555 0.406141 0.044797 0.052719
1 0.552141 0.337875 0.029500 0.044156
0 0.636992 0.280047 0.020484 0.053125
1 0.625164 0.227633 0.025078 0.032672
2 0.623406 0.280102 0.048406 0.136734
2 0.546906 0.377570 0.053437 0.122922
2 0.026992 0.255008 0.053984 0.142203
2 0.220977 0.372469 0.080203 0.117437
2 0.247227 0.489648 0.099672 0.259203
0 0.802469 0.618977 0.070187 0.113609
1 0.223258 0.398383 0.052547 0.076578
1 0.206141 0.338633 0.032656 0.050453
0 0.454844 0.656836 0.060156 0.068141
1 0.539875 0.601656 0.048813 0.077625
0 0.554484 0.742258 0.027094 0.180422
2 0.504703 0.677242 0.127125 0.229953
1 0.858078 0.565578 0.047063 0.066750
2 0.826867 0.620688 0.120547 0.178531
0 0.845133 0.636320 0.054359 0.111484
