0 0.331141 0.307938 0.027031 0.028125
1 0.200437 0.437070 0.061906 0.078672
1 0.252711 0.602734 0.087234 0.107031
1 0.378563 0.675578 0.066906 0.079844
0 0.429328 0.682008 0.045375 0.032328
0 0.473047 0.772758 0.109812 0.080422
2 0.419875 0.723914 0.148906 0.177172
0 0.220141 0.850633 0.061219 0.225516
2 0.634453 0.307391 0.085656 0.162406
1 0.626609 0.249578 0.031250 0.047188
0 0.602383 0.338266 0.020734 0.084969
0 0.662609 0.333172 0.028125 0.082313
2 0.540891 0.356367 0.091437 0.087984
1 0.550484 0.331328 0.031875 0.037969
0 0.577148 0.378797 0.019234 0.042656
2 0.559258 0.301148 0.075078 0.115828
1 0.547109 0.266016 0.027500 0.045156
0 0.531703 0.314414 0.020000 0.057484
0 0.582781 0.320305 0.028156 0.077672
2 0.420148 0.350820 0.056609 0.161172
1 0.413273 0.294344 0.042203 0.047812
0 0.457586 0.386664 0.047453 0.079172
2 0.303297 0.294883 0.048219 0.142672
1 0.303141 0.249719 0.031563 0.052969
0 0.324781 0.316422 0.049063 0.059969
2 0.268805 0.376617 0.062297 0.185703
0 0.280125 0.430711 0.046656 0.117328
1 0.273461 0.308109 0.051578 0.049062
2 0.203906 0.540438 0.078750 0.286969
0 0.217773 0.601633 0.050266 0.145453
2 0.273953 0.729570 0.167281 0.360484
0 0.345055 0.719938 0.022422 0.096594
