0 0.909937 0.617398 0.056844 0.060203
0 0.926039 0.645258 0.145047 0.130484
0 0.594398 0.262281 0.053828 0.050875
0 0.536531 0.346086 0.023000 0.083984
0 0.823070 0.276281 0.049641 0.075031
0 0.818867 0.288094 0.048547 0.038063
2 0.952094 0.577539 0.095813 0.295609
2 0.822195 0.268297 0.060391 0.164938
2 0.594945 0.256211 0.057391 0.140297
2 0.557258 0.296164 0.063766 0.139703
2 0.328797 0.634695 0.098031 0.231859
2 0.537813 0.447758 0.074688 0.147047
1 0.603117 0.206680 0.025547 0.039109
1 0.555008 0.247859 0.036578 0.042344
1 0.347555 0.557359 0.052953 0.073937
1 0.544250 0.405289 0.033469 0.059609
1 0.829102 0.214766 0.041891 0.053125
1 0.971656 0.478359 0.056687 0.093531
0 0.566172 0.456297 0.017344 0.069656
0 0.526203 0.514961 0.050719 0.143922
0 0.357539 0.680586 0.040141 0.119953
