2 0.513156 0.585898 0.122500 0.262172
2 0.557727 0.392633 0.056609 0.117859
1 0.719414 0.378133 0.040328 0.069953
0 0.679188 0.466938 0.033188 0.118375
0 0.754172 0.490250 0.033094 0.125500
0 0.572484 0.979688 0.037531 0.040625
1 0.040641 0.391313 0.057969 0.080500
1 0.484547 0.849227 0.095469 0.157016
1 0.137547 0.806922 0.108906 0.137719
0 0.553633 0.626969 0.059766 0.083563
1 0.130094 0.351391 0.049781 0.073000
0 0.134266 0.472742 0.030594 0.085453
0 0.278000 0.424969 0.067062 0.115500
0 0.262594 0.427242 0.102375 0.076484
1 0.236367 0.328258 0.043828 0.070922
1 0.403133 0.315297 0.025672 0.044813
0 0.420906 0.375891 0.037344 0.045625
0 0.563242 0.429469 0.045422 0.068250
0 0.524445 0.372094 0.019703 0.020938
1 0.391484 0.197391 0.007969 0.032344
0 0.384359 0.243750 0.044500 0.050250
2 0.394047 0.357883 0.063594 0.131047
2 0.163805 0.448461 0.116297 0.265578
2 0.162680 0.869023 0.162797 0.261953
2 0.482430 0.886109 0.215859 0.227781
2 0.261516 0.412602 0.099875 0.239172
2 0.057797 0.464164 0.093844 0.226047
0 0.097148 0.541078 0.032422 0.036813
2 0.383328 0.229844 0.046469 0.097500
2 0.716094 0.442828 0.108594 0.199969
1 0.546883 0.361062 0.025328 0.053750
1 0.529391 0.495617 0.066656 0.082391
