1 0.096227 0.327914 0.052516 0.069172
0 0.400656 0.873117 0.058125 0.251578
1 0.307516 0.722813 0.084719 0.143750
0 0.097648 0.828000 0.043672 0.122438
0 0.113563 0.439016 0.094500 0.072281
0 0.150875 0.412695 0.049375 0.025234
1 0.345477 0.352289 0.046016 0.071672
1 0.396609 0.323969 0.045094 0.041125
0 0.383656 0.390992 0.051563 0.060516
0 0.369766 0.484797 0.039469 0.089781
0 0.295008 0.461102 0.014578 0.072484
1 0.554148 0.878578 0.100641 0.157844
1 0.483484 0.624945 0.051688 0.063859
1 0.172531 0.646289 0.078406 0.119297
2 0.788430 0.498250 0.157641 0.208812
2 0.489930 0.204141 0.040172 0.091406
2 0.472875 0.344156 0.045031 0.141719
2 0.394742 0.362227 0.074172 0.119297
2 0.337352 0.449328 0.100172 0.265406
2 0.111648 0.408953 0.097766 0.234594
2 0.473727 0.695039 0.110516 0.202422
0 0.525641 0.747695 0.061250 0.071172
2 0.513086 0.898734 0.185547 0.202531
2 0.322516 0.824891 0.210656 0.350219
2 0.172875 0.774188 0.191219 0.376312
0 0.463547 0.940188 0.086781 0.119625
0 0.451141 0.419187 0.009969 0.038313
0 0.479531 0.417164 0.021219 0.127234
0 0.501094 0.227219 0.018594 0.034688
1 0.487070 0.175242 0.024234 0.033266
1 0.470305 0.299078 0.034547 0.052469
1 0.818719 0.428727 0.054688 0.070047
0 0.736758 0.540563 0.053484 0.127000
0 0.852328 0.537492 0.029531 0.087516
0 0.515742 0.756203 0.087641 0.076344
0 0.258773 0.944414 0.069203 0.111172
