0 0.172359 0.365469 0.032500 0.055500
1 0.246719 0.409172 0.056719 0.080813
1 0.199250 0.363453 0.042344 0.049531
1 0.166531 0.301523 0.038250 0.045391
0 0.081180 0.373437 0.076859 0.096562
1 0.043367 0.237063 0.037047 0.048906
1 0.050211 0.276141 0.040016 0.052031
0 0.015445 0.307406 0.030891 0.069250
2 0.044484 0.293305 0.088969 0.161766
0 0.217453 0.549844 0.029656 0.150937
0 0.313633 0.539562 0.043516 0.153000
0 0.381945 0.361023 0.048953 0.082016
0 0.442805 0.411883 0.017516 0.154641
1 0.406727 0.292359 0.033297 0.068750
1 0.582516 0.353023 0.031344 0.042172
0 0.617328 0.306359 0.021594 0.069781
1 0.654430 0.341102 0.048359 0.062109
1 0.596750 0.231859 0.023313 0.041375
0 0.531219 0.224742 0.017281 0.079203
0 0.497648 0.221875 0.030922 0.052062
1 0.510344 0.164375 0.018906 0.039844
1 0.487789 0.397945 0.061609 0.060484
0 0.545055 0.374422 0.041578 0.029687
0 0.546461 0.419156 0.044766 0.047188
0 0.474313 0.491852 0.025281 0.078016
0 0.636094 0.454922 0.057875 0.119563
2 0.650125 0.412094 0.058219 0.203812
2 0.578469 0.383828 0.039938 0.104094
2 0.598188 0.281828 0.060687 0.141469
2 0.510992 0.204352 0.058016 0.120047
2 0.404156 0.362352 0.094406 0.209672
2 0.499992 0.465273 0.086016 0.196359
2 0.202125 0.396016 0.048250 0.115000
2 0.269500 0.496766 0.132938 0.257375
0 0.088148 0.315688 0.035422 0.091844
2 0.064227 0.344078 0.074672 0.187781
2 0.169195 0.337719 0.051422 0.117344
