0 0.321164 0.701000 0.028578 0.074062
2 0.378719 0.202078 0.061375 0.105688
0 0.401906 0.213281 0.014125 0.103031
2 0.154867 0.195977 0.045016 0.122953
1 0.150430 0.163828 0.036766 0.058719
2 0.279227 0.672078 0.113984 0.228438
2 0.170039 0.638813 0.090672 0.199969
1 0.179313 0.576602 0.051688 0.075703
1 0.281039 0.600344 0.053203 0.083719
0 0.180773 0.728578 0.067672 0.132844
0 0.882437 0.602375 0.071562 0.145531
1 0.885945 0.450516 0.062172 0.067469
1 0.785461 0.246578 0.036578 0.043125
0 0.768742 0.356078 0.061297 0.108812
1 0.506563 0.111016 0.020469 0.036875
1 0.538984 0.166094 0.031562 0.036719
0 0.523023 0.241336 0.026203 0.084016
1 0.597969 0.226750 0.036719 0.048438
1 0.649508 0.193875 0.027828 0.042969
0 0.627141 0.275805 0.017594 0.094578
0 0.592250 0.336594 0.046656 0.117125
0 0.564508 0.351984 0.017203 0.042500
0 0.745391 0.326063 0.018531 0.031500
2 0.593766 0.295539 0.049688 0.186016
2 0.771766 0.310453 0.063969 0.170656
2 0.874625 0.532336 0.117625 0.232828
2 0.643781 0.241398 0.050812 0.137328
2 0.533422 0.225570 0.045844 0.155828
2 0.496281 0.152742 0.045281 0.119984
0 0.482945 0.178281 0.017297 0.068813
