1 0.294977 0.206813 0.024453 0.044781
1 0.660422 0.190328 0.021563 0.039656
1 0.082805 0.197164 0.027984 0.058172
1 0.586164 0.307336 0.034547 0.064078
0 0.642563 0.274984 0.019062 0.100656
1 0.856883 0.219055 0.029391 0.045016
2 0.079484 0.250266 0.060219 0.162594
1 0.889344 0.240539 0.038875 0.053922
2 0.652180 0.224227 0.037828 0.107797
2 0.977906 0.541984 0.044187 0.137906
1 0.983602 0.501836 0.032797 0.057609
0 0.965086 0.587633 0.069828 0.051078
0 0.941297 0.570922 0.053250 0.072844
2 0.840344 0.259641 0.064438 0.126656
2 0.855961 0.294680 0.105828 0.161578
2 0.571289 0.340578 0.064641 0.130406
2 0.294461 0.255352 0.032016 0.142453
0 0.566805 0.365109 0.055016 0.082594
0 0.817695 0.315891 0.029328 0.086344
0 0.077836 0.275133 0.053766 0.080672
