2 0.592797 0.393188 0.036781 0.135250
2 0.666039 0.325820 0.065516 0.162734
0 0.661687 0.338898 0.051938 0.074078
1 0.662180 0.266813 0.033609 0.044219
0 0.675586 0.331008 0.046328 0.065641
1 0.089227 0.264406 0.043766 0.053281
1 0.051641 0.195828 0.031094 0.046469
0 0.091633 0.223531 0.031453 0.038063
0 0.040844 0.268891 0.021031 0.063125
0 0.121367 0.360563 0.033172 0.092937
0 0.049148 0.375953 0.039328 0.132656
1 0.192445 0.334875 0.041891 0.044062
1 0.231555 0.391250 0.058109 0.074688
0 0.286891 0.467492 0.038688 0.076328
0 0.253430 0.500656 0.078047 0.079938
2 0.022039 0.324313 0.044078 0.169781
1 0.353578 0.327234 0.038750 0.065844
1 0.485539 0.595797 0.053141 0.067969
0 0.531648 0.661367 0.056109 0.030078
0 0.536414 0.718383 0.094078 0.092359
1 0.614492 0.705102 0.061141 0.094391
1 0.848578 0.574398 0.062781 0.072578
0 0.834844 0.645000 0.101594 0.091563
0 0.807219 0.643453 0.065906 0.111844
2 0.830125 0.614258 0.111500 0.152734
0 0.643367 0.912773 0.041547 0.174453
0 0.402547 0.434711 0.023656 0.130578
0 0.325430 0.440391 0.023578 0.145031
1 0.595187 0.349875 0.031469 0.048094
2 0.364555 0.394055 0.101641 0.199078
0 0.603266 0.416687 0.039531 0.067594
2 0.079000 0.336531 0.097156 0.197312
2 0.601547 0.828617 0.124406 0.342766
2 0.474211 0.676945 0.091172 0.229734
2 0.254273 0.480312 0.103797 0.252500
2 0.192398 0.371148 0.055203 0.116766
2 0.055484 0.236586 0.050844 0.128422
