0 0.685711 0.823375 0.085484 0.182937
1 0.539320 0.246937 0.038297 0.061125
0 0.501563 0.357797 0.027156 0.131062
1 0.660562 0.382352 0.038438 0.056859
0 0.659461 0.466797 0.065172 0.095469
0 0.594234 0.426883 0.061937 0.061859
0 0.873469 0.332031 0.038188 0.103344
0 0.834555 0.326297 0.014359 0.024594
1 0.873281 0.244422 0.030312 0.048750
1 0.663477 0.192859 0.029109 0.034938
1 0.402094 0.186523 0.020812 0.045578
1 0.730266 0.679312 0.092719 0.117000
1 0.983039 0.497859 0.033922 0.049250
0 0.398094 0.277328 0.014000 0.102188
0 0.946813 0.561484 0.047375 0.079219
0 0.963203 0.581031 0.073594 0.061375
2 0.401898 0.244109 0.021734 0.161562
2 0.524898 0.300539 0.075516 0.168922
2 0.865633 0.275773 0.054703 0.112516
2 0.979469 0.542867 0.041062 0.138672
2 0.732156 0.767453 0.148125 0.292594
2 0.644594 0.421875 0.092969 0.136469
2 0.654805 0.218742 0.063391 0.090953
0 0.657242 0.254609 0.019797 0.019219
