2 0.489711 0.203789 0.039703 0.090234
1 0.794148 0.436391 0.063266 0.076281
0 0.809352 0.571234 0.055734 0.115969
0 0.387523 0.389805 0.050828 0.062891
0 0.744555 0.552812 0.031109 0.112812
1 0.073102 0.763484 0.114547 0.131781
0 0.212586 0.912547 0.097672 0.174906
1 0.240453 0.566250 0.077156 0.112812
0 0.236602 0.735789 0.116672 0.127484
0 0.275070 0.790656 0.039766 0.088687
1 0.288242 0.361797 0.053141 0.078281
0 0.286008 0.493891 0.091078 0.094094
0 0.463047 0.939492 0.081031 0.121016
1 0.473250 0.642742 0.080563 0.065172
1 0.387484 0.311062 0.039844 0.038125
2 0.782750 0.504109 0.108906 0.208656
0 0.514391 0.746492 0.099375 0.100141
2 0.468195 0.710984 0.092047 0.201500
0 0.520844 0.730813 0.041656 0.054938
1 0.544914 0.876797 0.098453 0.160469
1 0.507328 0.278242 0.033875 0.044453
1 0.486977 0.176125 0.023922 0.033688
0 0.499383 0.228164 0.018766 0.035234
0 0.541781 0.341422 0.036250 0.057031
0 0.417906 0.360734 0.037031 0.021344
0 0.474984 0.342000 0.013906 0.056625
2 0.532453 0.898195 0.219094 0.203609
2 0.227297 0.672000 0.131375 0.325687
2 0.138523 0.849258 0.247203 0.301484
2 0.285047 0.451352 0.090031 0.256984
2 0.508906 0.319383 0.082125 0.126547
2 0.387586 0.356266 0.050609 0.129969
