0 0.550062 0.684164 0.052469 0.089047
1 0.261102 0.362836 0.045922 0.065234
1 0.196305 0.334250 0.040172 0.036875
2 0.614836 0.272203 0.048734 0.146875
1 0.612438 0.216391 0.032656 0.035000
1 0.517414 0.562727 0.069766 0.068703
0 0.794117 0.609992 0.049984 0.051203
1 0.854234 0.557734 0.063375 0.067281
0 0.612516 0.284227 0.023500 0.047422
0 0.631125 0.276484 0.014750 0.038906
2 0.557352 0.380281 0.041141 0.114531
2 0.509883 0.368281 0.076922 0.200937
0 0.475680 0.369195 0.009516 0.046453
0 0.541391 0.381078 0.014281 0.060469
1 0.549789 0.341906 0.026109 0.037812
1 0.504953 0.303516 0.035344 0.071406
0 0.220680 0.403977 0.043391 0.044547
0 0.238758 0.503391 0.027359 0.134312
1 0.011938 0.211555 0.023875 0.053703
0 0.067961 0.227016 0.060078 0.047750
2 0.027109 0.267227 0.054219 0.166203
2 0.203180 0.378328 0.054422 0.124781
2 0.279312 0.446883 0.107625 0.232797
0 0.322148 0.454977 0.021328 0.103109
2 0.508133 0.656609 0.138266 0.257187
2 0.847844 0.610734 0.109281 0.171344
0 0.870102 0.650070 0.063922 0.091547
