0 0.602594 0.276719 0.011750 0.035625
2 0.842336 0.640437 0.141109 0.183594
2 0.621570 0.258914 0.049859 0.113578
2 0.212219 0.368648 0.088781 0.110172
1 0.235789 0.353180 0.055172 0.081453
1 0.197008 0.345922 0.045359 0.065812
0 0.229367 0.525758 0.058422 0.171766
0 0.272437 0.509563 0.028156 0.074969
1 0.473578 0.594141 0.066281 0.075938
1 0.853414 0.588570 0.057109 0.076922
1 0.618453 0.225859 0.042188 0.047344
0 0.530062 0.659586 0.064969 0.038922
0 0.490914 0.747422 0.077641 0.143594
0 0.930641 0.722094 0.087625 0.131438
2 0.236383 0.448984 0.081922 0.271750
2 0.476445 0.687680 0.105391 0.263984
2 0.018367 0.418086 0.036734 0.121891
0 0.018281 0.418398 0.036562 0.121641
2 0.713273 0.919766 0.156078 0.160469
1 0.742859 0.930070 0.095906 0.137984
0 0.797484 0.636211 0.053781 0.089766
0 0.637758 0.289609 0.016422 0.046094
