0 0.242063 0.451008 0.059656 0.129516
1 0.213617 0.316102 0.044828 0.057672
1 0.162906 0.298211 0.033437 0.044297
0 0.169578 0.358000 0.035562 0.043719
0 0.616195 0.469125 0.037828 0.111875
2 0.402555 0.333188 0.084734 0.213344
0 0.523547 0.515242 0.053031 0.115516
1 0.541094 0.397258 0.051313 0.070672
1 0.585141 0.370031 0.036313 0.071875
2 0.642258 0.293367 0.068266 0.157953
0 0.085031 0.385719 0.059000 0.109312
0 0.087109 0.317961 0.040125 0.082516
1 0.040477 0.238039 0.037953 0.049359
1 0.033516 0.282875 0.043937 0.051875
0 0.008859 0.311578 0.017719 0.070531
2 0.168484 0.335750 0.044063 0.119625
2 0.226242 0.396453 0.072641 0.219281
1 0.649469 0.233937 0.027125 0.039313
0 0.620781 0.309695 0.023875 0.067922
0 0.667297 0.305148 0.017938 0.062734
2 0.494672 0.207211 0.055062 0.127672
0 0.479102 0.220930 0.024016 0.057172
0 0.503695 0.218031 0.036984 0.047406
1 0.489906 0.162750 0.020781 0.039219
1 0.408734 0.257883 0.037812 0.060203
2 0.063133 0.350625 0.103422 0.187188
2 0.037078 0.280313 0.074156 0.134563
2 0.600859 0.429000 0.068062 0.190656
2 0.533555 0.458859 0.075641 0.193781
0 0.430578 0.343148 0.028281 0.068891
