1 0.553906 0.266562 0.032938 0.042312
0 0.863227 0.473609 0.099359 0.067156
0 0.449172 0.745133 0.052781 0.079797
1 0.376375 0.658297 0.069125 0.069656
0 0.734664 0.358516 0.026078 0.060281
0 0.679469 0.389695 0.029406 0.073016
1 0.574992 0.338516 0.025703 0.049313
0 0.570133 0.399547 0.039609 0.054781
0 0.524297 0.384383 0.071906 0.056922
1 0.158609 0.301047 0.038750 0.044687
1 0.203484 0.345531 0.050656 0.068000
0 0.221648 0.497156 0.061484 0.141719
0 0.810531 0.467398 0.061250 0.089922
2 0.547320 0.297555 0.069953 0.103734
2 0.563242 0.373445 0.056953 0.119672
1 0.509969 0.211562 0.024219 0.045469
0 0.486367 0.268320 0.036422 0.077734
2 0.215703 0.419094 0.075531 0.216750
2 0.516695 0.232070 0.050859 0.086953
2 0.162914 0.331117 0.047828 0.105828
0 0.268398 0.450719 0.036734 0.025000
2 0.251539 0.431313 0.040203 0.067062
2 0.408945 0.718375 0.135391 0.188875
0 0.517125 0.279445 0.039625 0.089578
0 0.528375 0.321289 0.032063 0.053609
0 0.561797 0.317844 0.041406 0.064344
2 0.700148 0.367898 0.093734 0.189547
1 0.691375 0.296187 0.039750 0.047500
2 0.846305 0.470766 0.132297 0.206906
1 0.880250 0.400477 0.051813 0.066328
