2 0.607648 0.431398 0.064141 0.130453
2 0.594859 0.660898 0.116688 0.263828
2 0.082039 0.241281 0.055016 0.179969
1 0.587055 0.577781 0.060484 0.099125
0 0.548117 0.444102 0.058328 0.050859
1 0.075391 0.179000 0.031156 0.056687
1 0.696172 0.175836 0.018625 0.039047
1 0.601352 0.390023 0.043984 0.045578
0 0.571695 0.467484 0.083703 0.057125
0 0.539977 0.730875 0.078016 0.122938
0 0.638453 0.672352 0.029188 0.095422
0 0.872250 0.343242 0.045781 0.127047
0 0.806086 0.277609 0.060766 0.047906
1 0.877211 0.248641 0.037516 0.057969
2 0.685063 0.227492 0.041062 0.143016
2 0.849187 0.304656 0.093344 0.170094
