2 0.557930 0.220688 0.061359 0.126437
0 0.543523 0.241180 0.032672 0.051078
0 0.575398 0.237664 0.026734 0.052172
1 0.556180 0.180797 0.025641 0.046719
1 0.160109 0.299234 0.033594 0.040938
1 0.204508 0.375313 0.033453 0.051250
1 0.149375 0.378352 0.054625 0.071234
0 0.179039 0.510328 0.058297 0.116531
0 0.064453 0.453164 0.033281 0.123359
1 0.007516 0.352438 0.015031 0.072313
0 0.517062 0.383242 0.051000 0.042484
1 0.566625 0.332750 0.029375 0.036406
1 0.481922 0.405344 0.039969 0.065625
1 0.474461 0.473688 0.049984 0.076375
2 0.580977 0.904563 0.172641 0.190875
0 0.374828 0.541773 0.056062 0.080484
0 0.504852 0.552250 0.026109 0.052344
0 0.261203 0.429109 0.047625 0.112719
0 0.611625 0.911781 0.045031 0.043938
0 0.630117 0.959313 0.072609 0.081375
1 0.560906 0.870031 0.078688 0.121188
2 0.455484 0.543898 0.126750 0.216828
0 0.190172 0.393891 0.035969 0.086813
2 0.041055 0.423227 0.082109 0.213953
2 0.165437 0.455992 0.087000 0.226797
2 0.165742 0.318383 0.045109 0.078859
2 0.545836 0.359414 0.071016 0.090328
2 0.485664 0.456391 0.084109 0.167219
0 0.542242 0.502320 0.048234 0.075578
2 0.220781 0.405898 0.096250 0.113141
