0 0.210820 0.356422 0.044859 0.037969
0 0.531523 0.314727 0.030359 0.046766
0 0.627688 0.331281 0.019062 0.021094
0 0.650336 0.332305 0.037422 0.088109
2 0.540648 0.375758 0.064953 0.116984
1 0.554297 0.338750 0.025469 0.043281
0 0.525398 0.368055 0.033703 0.078859
2 0.357141 0.357758 0.114875 0.200547
2 0.332109 0.318055 0.080500 0.141859
1 0.355695 0.264141 0.032359 0.033594
1 0.359914 0.285625 0.034547 0.056875
0 0.402734 0.362117 0.021594 0.048578
0 0.321344 0.382203 0.043156 0.099344
0 0.187461 0.378250 0.061891 0.079438
1 0.162852 0.302906 0.032984 0.043125
0 0.552898 0.324750 0.057828 0.048906
1 0.553641 0.268484 0.030781 0.047969
1 0.640281 0.254969 0.030313 0.050312
0 0.908195 0.471711 0.055922 0.068547
0 0.820375 0.474203 0.053656 0.077313
1 0.869258 0.395516 0.045797 0.065938
2 0.864664 0.470984 0.143172 0.215844
1 0.439187 0.615281 0.063125 0.076531
0 0.479914 0.642945 0.026766 0.037234
0 0.514719 0.692023 0.082781 0.093734
2 0.651398 0.306516 0.053141 0.151969
2 0.549328 0.296555 0.065750 0.104016
2 0.169547 0.340719 0.052625 0.119969
2 0.452898 0.683820 0.101703 0.214328
