1 0.288633 0.698937 0.082984 0.081000
0 0.271969 0.792672 0.092969 0.090344
0 0.629133 0.230625 0.039703 0.056094
1 0.847375 0.569789 0.059312 0.076141
1 0.460141 0.307602 0.032406 0.057672
2 0.602055 0.254469 0.047953 0.112094
0 0.600156 0.286859 0.041250 0.046844
2 0.305844 0.748008 0.119500 0.180172
2 0.458227 0.358766 0.084203 0.160281
0 0.922914 0.726320 0.079141 0.136078
0 0.793586 0.631281 0.049141 0.110969
1 0.596469 0.218578 0.034938 0.038906
2 0.839844 0.630430 0.122500 0.199141
0 0.496039 0.398320 0.028516 0.109516
0 0.425898 0.383914 0.019766 0.070953
