0 0.902398 0.340273 0.020109 0.120672
1 0.663734 0.149766 0.021094 0.030469
2 0.938344 0.312953 0.092062 0.213781
1 0.955234 0.233969 0.038687 0.056844
2 0.662703 0.177680 0.041469 0.086203
0 0.679328 0.198578 0.007656 0.044375
0 0.971664 0.359172 0.021984 0.121531
2 0.716273 0.221406 0.054109 0.130625
0 0.694484 0.264578 0.011469 0.044875
0 0.730156 0.193266 0.026562 0.079719
1 0.733437 0.172484 0.017188 0.032156
1 0.630437 0.235719 0.031094 0.048563
0 0.590086 0.262867 0.011922 0.036578
0 0.607125 0.358102 0.025656 0.130641
0 0.635969 0.322594 0.021344 0.052438
2 0.620102 0.302180 0.052234 0.181703
1 0.617938 0.214812 0.024375 0.045000
2 0.607320 0.254047 0.046234 0.124594
