1 0.019813 0.306141 0.039625 0.055219
1 0.105727 0.713867 0.097203 0.131547
2 0.384125 0.224609 0.047062 0.080469
2 0.385180 0.356875 0.038984 0.132187
1 0.419320 0.304781 0.036109 0.059813
1 0.210625 0.468828 0.063125 0.091688
1 0.305234 0.355352 0.041406 0.062203
0 0.286695 0.483961 0.031203 0.150703
1 0.556562 0.349852 0.024219 0.051859
0 0.525625 0.371656 0.027031 0.019844
0 0.098398 0.518891 0.028484 0.088094
0 0.575469 0.431164 0.039719 0.084547
2 0.041039 0.365258 0.082078 0.173328
2 0.170055 0.430664 0.103359 0.241172
0 0.226734 0.876250 0.072469 0.167000
0 0.067664 0.947516 0.055422 0.104969
0 0.180672 0.649531 0.050750 0.187031
0 0.268953 0.574508 0.026625 0.125734
1 0.391188 0.198141 0.008906 0.029687
0 0.383883 0.241344 0.046016 0.046687
0 0.403016 0.254016 0.013844 0.071344
2 0.418484 0.365250 0.067719 0.180750
2 0.561344 0.383648 0.049969 0.118953
2 0.317859 0.421547 0.092844 0.196219
2 0.220141 0.563937 0.127500 0.281813
2 0.149328 0.824320 0.229438 0.351359
0 0.403750 0.415711 0.036031 0.118891
0 0.457242 0.368750 0.038922 0.070000
0 0.141937 0.467688 0.031250 0.081562
2 0.064125 0.455211 0.108594 0.217078
0 0.052844 0.416164 0.092344 0.070984
1 0.052875 0.386266 0.058000 0.078719
1 0.141930 0.347687 0.047203 0.074625
