2 0.803273 0.348312 0.061859 0.142281
0 0.664227 0.237078 0.036328 0.030219
1 0.672055 0.196734 0.022359 0.035313
2 0.658453 0.215508 0.049875 0.073484
0 0.781977 0.407852 0.037016 0.125078
1 0.587445 0.259992 0.028641 0.056016
0 0.601289 0.323492 0.031172 0.052203
2 0.306445 0.410766 0.107234 0.244719
2 0.581461 0.325195 0.071422 0.186391
2 0.849336 0.322539 0.066547 0.174047
0 0.857937 0.368680 0.030219 0.104828
0 0.567883 0.319734 0.035359 0.059656
0 0.341125 0.414687 0.076250 0.082187
0 0.267578 0.380148 0.029219 0.061891
1 0.320477 0.321773 0.049891 0.067797
1 0.813805 0.301891 0.039109 0.049406
1 0.861703 0.264617 0.042375 0.056453
