2 0.602969 0.417828 0.092687 0.186844
2 0.571344 0.373906 0.055812 0.101281
2 0.557492 0.234875 0.054953 0.094219
0 0.027695 0.361398 0.055391 0.137922
0 0.656344 0.902570 0.077031 0.182672
1 0.585906 0.806672 0.072000 0.104531
0 0.547656 0.377234 0.057031 0.019062
0 0.554031 0.386930 0.020781 0.075203
1 0.440570 0.310187 0.047359 0.049375
1 0.575977 0.345773 0.033047 0.044766
1 0.611578 0.354984 0.050094 0.060750
0 0.585031 0.395891 0.056813 0.091969
0 0.465711 0.416203 0.032672 0.111656
1 0.529414 0.512984 0.060547 0.073469
0 0.467883 0.604055 0.067922 0.093141
0 0.139508 0.638977 0.039984 0.076484
0 0.261852 0.613945 0.042391 0.146172
1 0.169992 0.473344 0.065234 0.087375
0 0.207516 0.362430 0.045656 0.025203
0 0.190711 0.368828 0.068047 0.046406
1 0.168977 0.299711 0.042141 0.046453
2 0.024008 0.361789 0.048016 0.137578
1 0.558109 0.210437 0.028438 0.044531
0 0.531664 0.270813 0.031234 0.086406
0 0.565711 0.251375 0.037984 0.061625
2 0.488797 0.563570 0.140813 0.175484
2 0.609180 0.877156 0.170641 0.245688
2 0.201750 0.575867 0.165469 0.291391
2 0.449508 0.378602 0.064891 0.186547
2 0.170383 0.334562 0.055172 0.115875
