0 0.933070 0.372875 0.020078 0.072594
0 0.863086 0.377148 0.029922 0.091641
1 0.322773 0.299656 0.048203 0.056000
1 0.694852 0.206336 0.029516 0.045391
1 0.901852 0.284477 0.051266 0.058578
2 0.895305 0.341219 0.096391 0.175437
2 0.332992 0.368117 0.073141 0.194891
2 0.109328 0.547734 0.150969 0.285688
2 0.693680 0.255227 0.060797 0.144328
0 0.717039 0.275687 0.013016 0.077937
0 0.369414 0.441570 0.013828 0.059828
0 0.332250 0.414719 0.070125 0.131906
0 0.059195 0.587828 0.050609 0.113625
0 0.167398 0.576984 0.060328 0.195219
1 0.083375 0.454063 0.067719 0.094937
