2 0.583570 0.303461 0.066953 0.142734
2 0.150734 0.340258 0.091469 0.216359
0 0.181656 0.364602 0.066344 0.102359
1 0.129484 0.262914 0.050594 0.061953
2 0.583820 0.205680 0.048922 0.130891
0 0.566391 0.235836 0.014719 0.070547
1 0.589891 0.160750 0.027188 0.040469
0 0.569883 0.319797 0.039547 0.059844
0 0.603313 0.323984 0.027656 0.052719
1 0.590773 0.260742 0.025516 0.056484
2 0.821937 0.319906 0.099250 0.173156
2 0.879148 0.374133 0.103797 0.114766
1 0.913227 0.343000 0.034703 0.051562
0 0.883508 0.421633 0.045703 0.104172
0 0.823922 0.394055 0.046469 0.085797
0 0.862070 0.322953 0.017359 0.046094
0 0.788437 0.353102 0.031094 0.106516
1 0.846398 0.263047 0.034234 0.060156
