2 0.283375 0.662281 0.122688 0.227375
2 0.980438 0.419328 0.039125 0.188219
2 0.971734 0.281117 0.056531 0.153891
1 0.274773 0.588891 0.059109 0.078688
0 0.312016 0.648680 0.049031 0.030797
0 0.325688 0.716031 0.078406 0.069688
1 0.750000 0.907258 0.121000 0.185484
2 0.763797 0.907008 0.153625 0.185984
1 0.670828 0.261844 0.035281 0.048719
0 0.619859 0.334797 0.026875 0.094656
0 0.981875 0.424062 0.036250 0.179375
0 0.688461 0.346492 0.022297 0.085422
1 0.990250 0.227039 0.019500 0.044797
0 0.950266 0.309391 0.013031 0.093188
2 0.652883 0.319008 0.091703 0.162953
