0 0.217039 0.407398 0.039391 0.047422
1 0.204992 0.334031 0.038297 0.036562
2 0.029156 0.266898 0.058313 0.163578
0 0.066477 0.226391 0.060016 0.047656
1 0.012695 0.212172 0.025391 0.052969
2 0.495469 0.672930 0.115437 0.223328
1 0.511836 0.598617 0.071172 0.073828
0 0.553516 0.634586 0.038906 0.062391
0 0.551617 0.671648 0.087328 0.120203
2 0.859992 0.625453 0.107578 0.163938
0 0.821922 0.647156 0.093000 0.079687
0 0.813508 0.588875 0.043766 0.059062
1 0.881211 0.576227 0.063891 0.064859
2 0.276977 0.552672 0.125828 0.287844
2 0.207703 0.382352 0.058031 0.132578
2 0.308000 0.389602 0.088687 0.189953
0 0.357859 0.442977 0.071594 0.123516
1 0.306078 0.321109 0.043312 0.053562
2 0.594055 0.262266 0.055984 0.133094
1 0.589859 0.218375 0.022187 0.045312
0 0.581383 0.273047 0.030797 0.057625
0 0.604961 0.267125 0.034234 0.059219
2 0.524188 0.363805 0.068344 0.087203
0 0.507320 0.384953 0.034547 0.044375
1 0.542320 0.338805 0.031734 0.036984
1 0.275680 0.458344 0.062266 0.096812
0 0.239008 0.410406 0.018609 0.030469
