2 0.107070 0.472578 0.092172 0.252219
0 0.110937 0.552922 0.077219 0.167406
1 0.374914 0.328703 0.038609 0.069656
0 0.412281 0.443961 0.025875 0.139609
0 0.331922 0.440125 0.028688 0.145063
0 0.238000 0.408563 0.021094 0.030469
0 0.214320 0.403758 0.046609 0.054234
1 0.195508 0.333328 0.042359 0.040156
1 0.090977 0.385828 0.059391 0.076437
2 0.028984 0.266719 0.057969 0.165125
0 0.067680 0.226023 0.056984 0.048141
1 0.013164 0.208750 0.026328 0.047344
0 0.882344 0.652961 0.090719 0.086891
0 0.852563 0.621297 0.058750 0.096531
2 0.496367 0.685359 0.119891 0.239500
2 0.376523 0.738156 0.104141 0.408656
2 0.203805 0.376094 0.059797 0.127187
2 0.368016 0.398422 0.100937 0.208781
2 0.521570 0.361820 0.062922 0.087109
2 0.602133 0.262367 0.049078 0.135922
1 0.602063 0.212656 0.033281 0.036719
0 0.593945 0.273961 0.022297 0.052828
0 0.504617 0.384094 0.028766 0.041875
1 0.538133 0.333937 0.028922 0.030938
1 0.515703 0.601852 0.072531 0.073297
0 0.554867 0.638430 0.045609 0.059203
0 0.558672 0.673375 0.076250 0.120781
0 0.419969 0.843352 0.158000 0.180047
1 0.387648 0.588891 0.072047 0.111031
1 0.899641 0.561891 0.055063 0.068500
2 0.874492 0.611789 0.106203 0.168922
0 0.618055 0.267328 0.016266 0.051719
