2 0.878578 0.614828 0.109031 0.170969
1 0.012812 0.209305 0.025625 0.048109
0 0.068180 0.226578 0.059766 0.048438
2 0.028820 0.267063 0.057641 0.163594
1 0.197039 0.334359 0.040016 0.038750
1 0.204352 0.405641 0.058703 0.068750
1 0.309063 0.349773 0.046000 0.068234
0 0.284328 0.483344 0.027281 0.155187
0 0.218836 0.583250 0.080484 0.166313
2 0.604586 0.673656 0.142172 0.388000
2 0.493859 0.680305 0.116094 0.232203
0 0.518469 0.384938 0.034187 0.045281
2 0.541133 0.362781 0.065859 0.089188
2 0.215258 0.505258 0.091078 0.267078
0 0.362133 0.446758 0.027953 0.126578
2 0.324391 0.426844 0.103781 0.222062
0 0.240633 0.414211 0.014922 0.032109
2 0.209820 0.380891 0.066047 0.133719
1 0.561500 0.334719 0.025000 0.032344
0 0.615172 0.267039 0.022125 0.058891
0 0.594914 0.275570 0.041859 0.052297
1 0.599203 0.218367 0.021094 0.042016
2 0.600008 0.267719 0.052297 0.141031
1 0.519719 0.601539 0.064094 0.073891
0 0.546719 0.713414 0.024688 0.174766
0 0.638359 0.776594 0.047156 0.235906
1 0.642016 0.537125 0.065156 0.112438
1 0.900344 0.561953 0.055156 0.066281
0 0.853328 0.624898 0.056344 0.094797
0 0.884148 0.654711 0.097641 0.090578
