0 0.519141 0.433539 0.043031 0.082609
2 0.515633 0.382211 0.074234 0.112453
1 0.300766 0.589094 0.079375 0.119625
0 0.301703 0.747367 0.115437 0.206203
0 0.279586 0.748867 0.151141 0.127891
2 0.282484 0.706094 0.157187 0.355000
1 0.175961 0.806891 0.112422 0.139656
2 0.180406 0.868836 0.193562 0.262328
1 0.499898 0.646406 0.055016 0.092188
0 0.516367 0.747797 0.100641 0.091906
0 0.537492 0.751695 0.058109 0.080984
2 0.479070 0.705086 0.101391 0.213266
1 0.533156 0.873727 0.095344 0.161609
0 0.457344 0.940930 0.083875 0.118141
2 0.505875 0.896813 0.180063 0.206375
1 0.406422 0.316461 0.030344 0.046859
0 0.419234 0.376219 0.039844 0.045688
2 0.400609 0.357219 0.073094 0.129625
0 0.423203 0.355102 0.025469 0.016266
1 0.495594 0.350695 0.032500 0.048297
0 0.534266 0.365891 0.025625 0.025156
1 0.825562 0.425312 0.051469 0.074375
0 0.779000 0.540094 0.062031 0.122750
1 0.434820 0.178516 0.024234 0.032656
0 0.449586 0.232891 0.020953 0.042344
2 0.441031 0.207844 0.037906 0.093969
2 0.808070 0.495055 0.120234 0.215359
