0 0.330195 0.513477 0.018953 0.100391
2 0.822234 0.282539 0.048562 0.129047
0 0.374023 0.515984 0.041203 0.171500
1 0.347992 0.351391 0.048672 0.072844
2 0.787352 0.411914 0.106203 0.257547
2 0.605570 0.324047 0.061328 0.191000
1 0.829023 0.243906 0.033297 0.051875
1 0.816094 0.317617 0.044781 0.068141
0 0.746883 0.469148 0.024328 0.141703
0 0.792906 0.473281 0.094563 0.132187
1 0.543648 0.224641 0.016109 0.043750
2 0.546523 0.274031 0.023984 0.142250
1 0.604445 0.253336 0.032641 0.049266
0 0.587992 0.369617 0.034734 0.133172
2 0.362047 0.446125 0.077906 0.262813
