2 0.495820 0.589422 0.114453 0.281219
2 0.224148 0.412430 0.071641 0.145453
2 0.170734 0.322133 0.043687 0.088828
2 0.070125 0.352375 0.062375 0.195031
2 0.074313 0.269547 0.042563 0.121906
2 0.728437 0.457719 0.073438 0.213750
0 0.729992 0.524133 0.060172 0.122734
1 0.733844 0.385539 0.045188 0.070141
2 0.587023 0.283227 0.057516 0.135641
1 0.581797 0.234063 0.028531 0.037500
0 0.604398 0.305969 0.022516 0.063937
2 0.585492 0.379734 0.042641 0.103844
0 0.555617 0.405820 0.056953 0.052109
1 0.061570 0.278797 0.045297 0.046188
0 0.571828 0.369922 0.022656 0.039062
1 0.591516 0.350328 0.030156 0.044531
0 0.532383 0.547609 0.040891 0.119813
1 0.491047 0.481797 0.054281 0.063906
0 0.430039 0.407242 0.021234 0.136141
1 0.384547 0.284820 0.033813 0.059797
1 0.306781 0.194094 0.030750 0.042344
0 0.308570 0.269008 0.035047 0.060109
0 0.364828 0.313891 0.062187 0.076281
0 0.252422 0.442672 0.077563 0.059844
1 0.208516 0.363375 0.041406 0.048750
1 0.167141 0.297656 0.031719 0.039375
1 0.144000 0.350453 0.048656 0.073594
0 0.186266 0.364297 0.058094 0.074219
0 0.114547 0.492094 0.055188 0.162406
0 0.070477 0.378398 0.039203 0.101391
1 0.070516 0.232422 0.035469 0.047813
2 0.387016 0.364891 0.107781 0.220219
2 0.308586 0.245250 0.036203 0.144813
2 0.151078 0.433039 0.128219 0.237984
