1 0.182422 0.567844 0.049437 0.064438
1 0.283922 0.589570 0.060250 0.070078
1 0.395688 0.126430 0.009219 0.034516
1 0.158234 0.166648 0.027219 0.047953
1 0.356016 0.139055 0.008406 0.038922
1 0.715000 0.290891 0.052781 0.057281
0 0.525656 0.290703 0.038031 0.107750
0 0.627773 0.276883 0.020234 0.096578
0 0.322711 0.692742 0.027234 0.068922
0 0.180969 0.720562 0.068656 0.145750
0 0.206180 0.606156 0.026359 0.078438
2 0.176289 0.636461 0.078828 0.203484
2 0.280367 0.655961 0.111984 0.203266
0 0.791609 0.294211 0.019656 0.071266
0 0.808680 0.336297 0.032891 0.105531
0 0.869383 0.353555 0.033203 0.117641
0 0.687375 0.384133 0.019875 0.087484
0 0.719391 0.387242 0.015156 0.077547
0 0.401969 0.193539 0.020156 0.082047
0 0.514453 0.166398 0.009250 0.065266
0 0.740938 0.264172 0.014531 0.018906
2 0.349367 0.173305 0.023766 0.108078
2 0.402375 0.171844 0.023563 0.126156
2 0.154094 0.199469 0.044938 0.113875
2 0.839188 0.313039 0.093813 0.174859
2 0.764180 0.299352 0.075578 0.163172
2 0.705406 0.344977 0.072438 0.165328
2 0.543695 0.254234 0.065203 0.132781
2 0.638953 0.242188 0.051344 0.137750
2 0.495523 0.140687 0.049484 0.117313
1 0.555594 0.206312 0.032344 0.038281
1 0.500289 0.099391 0.018391 0.034375
1 0.647617 0.195156 0.034297 0.043438
1 0.775500 0.237820 0.032406 0.040234
1 0.856508 0.250844 0.043734 0.050219
