0 0.719398 0.505914 0.042859 0.171609
1 0.773953 0.467117 0.061719 0.077391
0 0.720922 0.639422 0.075594 0.196781
2 0.179352 0.632734 0.082172 0.200312
0 0.509227 0.808211 0.027516 0.107203
0 0.643977 0.938875 0.057016 0.122250
1 0.623844 0.706398 0.094844 0.135984
2 0.278102 0.666250 0.113922 0.236844
2 0.636648 0.248797 0.054141 0.142500
1 0.642117 0.199320 0.031734 0.045203
2 0.572633 0.166609 0.037703 0.068250
0 0.581680 0.188867 0.013641 0.024203
0 0.558188 0.183641 0.008750 0.025625
1 0.282719 0.588547 0.061562 0.083281
0 0.324445 0.696641 0.021766 0.058781
0 0.180789 0.716187 0.067859 0.137937
1 0.190375 0.572562 0.059625 0.078438
0 0.209789 0.441906 0.084703 0.082125
0 0.254195 0.424805 0.024891 0.093391
2 0.762000 0.452445 0.130375 0.220172
2 0.768711 0.574766 0.103391 0.294156
0 0.598297 0.340383 0.022281 0.099859
0 0.655742 0.235641 0.015953 0.056562
0 0.622484 0.277180 0.023375 0.103891
1 0.580711 0.150328 0.021422 0.035469
1 0.572359 0.241609 0.041250 0.045531
1 0.215711 0.360844 0.040266 0.069250
2 0.856320 0.364789 0.089078 0.183922
2 0.584086 0.818578 0.175484 0.362844
2 0.218211 0.415438 0.100016 0.181219
2 0.573234 0.305047 0.074625 0.171531
1 0.877531 0.302156 0.045781 0.058594
0 0.832945 0.398828 0.030047 0.115563
1 0.781562 0.381648 0.049125 0.078891
0 0.813875 0.489836 0.023438 0.134547
