0 0.319961 0.712477 0.032203 0.068047
0 0.181070 0.723016 0.070234 0.143344
1 0.150875 0.165813 0.035469 0.048594
1 0.295383 0.602055 0.060203 0.085891
1 0.179797 0.576727 0.062812 0.074047
0 0.127398 0.626453 0.025734 0.035281
2 0.162086 0.638945 0.096984 0.198047
2 0.281133 0.658570 0.108047 0.198172
1 0.648305 0.221625 0.033047 0.040156
2 0.541445 0.195695 0.043891 0.129234
2 0.533094 0.283883 0.064750 0.133453
2 0.154227 0.201633 0.041891 0.120328
2 0.136586 0.160906 0.025516 0.098281
2 0.072578 0.231148 0.066594 0.193016
2 0.636320 0.273680 0.063766 0.146578
1 0.131094 0.134602 0.014437 0.045391
0 0.535719 0.207078 0.052750 0.045219
0 0.531453 0.312258 0.060656 0.079078
0 0.660617 0.311023 0.016547 0.119203
0 0.562937 0.337891 0.021500 0.117031
2 0.774687 0.660531 0.159906 0.268313
0 0.818805 0.746109 0.055047 0.182469
0 0.694273 0.655516 0.104484 0.128031
1 0.804750 0.581203 0.073625 0.110375
1 0.528070 0.243250 0.038922 0.052188
1 0.532117 0.153711 0.025953 0.044453
1 0.058961 0.163516 0.039797 0.057969
