2 0.239789 0.384992 0.072109 0.210953
1 0.471117 0.408328 0.052547 0.057125
0 0.540477 0.505141 0.053484 0.071156
0 0.439391 0.539937 0.020656 0.117188
2 0.473805 0.479703 0.088359 0.199563
2 0.041125 0.369914 0.082250 0.221234
1 0.246078 0.308609 0.043406 0.056000
1 0.163656 0.302594 0.032500 0.045312
0 0.181672 0.362797 0.046719 0.049375
0 0.271430 0.439297 0.040641 0.145156
2 0.175703 0.334469 0.062781 0.109906
0 0.074891 0.493070 0.035000 0.090422
2 0.120289 0.441336 0.127172 0.227047
0 0.527117 0.366078 0.048766 0.020656
1 0.018148 0.298563 0.036297 0.067281
2 0.566734 0.905336 0.148781 0.189328
2 0.643938 0.966273 0.101063 0.067453
1 0.643938 0.966273 0.101063 0.067453
1 0.555438 0.866062 0.077469 0.111625
0 0.626906 0.912961 0.030656 0.078703
2 0.443156 0.206258 0.057938 0.130922
1 0.440078 0.161102 0.021469 0.039234
0 0.428906 0.209555 0.029312 0.046703
0 0.458680 0.205719 0.027422 0.049531
1 0.789867 0.422633 0.043109 0.070922
0 0.833758 0.544992 0.044172 0.142516
0 0.530281 0.399203 0.053969 0.055656
0 0.718844 0.447539 0.084750 0.067422
0 0.170375 0.451266 0.026469 0.093688
1 0.090305 0.361789 0.057797 0.068234
0 0.034672 0.297500 0.069344 0.076844
1 0.558656 0.333914 0.034094 0.046016
2 0.555109 0.371281 0.046500 0.121094
2 0.789320 0.484469 0.094391 0.195719
