0 0.430031 0.681180 0.043406 0.028922
0 0.475594 0.778305 0.121094 0.065891
2 0.419914 0.723344 0.164672 0.176125
2 0.420766 0.350602 0.060281 0.162547
0 0.503711 0.383070 0.018453 0.028547
0 0.657883 0.273047 0.035953 0.074219
2 0.223125 0.409125 0.063750 0.208625
2 0.170461 0.494648 0.117109 0.287266
2 0.526852 0.353781 0.064984 0.087469
2 0.559617 0.300570 0.081547 0.125422
0 0.609469 0.347492 0.021656 0.096578
2 0.636875 0.298250 0.076563 0.160844
2 0.295211 0.280719 0.049859 0.126687
1 0.163273 0.391617 0.055422 0.079578
0 0.235680 0.456914 0.065828 0.136797
1 0.219547 0.333156 0.053219 0.055438
1 0.290211 0.244773 0.039797 0.054828
0 0.318141 0.310586 0.047062 0.060078
0 0.323062 0.296250 0.022656 0.025312
0 0.143484 0.565609 0.063344 0.189406
0 0.211094 0.531438 0.035625 0.148062
1 0.412492 0.295031 0.042609 0.051063
1 0.554008 0.257078 0.033047 0.037719
0 0.591266 0.324711 0.017594 0.076828
1 0.625422 0.240773 0.028219 0.044297
0 0.527164 0.320336 0.017297 0.059641
1 0.543586 0.328031 0.031453 0.036125
2 0.059625 0.875047 0.119250 0.249906
0 0.071102 0.954977 0.095859 0.090047
0 0.452016 0.385406 0.050219 0.091063
1 0.374242 0.676375 0.073234 0.081000
