2 0.489047 0.276828 0.052813 0.159406
2 0.672203 0.308961 0.068906 0.148109
0 0.643766 0.199445 0.042312 0.032547
0 0.077766 0.239859 0.044062 0.053469
0 0.455625 0.241586 0.032500 0.022234
0 0.699508 0.362328 0.016516 0.100250
0 0.658930 0.331133 0.040672 0.064922
1 0.644703 0.158047 0.024375 0.046406
1 0.684063 0.259250 0.041625 0.048312
0 0.507914 0.305063 0.011047 0.084031
2 0.646367 0.198516 0.047016 0.126625
0 0.493594 0.318336 0.044625 0.110391
2 0.465398 0.189188 0.035641 0.157594
2 0.449758 0.213180 0.024203 0.158672
2 0.070383 0.209789 0.059859 0.125422
1 0.055516 0.170516 0.030750 0.046437
1 0.446734 0.158922 0.012312 0.049906
1 0.458898 0.133766 0.021516 0.046469
1 0.494000 0.221695 0.043750 0.049422
