0 0.670656 0.691141 0.103094 0.104781
0 0.606766 0.609500 0.033031 0.117375
1 0.457953 0.477563 0.049562 0.065250
0 0.422898 0.433875 0.032984 0.084563
1 0.540164 0.481891 0.057703 0.080625
1 0.722180 0.575984 0.067391 0.080687
1 0.439617 0.319414 0.047297 0.063797
0 0.608352 0.315156 0.070516 0.068750
1 0.622984 0.243836 0.034938 0.061297
2 0.547352 0.569531 0.146266 0.257531
2 0.411344 0.559805 0.128312 0.232266
2 0.435109 0.382945 0.058750 0.192234
2 0.623336 0.300578 0.054797 0.176969
2 0.734734 0.643602 0.098187 0.220078
0 0.454547 0.613289 0.037844 0.173109
0 0.487133 0.603070 0.022703 0.108547
0 0.674461 0.678719 0.041203 0.040188
