1 0.612617 0.225266 0.030484 0.037594
0 0.238695 0.881852 0.062703 0.151297
1 0.413086 0.277797 0.033453 0.048469
0 0.408234 0.354984 0.031812 0.067531
0 0.631563 0.288320 0.025188 0.048984
1 0.556945 0.618812 0.052266 0.078000
0 0.591812 0.638094 0.040156 0.025000
0 0.622789 0.707484 0.149734 0.059719
0 0.841461 0.642484 0.080828 0.096594
0 0.428961 0.364109 0.015328 0.044281
0 0.811438 0.633391 0.066094 0.123531
1 0.840984 0.563906 0.066563 0.069687
2 0.543000 0.671961 0.143531 0.185766
2 0.267016 0.804031 0.163688 0.307562
2 0.834094 0.611883 0.111719 0.166859
2 0.618719 0.260719 0.049937 0.109500
2 0.414930 0.320852 0.044109 0.135172
1 0.251398 0.702945 0.134047 0.106609
