0 0.869047 0.479234 0.056375 0.160281
1 0.478273 0.208586 0.032359 0.044391
1 0.488273 0.200844 0.025797 0.050469
0 0.505305 0.257484 0.016109 0.038750
2 0.484570 0.226172 0.058641 0.101719
1 0.590516 0.258680 0.030000 0.055141
0 0.602117 0.325016 0.038391 0.051531
0 0.566680 0.317430 0.032203 0.055453
1 0.807609 0.239922 0.041094 0.046562
0 0.790133 0.343469 0.049328 0.101187
1 0.932836 0.348570 0.044828 0.074297
2 0.585945 0.290672 0.071234 0.120531
2 0.796836 0.304977 0.063141 0.177984
2 0.903539 0.435570 0.126484 0.248234
0 0.490516 0.303914 0.042594 0.094766
2 0.477492 0.268813 0.050641 0.164937
