0 0.873719 0.657180 0.096938 0.088453
0 0.830484 0.627883 0.033781 0.075922
1 0.890945 0.564008 0.058109 0.065828
2 0.197258 0.367617 0.047547 0.103172
1 0.242891 0.337367 0.041594 0.057859
1 0.387664 0.380094 0.044797 0.080594
0 0.437344 0.476375 0.024469 0.083250
0 0.308953 0.440180 0.043125 0.129328
0 0.220766 0.465742 0.028094 0.132734
2 0.257766 0.415766 0.102875 0.214406
2 0.399531 0.455273 0.100000 0.231953
2 0.027492 0.267984 0.054984 0.160094
1 0.539195 0.338562 0.026391 0.032000
2 0.595445 0.263578 0.055953 0.137688
1 0.591594 0.217156 0.021344 0.045188
0 0.583555 0.274469 0.031641 0.057844
1 0.195352 0.336516 0.038891 0.039781
0 0.068414 0.227000 0.058609 0.046875
1 0.013234 0.213875 0.026469 0.052500
0 0.508734 0.384125 0.034531 0.042031
0 0.606602 0.266641 0.033609 0.058281
2 0.485008 0.673961 0.102828 0.231703
0 0.543633 0.681195 0.089953 0.105641
1 0.488031 0.593180 0.066969 0.069453
0 0.546961 0.636242 0.056234 0.062859
2 0.524781 0.374242 0.066594 0.103328
2 0.872188 0.616477 0.117156 0.171328
