0 0.987016 0.281000 0.025969 0.080344
1 0.667555 0.506633 0.052266 0.079141
1 0.603703 0.213203 0.025469 0.036719
1 0.985859 0.236125 0.028281 0.055031
0 0.942500 0.320742 0.035031 0.117891
0 0.631820 0.270766 0.013328 0.050000
0 0.579398 0.275063 0.012234 0.052969
0 0.958516 0.515633 0.082969 0.203297
0 0.757633 0.538359 0.071953 0.084844
0 0.690484 0.637383 0.063469 0.175672
2 0.605820 0.253445 0.066641 0.117891
2 0.717148 0.561500 0.154859 0.191312
2 0.962078 0.295164 0.075844 0.174703
2 0.980961 0.513039 0.038078 0.199234
