1 0.651992 0.232609 0.032047 0.048281
0 0.581297 0.282430 0.039062 0.056703
0 0.615273 0.275867 0.019547 0.050141
0 0.645234 0.351016 0.028219 0.114000
0 0.686492 0.317242 0.011172 0.088797
1 0.740094 0.189156 0.023594 0.028750
2 0.521242 0.534516 0.108141 0.278438
2 0.661805 0.300250 0.061234 0.184125
1 0.740461 0.862039 0.109672 0.201266
2 0.752297 0.880125 0.221156 0.239750
0 0.552906 0.617227 0.031156 0.209578
1 0.499727 0.438406 0.064078 0.086312
1 0.591914 0.213922 0.025953 0.050281
2 0.593469 0.269609 0.063187 0.162031
0 0.715633 0.251328 0.009859 0.042656
0 0.766273 0.245969 0.011109 0.041875
2 0.741352 0.232828 0.061109 0.116531
