2 0.675508 0.206305 0.062422 0.140234
1 0.601664 0.391578 0.047016 0.049719
0 0.568734 0.464430 0.088031 0.061453
0 0.550883 0.446219 0.052297 0.049625
1 0.816906 0.303281 0.037812 0.050000
1 0.867500 0.255078 0.039563 0.057656
0 0.866750 0.323055 0.056625 0.073266
0 0.830148 0.409414 0.028672 0.104984
0 0.800680 0.414609 0.030266 0.108594
2 0.804820 0.373398 0.079953 0.191453
2 0.855367 0.322352 0.080266 0.191859
2 0.607383 0.431234 0.062234 0.127469
1 0.405781 0.181836 0.011875 0.043922
2 0.401336 0.215883 0.021422 0.111703
0 0.401133 0.258086 0.018078 0.026766
1 0.140016 0.153063 0.027844 0.056063
2 0.141617 0.187781 0.029609 0.127562
1 0.680547 0.159219 0.022031 0.045781
