0 0.622828 0.254258 0.034312 0.090609
1 0.662125 0.200125 0.031875 0.038437
1 0.616469 0.176047 0.022344 0.037813
2 0.173922 0.642539 0.083031 0.190453
1 0.340562 0.131906 0.008750 0.049219
2 0.349375 0.167898 0.025875 0.121453
0 0.300344 0.225789 0.012625 0.059922
2 0.274578 0.661711 0.111156 0.225578
1 0.187812 0.583773 0.055250 0.073203
0 0.678570 0.280734 0.015016 0.039219
0 0.316289 0.705625 0.027328 0.099375
0 0.180648 0.720445 0.071641 0.144422
2 0.817953 0.388023 0.087906 0.188266
1 0.836000 0.325898 0.050844 0.064203
0 0.788945 0.432211 0.031609 0.142641
0 0.848742 0.430797 0.023266 0.114188
2 0.615000 0.228422 0.054219 0.142187
2 0.652156 0.253344 0.051250 0.144750
0 0.657883 0.272562 0.026766 0.081781
1 0.277641 0.590148 0.052094 0.082203
