1 0.734203 0.245398 0.038406 0.060859
1 0.175945 0.361047 0.048109 0.072625
0 0.238211 0.456969 0.040609 0.112844
0 0.160727 0.435469 0.024609 0.069250
2 0.203664 0.423102 0.111484 0.198016
1 0.355773 0.378867 0.049047 0.075953
0 0.433563 0.518391 0.045563 0.177094
0 0.340906 0.545211 0.047219 0.174703
1 0.583766 0.169297 0.020625 0.035469
1 0.607141 0.228016 0.030781 0.045312
0 0.733914 0.342523 0.053797 0.110891
0 0.628008 0.327867 0.019422 0.118672
0 0.569766 0.321313 0.025000 0.107500
0 0.571820 0.231531 0.017391 0.064750
2 0.582859 0.207125 0.039000 0.112312
2 0.728000 0.301820 0.065969 0.174797
2 0.605820 0.288789 0.065703 0.169984
2 0.377328 0.471500 0.120969 0.263750
