1 0.466055 0.555813 0.069609 0.063812
1 0.633977 0.227281 0.025016 0.046719
2 0.832430 0.608367 0.117578 0.174297
1 0.858844 0.563359 0.056594 0.084125
0 0.840563 0.642852 0.094375 0.104609
0 0.818102 0.625141 0.088609 0.090969
2 0.625250 0.838367 0.150688 0.323266
0 0.557023 0.845297 0.012578 0.085438
0 0.674414 0.905922 0.048391 0.146500
1 0.639766 0.725906 0.061156 0.095969
0 0.528539 0.427844 0.026109 0.023125
2 0.579094 0.350844 0.026313 0.027656
0 0.632086 0.291641 0.046422 0.046875
0 0.608258 0.281805 0.023734 0.065922
2 0.193984 0.360406 0.030687 0.097312
1 0.193953 0.335578 0.030313 0.047031
2 0.231305 0.382437 0.054891 0.145375
2 0.238180 0.479422 0.089703 0.257250
2 0.053164 0.380164 0.106328 0.213141
2 0.028367 0.263602 0.056734 0.161016
0 0.068344 0.226875 0.060531 0.050875
1 0.011484 0.208500 0.022969 0.049719
1 0.021617 0.304688 0.043234 0.060469
2 0.626891 0.277891 0.062000 0.147937
1 0.579063 0.350625 0.025937 0.026719
0 0.486789 0.691828 0.057547 0.113500
0 0.500437 0.673922 0.022812 0.075969
0 0.266773 0.502891 0.070516 0.106469
1 0.221430 0.388586 0.056391 0.075609
1 0.227875 0.337766 0.047938 0.056875
0 0.015648 0.425195 0.031297 0.104297
0 0.092117 0.371203 0.030016 0.071563
2 0.466945 0.663648 0.090172 0.276078
