2 0.167961 0.331242 0.054891 0.100172
2 0.229453 0.411680 0.077438 0.152859
2 0.296070 0.381148 0.075391 0.211891
2 0.327070 0.225180 0.061484 0.140766
2 0.570914 0.390578 0.057172 0.109875
2 0.613141 0.270156 0.069344 0.162188
2 0.709422 0.315492 0.055219 0.162547
2 0.740648 0.467211 0.079766 0.215984
2 0.495297 0.673047 0.111875 0.247563
0 0.028484 0.326602 0.056969 0.093391
1 0.044633 0.324289 0.045359 0.057328
0 0.083023 0.464945 0.057422 0.131047
0 0.316937 0.434156 0.061250 0.124813
0 0.240117 0.443305 0.053703 0.061828
2 0.056016 0.412875 0.112031 0.234750
2 0.022367 0.292789 0.044734 0.090922
1 0.745961 0.392180 0.061078 0.066547
1 0.024188 0.273305 0.041219 0.051297
1 0.214305 0.362891 0.037984 0.054844
1 0.279984 0.305672 0.044375 0.061563
1 0.161250 0.301953 0.038125 0.040937
0 0.168164 0.354281 0.053859 0.054750
0 0.344938 0.252562 0.025750 0.092062
0 0.304516 0.253727 0.015375 0.083578
1 0.316234 0.178547 0.028281 0.045000
1 0.584547 0.355281 0.029406 0.038563
0 0.555820 0.388461 0.021422 0.017016
0 0.539297 0.417023 0.059781 0.056672
0 0.721141 0.341797 0.030969 0.076500
1 0.712391 0.257828 0.036719 0.046562
0 0.635859 0.304297 0.023562 0.106531
0 0.586055 0.282367 0.015547 0.068016
1 0.617258 0.216258 0.028047 0.054391
0 0.728469 0.486539 0.088938 0.073484
0 0.543500 0.677648 0.069406 0.096047
0 0.540531 0.623828 0.032531 0.030438
1 0.514859 0.591812 0.073375 0.083719
