2 0.630250 0.435984 0.087500 0.125219
0 0.612891 0.606547 0.043125 0.075781
1 0.920242 0.362094 0.051109 0.075781
0 0.927672 0.431734 0.030625 0.088281
0 0.876258 0.431172 0.082172 0.088781
2 0.890563 0.410242 0.111469 0.175234
2 0.854734 0.354414 0.143531 0.143984
2 0.664555 0.206125 0.060266 0.124938
2 0.574453 0.231008 0.055437 0.143859
2 0.644984 0.568688 0.108000 0.191281
2 0.279531 0.660898 0.116719 0.225984
1 0.657203 0.502617 0.046250 0.057578
2 0.401008 0.394820 0.072578 0.139641
1 0.401094 0.348562 0.051250 0.045938
0 0.646195 0.238750 0.023953 0.099437
1 0.666703 0.166453 0.026719 0.044375
1 0.582797 0.183016 0.031719 0.046250
0 0.595516 0.262234 0.011562 0.079219
0 0.558203 0.277891 0.021312 0.112844
0 0.093437 0.572711 0.063812 0.079484
0 0.116547 0.618891 0.072813 0.109094
1 0.118617 0.604203 0.066422 0.071562
2 0.135891 0.656070 0.111844 0.176609
1 0.282094 0.588719 0.069875 0.082000
1 0.626867 0.398234 0.035172 0.050938
0 0.655633 0.439906 0.037859 0.090562
0 0.598953 0.473062 0.024906 0.102500
0 0.340383 0.705492 0.054859 0.091203
0 0.425812 0.405156 0.020313 0.067187
0 0.415625 0.458414 0.058750 0.110047
0 0.811703 0.366930 0.057031 0.118328
1 0.902664 0.311789 0.046734 0.055453
