1 0.536867 0.286305 0.034203 0.066516
1 0.015188 0.300594 0.030375 0.053594
0 0.052734 0.409062 0.058906 0.130156
2 0.041242 0.377641 0.082484 0.208469
0 0.229570 0.522867 0.068734 0.113641
1 0.213188 0.374922 0.054969 0.069219
0 0.292648 0.413820 0.039109 0.138922
1 0.231898 0.305781 0.039859 0.049844
2 0.223344 0.460062 0.081156 0.239406
0 0.553539 0.341484 0.045703 0.102000
0 0.514664 0.388445 0.023891 0.127266
0 0.585406 0.699984 0.127687 0.063000
0 0.546672 0.644203 0.049812 0.034094
1 0.505516 0.583789 0.048937 0.080734
1 0.865391 0.527883 0.066344 0.065828
0 0.684203 0.335469 0.031781 0.103969
1 0.692023 0.243406 0.027047 0.042344
0 0.494266 0.252453 0.037344 0.061344
0 0.463758 0.262219 0.012422 0.075750
0 0.365594 0.317297 0.070625 0.040937
0 0.368063 0.304672 0.017031 0.038125
1 0.334359 0.263445 0.027969 0.047172
1 0.481633 0.204102 0.021891 0.037109
2 0.485352 0.236836 0.055609 0.103172
2 0.543242 0.354945 0.066797 0.205734
2 0.686742 0.304320 0.045453 0.163609
2 0.838023 0.576609 0.121828 0.162812
0 0.823055 0.605641 0.090297 0.077688
2 0.499633 0.658828 0.121047 0.231750
2 0.253422 0.383234 0.083812 0.205406
2 0.343133 0.307305 0.045953 0.136328
