0 0.595734 0.310273 0.008656 0.069578
0 0.567641 0.307992 0.021781 0.111109
0 0.206727 0.562102 0.037047 0.076109
1 0.293148 0.599555 0.057984 0.081859
2 0.282359 0.671625 0.108656 0.225813
2 0.177367 0.638664 0.096609 0.201516
2 0.575500 0.270445 0.056219 0.154266
1 0.174094 0.575820 0.055031 0.076359
0 0.181555 0.722578 0.068859 0.146094
0 0.322047 0.711977 0.030844 0.073922
0 0.611555 0.290789 0.026422 0.081859
1 0.650352 0.241906 0.029391 0.044375
0 0.666070 0.279180 0.044828 0.041734
2 0.631672 0.275648 0.066688 0.111641
1 0.587289 0.217141 0.032359 0.048125
