0 0.514852 0.753977 0.087859 0.080797
0 0.464781 0.940250 0.083094 0.119500
0 0.832953 0.547930 0.091719 0.130391
0 0.500961 0.227203 0.021422 0.036219
2 0.423016 0.357594 0.057031 0.125438
2 0.366156 0.334258 0.057031 0.104297
2 0.131766 0.411039 0.095469 0.251984
2 0.229461 0.647312 0.169172 0.328500
2 0.521453 0.898398 0.196687 0.203203
1 0.553852 0.877461 0.100891 0.160078
1 0.313875 0.950719 0.127375 0.098563
1 0.487016 0.175711 0.023594 0.034203
1 0.859313 0.437359 0.048438 0.079656
1 0.479773 0.630586 0.069234 0.061234
0 0.404484 0.460984 0.034125 0.104906
0 0.325781 0.441742 0.016906 0.068391
0 0.436937 0.372156 0.027656 0.030938
1 0.412234 0.320648 0.036250 0.050578
1 0.355805 0.310375 0.036016 0.055813
1 0.379008 0.331187 0.039266 0.070438
0 0.280047 0.729156 0.072812 0.193250
1 0.193477 0.536445 0.078328 0.104922
0 0.174266 0.442992 0.030219 0.063453
0 0.117805 0.462563 0.067234 0.148312
1 0.118812 0.322555 0.049875 0.073328
2 0.478883 0.703000 0.127516 0.206187
2 0.838297 0.501727 0.111531 0.209047
2 0.369258 0.414758 0.104391 0.237359
2 0.491437 0.203500 0.041406 0.091000
0 0.524047 0.746562 0.045594 0.084063
2 0.321594 0.950594 0.142563 0.098813
