2 0.273906 0.665055 0.110688 0.225984
2 0.655531 0.595609 0.084312 0.194625
2 0.848992 0.299578 0.062422 0.164688
2 0.809859 0.294648 0.063031 0.173828
0 0.801703 0.254141 0.046250 0.093281
1 0.818852 0.235313 0.035328 0.054531
1 0.862906 0.246250 0.034531 0.056250
0 0.849789 0.307828 0.028922 0.063281
0 0.879070 0.282203 0.037797 0.042031
2 0.940438 0.499922 0.108938 0.127156
0 0.897047 0.519234 0.022125 0.085750
0 0.966391 0.539625 0.057156 0.099125
1 0.951133 0.467680 0.034953 0.063578
2 0.571250 0.779867 0.159063 0.334953
0 0.479813 0.773664 0.077031 0.099422
0 0.632156 0.902688 0.050781 0.194625
1 0.656727 0.530477 0.051672 0.061078
1 0.604305 0.670680 0.070016 0.115016
2 0.173570 0.642570 0.092547 0.192922
0 0.315203 0.711523 0.028094 0.077453
0 0.180641 0.724750 0.069719 0.141125
1 0.277148 0.590695 0.050109 0.079047
1 0.189266 0.584461 0.060875 0.076141
