2 0.563727 0.655031 0.167297 0.334344
1 0.554906 0.547562 0.066563 0.121750
0 0.619406 0.677695 0.053156 0.215422
0 0.503930 0.742664 0.049484 0.221547
1 0.880375 0.238672 0.036406 0.052031
0 0.875594 0.351984 0.047281 0.126656
1 0.804344 0.275695 0.038094 0.062672
0 0.816430 0.385148 0.054484 0.150953
0 0.767188 0.370352 0.059375 0.119297
1 0.432125 0.287086 0.037969 0.053953
1 0.453977 0.219531 0.015766 0.039844
0 0.407461 0.390609 0.045422 0.114094
2 0.873336 0.309602 0.050141 0.193891
2 0.819469 0.337867 0.069062 0.188047
2 0.453711 0.246508 0.021109 0.094016
2 0.422586 0.340531 0.074672 0.160969
