2 0.408281 0.395359 0.092188 0.208531
1 0.537281 0.606656 0.075625 0.076063
2 0.301852 0.319695 0.066953 0.178922
2 0.039375 0.377742 0.078750 0.210203
2 0.359609 0.291695 0.037906 0.109516
0 0.379563 0.319391 0.033625 0.053500
2 0.440125 0.314914 0.056406 0.155484
2 0.535977 0.367711 0.059734 0.120391
2 0.508477 0.690141 0.149047 0.243156
2 0.837883 0.627359 0.130922 0.173469
2 0.588672 0.278117 0.053781 0.130891
1 0.576992 0.234922 0.030016 0.044687
2 0.469516 0.242359 0.048469 0.123406
1 0.461758 0.198547 0.023453 0.036094
0 0.478008 0.254172 0.022828 0.054844
1 0.451680 0.261344 0.032672 0.048563
1 0.364484 0.260219 0.021094 0.046406
1 0.302758 0.255844 0.037984 0.049844
1 0.868953 0.579453 0.060219 0.077375
0 0.836078 0.663687 0.134187 0.099500
0 0.802422 0.626242 0.062031 0.101297
0 0.440258 0.435883 0.028609 0.110234
0 0.370937 0.408695 0.017156 0.070078
0 0.577187 0.658672 0.039062 0.047344
0 0.576336 0.701531 0.074391 0.090531
0 0.584539 0.305992 0.037609 0.073828
1 0.551352 0.328391 0.028609 0.042188
0 0.522156 0.364852 0.032219 0.068078
0 0.461961 0.357937 0.029797 0.096437
1 0.413891 0.318414 0.037500 0.055047
0 0.332305 0.325086 0.064547 0.059516
0 0.059359 0.404289 0.038875 0.103609
1 0.011320 0.302187 0.022641 0.058031
