1 0.483922 0.180609 0.024375 0.036563
2 0.730383 0.774398 0.137047 0.298453
0 0.681828 0.820500 0.076469 0.175875
1 0.728281 0.683062 0.089219 0.115375
2 0.654281 0.219023 0.044594 0.086953
1 0.665453 0.191719 0.021250 0.031406
2 0.478188 0.228680 0.053313 0.132141
2 0.524219 0.307867 0.065938 0.188234
1 0.529164 0.244281 0.036578 0.062188
2 0.649680 0.422547 0.083328 0.133156
2 0.871703 0.272203 0.050188 0.109406
1 0.873906 0.241078 0.027656 0.046875
0 0.837711 0.333625 0.018609 0.038281
0 0.877633 0.324234 0.036422 0.102156
2 0.979727 0.544539 0.040547 0.136078
0 0.946297 0.575023 0.046438 0.077391
0 0.965930 0.591031 0.068141 0.067563
1 0.982352 0.499922 0.035297 0.046000
0 0.597125 0.425352 0.066375 0.062547
0 0.659492 0.468656 0.063422 0.092000
1 0.660586 0.382102 0.039953 0.052078
0 0.505945 0.361578 0.027484 0.130875
0 0.475844 0.247562 0.048156 0.059781
0 0.656922 0.253094 0.016563 0.018688
