0 0.416961 0.620805 0.032641 0.135359
0 0.314875 0.608070 0.042125 0.170109
1 0.405695 0.467742 0.052328 0.090141
1 0.412617 0.291797 0.032984 0.048281
0 0.460617 0.378969 0.050328 0.085500
0 0.513258 0.387625 0.037516 0.050063
1 0.554188 0.331688 0.030687 0.039938
0 0.610398 0.322039 0.027672 0.053422
1 0.579078 0.275523 0.027813 0.048641
2 0.588281 0.300031 0.071344 0.098063
2 0.531875 0.373422 0.075344 0.124719
2 0.305320 0.285086 0.048734 0.126703
2 0.363648 0.536805 0.136359 0.230766
2 0.408984 0.343312 0.095813 0.149000
1 0.660133 0.274445 0.035141 0.050203
1 0.302422 0.248992 0.035156 0.054828
0 0.354625 0.347016 0.047750 0.032531
0 0.633180 0.380844 0.029203 0.104875
2 0.654672 0.330109 0.071531 0.161344
0 0.334477 0.307117 0.027203 0.027953
0 0.327633 0.321016 0.055266 0.046094
