1 0.545195 0.329266 0.026891 0.037813
2 0.042898 0.400734 0.066422 0.158344
2 0.084023 0.504930 0.122953 0.253266
2 0.174688 0.443078 0.108313 0.266344
0 0.217625 0.432648 0.019000 0.069422
2 0.388125 0.354000 0.047313 0.127656
0 0.402945 0.380484 0.016109 0.041406
2 0.256172 0.418219 0.105156 0.208562
2 0.446578 0.347156 0.080594 0.176938
2 0.528953 0.358852 0.059531 0.096828
0 0.469133 0.369313 0.036734 0.090125
2 0.384789 0.229547 0.046484 0.105563
1 0.392188 0.194687 0.009781 0.036531
0 0.384469 0.242570 0.045219 0.049859
0 0.510367 0.384453 0.021578 0.044531
1 0.440945 0.282937 0.043141 0.048906
1 0.388469 0.311484 0.041625 0.042875
1 0.049016 0.354477 0.053125 0.065891
1 0.143172 0.347016 0.049031 0.071969
1 0.228109 0.349906 0.049187 0.072500
0 0.265445 0.480453 0.032609 0.115719
0 0.135789 0.466117 0.031516 0.077078
1 0.054625 0.417367 0.061562 0.079516
