1 0.591422 0.235875 0.024281 0.046062
0 0.612203 0.460031 0.036281 0.120562
0 0.097445 0.341398 0.017797 0.049359
1 0.604359 0.342031 0.046031 0.062406
0 0.615219 0.295586 0.019437 0.056328
1 0.040594 0.274688 0.043031 0.047375
1 0.056031 0.227500 0.032000 0.048281
1 0.165148 0.298891 0.035016 0.041719
1 0.202125 0.361750 0.044531 0.049375
1 0.267359 0.460875 0.060344 0.088250
0 0.211625 0.585984 0.059687 0.050063
0 0.279867 0.677344 0.043078 0.200313
0 0.222422 0.441594 0.036062 0.068938
0 0.170352 0.362547 0.045922 0.049000
0 0.446734 0.497516 0.023156 0.075656
0 0.510313 0.456062 0.019500 0.049094
1 0.471953 0.403406 0.060031 0.061469
0 0.464469 0.342063 0.034156 0.073563
1 0.449352 0.284414 0.036578 0.065859
0 0.510742 0.241109 0.031766 0.072656
0 0.541539 0.231641 0.029859 0.060031
1 0.518305 0.172953 0.022359 0.043750
0 0.018250 0.330828 0.026969 0.110844
0 0.081953 0.374703 0.074719 0.100188
2 0.601406 0.409414 0.057500 0.197078
2 0.594672 0.280406 0.060344 0.135313
2 0.526289 0.214188 0.061672 0.125875
2 0.447805 0.361414 0.066359 0.219984
2 0.478031 0.481187 0.086156 0.217156
2 0.278187 0.561711 0.092000 0.289672
2 0.210422 0.406250 0.060688 0.139937
2 0.169016 0.333992 0.049250 0.113422
2 0.049383 0.295148 0.088141 0.183047
2 0.060555 0.344109 0.084016 0.187031
