2 0.435508 0.273000 0.045391 0.167750
2 0.499594 0.242461 0.054844 0.116953
1 0.861680 0.318539 0.046766 0.066078
1 0.879438 0.274477 0.040312 0.052922
0 0.809484 0.349500 0.042250 0.123563
2 0.583023 0.290937 0.069391 0.119687
2 0.842953 0.318781 0.112750 0.141906
2 0.843359 0.393305 0.104875 0.215266
0 0.447922 0.314984 0.043844 0.083781
0 0.491664 0.268703 0.038734 0.064156
1 0.430836 0.213039 0.037297 0.048922
1 0.503453 0.206945 0.025156 0.046109
1 0.587484 0.259289 0.028906 0.056109
0 0.567453 0.318242 0.037031 0.057578
0 0.601359 0.324188 0.032625 0.052563
0 0.811406 0.456406 0.048250 0.148125
0 0.883195 0.347227 0.019609 0.043984
