1 0.472148 0.194250 0.025859 0.026937
1 0.476672 0.210406 0.035625 0.047313
2 0.922898 0.454234 0.116078 0.240906
2 0.477367 0.234563 0.067766 0.106969
2 0.480609 0.266883 0.048250 0.159672
2 0.806617 0.322922 0.107891 0.176969
1 0.824547 0.259164 0.042344 0.049172
2 0.584461 0.293234 0.068359 0.123844
0 0.886711 0.513859 0.059516 0.156344
1 0.954383 0.369273 0.052516 0.070516
0 0.846469 0.376750 0.024563 0.114688
0 0.770766 0.354938 0.036750 0.111062
0 0.566305 0.318984 0.032641 0.055781
0 0.600711 0.324391 0.034609 0.053406
1 0.586867 0.259703 0.028922 0.056844
0 0.489508 0.311266 0.030766 0.074031
0 0.440594 0.263336 0.031469 0.076109
