0 0.809242 0.555461 0.052047 0.075078
2 0.497219 0.667547 0.116813 0.239656
2 0.565203 0.388703 0.053219 0.116000
2 0.632312 0.282531 0.055000 0.146500
2 0.468398 0.235852 0.046047 0.122953
2 0.329148 0.319250 0.076391 0.175187
0 0.051398 0.400750 0.049453 0.101000
0 0.270883 0.436570 0.021422 0.055266
0 0.341992 0.441578 0.039172 0.114187
0 0.422859 0.352008 0.012594 0.053922
0 0.480555 0.368156 0.020766 0.104781
0 0.537094 0.418250 0.056062 0.056656
1 0.577742 0.353031 0.029078 0.044062
0 0.637883 0.301453 0.043297 0.072250
1 0.619961 0.232672 0.029578 0.044687
0 0.477711 0.250945 0.026891 0.063047
1 0.454117 0.251289 0.030797 0.054234
1 0.462203 0.193141 0.021031 0.036094
1 0.326094 0.255703 0.034688 0.047656
1 0.292391 0.327305 0.046406 0.057266
0 0.555906 0.683641 0.082000 0.095156
0 0.546906 0.648266 0.044687 0.033125
1 0.508062 0.579398 0.051094 0.064859
0 0.354008 0.327594 0.025797 0.052406
2 0.454297 0.329977 0.076094 0.211609
2 0.310586 0.407625 0.103172 0.217875
2 0.038211 0.407398 0.076422 0.147547
2 0.850586 0.588914 0.134297 0.185297
1 0.864469 0.531570 0.056406 0.071234
0 0.891617 0.608867 0.050016 0.077078
