1 0.055258 0.384820 0.056078 0.078797
0 0.252828 0.920344 0.068469 0.159313
1 0.146133 0.729133 0.101328 0.125172
2 0.073313 0.393219 0.101875 0.199187
2 0.066367 0.473422 0.106641 0.254719
0 0.090234 0.518375 0.047969 0.091094
0 0.103625 0.416437 0.034156 0.103844
0 0.075711 0.426906 0.101953 0.054313
1 0.046477 0.321250 0.047984 0.055000
2 0.401602 0.828602 0.127578 0.342797
1 0.140953 0.350148 0.048094 0.077828
0 0.218641 0.424109 0.013937 0.074156
0 0.142656 0.463789 0.029156 0.084922
2 0.172305 0.436766 0.109828 0.252719
0 0.383852 0.240641 0.046328 0.053719
1 0.391188 0.196898 0.008313 0.028922
2 0.383203 0.228336 0.044812 0.093016
0 0.402172 0.226523 0.006906 0.032828
1 0.405008 0.315703 0.028266 0.044344
0 0.419344 0.371039 0.040687 0.055141
0 0.421586 0.356219 0.023141 0.011750
2 0.401398 0.356789 0.070734 0.128266
1 0.437773 0.431898 0.063672 0.060766
0 0.521375 0.526250 0.137937 0.064687
2 0.431305 0.496328 0.076359 0.189938
1 0.549773 0.358461 0.025109 0.052453
0 0.524508 0.371320 0.026266 0.022047
0 0.568398 0.434117 0.047266 0.077703
2 0.562375 0.390719 0.058125 0.118562
2 0.629492 0.409484 0.089953 0.195094
0 0.665016 0.441133 0.019125 0.067234
0 0.623711 0.444891 0.064484 0.102344
1 0.636344 0.344430 0.037875 0.065984
0 0.412984 0.937445 0.104813 0.125109
1 0.406672 0.724227 0.094906 0.127484
2 0.178961 0.833664 0.217734 0.332672
