0 0.872117 0.387039 0.039422 0.127109
1 0.389180 0.315445 0.048203 0.069734
1 0.658102 0.216664 0.024703 0.037922
0 0.383547 0.396828 0.076063 0.083219
2 0.856055 0.346008 0.117328 0.171109
0 0.819031 0.385445 0.049844 0.127547
1 0.341781 0.172453 0.008750 0.045312
2 0.650391 0.194422 0.038781 0.059906
2 0.980867 0.564727 0.038266 0.106922
0 0.966648 0.566461 0.045484 0.073953
0 0.971547 0.606437 0.056250 0.074844
2 0.379430 0.359484 0.067797 0.158219
2 0.681789 0.207328 0.034828 0.123469
2 0.651062 0.244586 0.040375 0.092703
1 0.659359 0.180922 0.020469 0.032500
1 0.892227 0.291844 0.044078 0.061937
2 0.349789 0.189359 0.025609 0.079094
1 0.685141 0.165773 0.026719 0.039391
0 0.660937 0.269172 0.060437 0.074156
