1 0.393656 0.282156 0.039844 0.053906
0 0.041227 0.405852 0.037859 0.112297
2 0.035023 0.404727 0.070047 0.152609
0 0.425547 0.402250 0.043594 0.127937
0 0.351969 0.332078 0.026719 0.060781
1 0.348664 0.268594 0.033578 0.048125
1 0.365297 0.272859 0.021875 0.043438
2 0.436187 0.678961 0.102406 0.249453
2 0.365180 0.290406 0.021828 0.078531
2 0.327945 0.327617 0.074703 0.166422
2 0.404758 0.352430 0.084547 0.193578
2 0.465984 0.241570 0.047125 0.126891
2 0.618148 0.242000 0.039547 0.120563
2 0.643172 0.317898 0.052406 0.175766
2 0.566023 0.380445 0.057641 0.095516
1 0.422578 0.589102 0.075719 0.068609
0 0.448203 0.725109 0.076500 0.117281
0 0.483234 0.699734 0.025969 0.049219
2 0.853984 0.476391 0.120750 0.209469
0 0.878000 0.458164 0.061625 0.112734
0 0.826969 0.455414 0.048937 0.084797
1 0.886086 0.405531 0.056703 0.067344
1 0.461758 0.196844 0.020328 0.037969
0 0.612102 0.316469 0.023766 0.037500
1 0.611977 0.205891 0.027078 0.048031
1 0.644641 0.253375 0.026562 0.046406
0 0.587680 0.264414 0.041578 0.049047
0 0.450000 0.257570 0.015312 0.062234
0 0.369195 0.368531 0.013203 0.062781
0 0.541828 0.400234 0.042250 0.055469
0 0.633719 0.334945 0.033969 0.049766
1 0.581016 0.352492 0.027969 0.039703
0 0.546328 0.379297 0.020156 0.023594
0 0.468664 0.247203 0.040641 0.051250
