1 0.566023 0.242055 0.030984 0.055859
1 0.336656 0.674320 0.057313 0.087703
0 0.431547 0.791875 0.150563 0.086562
1 0.638664 0.249562 0.033172 0.053937
1 0.654891 0.213203 0.029250 0.042969
1 0.759867 0.217477 0.029703 0.044422
1 0.257180 0.254461 0.014859 0.047672
0 0.553375 0.319172 0.058531 0.065406
0 0.623258 0.359203 0.025578 0.111937
0 0.668609 0.273211 0.032281 0.052078
0 0.727500 0.316836 0.013219 0.108953
0 0.786680 0.307219 0.014922 0.092906
2 0.643242 0.318828 0.065828 0.193281
2 0.662961 0.245516 0.045797 0.107719
2 0.568695 0.304742 0.043953 0.181828
2 0.265789 0.284844 0.031672 0.108750
2 0.757641 0.274477 0.074031 0.158047
2 0.350273 0.737656 0.131328 0.211562
