2 0.477664 0.837102 0.235328 0.325797
2 0.692336 0.432469 0.113516 0.220375
0 0.829305 0.389859 0.037734 0.146000
2 0.845203 0.352195 0.100969 0.164453
2 0.823094 0.592883 0.133250 0.294703
2 0.512453 0.315406 0.059156 0.164594
2 0.604383 0.253961 0.056297 0.150203
2 0.591812 0.167289 0.045094 0.077922
1 0.853102 0.485945 0.072672 0.080609
1 0.873008 0.299609 0.045172 0.058594
1 0.727023 0.361633 0.043922 0.077359
0 0.596516 0.285469 0.027750 0.121562
0 0.653844 0.248430 0.052969 0.051891
1 0.604281 0.203672 0.036719 0.049219
1 0.520680 0.255125 0.042516 0.044219
1 0.215039 0.356070 0.048203 0.065359
0 0.028289 0.441930 0.029984 0.138016
1 0.192391 0.578195 0.054219 0.082109
1 0.280672 0.585070 0.061313 0.078922
1 0.483297 0.748570 0.094594 0.148797
2 0.021797 0.446930 0.043594 0.183672
0 0.253430 0.418383 0.022453 0.075047
0 0.209734 0.436883 0.087969 0.083109
0 0.181664 0.716055 0.071141 0.141641
0 0.320734 0.689773 0.028313 0.071141
0 0.575164 0.924320 0.041984 0.151359
0 0.388102 0.946438 0.055484 0.107125
0 0.765875 0.637883 0.133187 0.122672
0 0.662242 0.486188 0.054047 0.168938
0 0.518805 0.367305 0.024203 0.112578
2 0.215586 0.413305 0.099453 0.180578
2 0.279055 0.666867 0.113422 0.242953
2 0.178945 0.634672 0.081297 0.195094
0 0.577867 0.162742 0.016734 0.056391
0 0.606992 0.160328 0.012047 0.046250
