2 0.643938 0.582172 0.112438 0.177219
2 0.620977 0.446805 0.091172 0.124078
0 0.541188 0.192852 0.015937 0.068984
1 0.567750 0.124297 0.022187 0.038125
0 0.675273 0.479359 0.044828 0.094375
0 0.652852 0.485930 0.082578 0.099391
2 0.932758 0.425219 0.103578 0.191750
1 0.213148 0.561562 0.056734 0.077188
2 0.844383 0.321523 0.101672 0.190078
0 0.874563 0.388422 0.023500 0.090031
0 0.943891 0.486352 0.063219 0.123234
1 0.956664 0.361914 0.052797 0.063672
1 0.875711 0.257820 0.037672 0.062484
0 0.609180 0.618797 0.027297 0.061344
1 0.287938 0.591633 0.052594 0.085172
0 0.315781 0.717906 0.026250 0.080125
2 0.559859 0.171273 0.053031 0.132453
2 0.190234 0.624305 0.101938 0.202953
2 0.273797 0.653305 0.113688 0.209328
1 0.640484 0.411867 0.050844 0.054172
1 0.645070 0.526547 0.053297 0.066594
0 0.210703 0.688625 0.029531 0.056812
0 0.815133 0.351141 0.043328 0.131156
