0 0.189141 0.556375 0.072531 0.105000
2 0.216500 0.413594 0.105750 0.182188
2 0.176531 0.631578 0.080250 0.191281
2 0.277898 0.658898 0.112922 0.219391
2 0.266859 0.898594 0.240813 0.202813
0 0.352516 0.933180 0.074312 0.133641
2 0.455695 0.267969 0.058172 0.162188
2 0.421641 0.294039 0.070781 0.165859
2 0.851352 0.579406 0.141203 0.278906
2 0.858297 0.353781 0.102531 0.149000
2 0.613383 0.399414 0.085984 0.188047
0 0.246305 0.404336 0.027859 0.080547
0 0.393961 0.298641 0.014703 0.055938
0 0.466305 0.305180 0.024047 0.088016
0 0.836258 0.391352 0.038984 0.118703
0 0.780953 0.586742 0.083313 0.149641
0 0.867672 0.660750 0.109344 0.141406
0 0.634445 0.442586 0.043328 0.145047
0 0.610711 0.372578 0.080391 0.057656
0 0.181203 0.712102 0.067219 0.147984
0 0.322055 0.688203 0.025672 0.065594
0 0.209258 0.435383 0.090391 0.082359
1 0.888992 0.308906 0.040641 0.058281
1 0.209648 0.882969 0.124797 0.171875
1 0.281594 0.590875 0.061625 0.082625
1 0.184500 0.569594 0.063281 0.066438
1 0.874547 0.483656 0.076563 0.086125
1 0.598391 0.337555 0.045125 0.063797
1 0.448453 0.208547 0.044062 0.044156
1 0.419078 0.233273 0.028906 0.044703
1 0.207680 0.355328 0.038172 0.064969
