1 0.597422 0.408492 0.035281 0.065641
1 0.663328 0.497852 0.051094 0.056391
1 0.860109 0.323813 0.045250 0.076437
1 0.861437 0.286445 0.049375 0.041859
0 0.151969 0.585484 0.055750 0.069656
0 0.120367 0.645844 0.085453 0.117375
1 0.261672 0.587398 0.060250 0.079703
1 0.944961 0.503172 0.078797 0.094594
2 0.834367 0.355211 0.104953 0.180484
2 0.843977 0.396188 0.121141 0.222250
2 0.915938 0.603609 0.154688 0.294219
2 0.657477 0.564680 0.131859 0.192016
2 0.271891 0.654250 0.121156 0.215250
0 0.658742 0.233336 0.025391 0.090609
0 0.803367 0.403055 0.042891 0.131359
0 0.667898 0.354867 0.036703 0.109016
0 0.575656 0.497539 0.032625 0.097484
0 0.649281 0.459937 0.047969 0.084187
1 0.125617 0.606086 0.050297 0.075422
0 0.704742 0.587445 0.033172 0.074484
0 0.802680 0.434742 0.038609 0.143797
0 0.319039 0.675289 0.025984 0.063141
0 0.874672 0.467375 0.058094 0.152281
0 0.886117 0.593742 0.075141 0.093516
2 0.147023 0.655531 0.097828 0.174562
2 0.676672 0.213203 0.062156 0.131125
2 0.682125 0.313984 0.065062 0.156438
0 0.920586 0.667297 0.144859 0.110406
2 0.616602 0.444234 0.115734 0.138406
1 0.690875 0.260047 0.046563 0.047344
1 0.692758 0.167320 0.025797 0.039109
