2 0.050687 0.433836 0.083094 0.188141
1 0.035305 0.375727 0.052734 0.075109
1 0.141969 0.345461 0.051031 0.069859
1 0.231438 0.351352 0.049125 0.071797
0 0.132945 0.467836 0.029703 0.077766
0 0.215422 0.434281 0.020437 0.069250
0 0.265375 0.485187 0.036844 0.130313
0 0.446195 0.360406 0.046484 0.087313
0 0.516469 0.382914 0.034187 0.048328
1 0.544336 0.333078 0.032047 0.045156
2 0.530078 0.370992 0.060906 0.121391
1 0.425320 0.276578 0.043922 0.045625
1 0.392070 0.193422 0.010172 0.038750
0 0.384719 0.243633 0.043719 0.046016
2 0.384883 0.224398 0.043422 0.100891
1 0.384312 0.317141 0.036844 0.041000
2 0.172484 0.440031 0.110625 0.260562
2 0.259148 0.419063 0.104391 0.205312
2 0.423094 0.339984 0.061625 0.173187
2 0.380875 0.361313 0.043844 0.130344
