2 0.617125 0.243813 0.045969 0.143000
1 0.174703 0.575422 0.060562 0.076656
2 0.651164 0.240258 0.036078 0.141328
2 0.966984 0.541312 0.066031 0.222969
1 0.291891 0.598563 0.065281 0.079750
0 0.182477 0.719484 0.069797 0.149156
2 0.168063 0.638320 0.074750 0.201484
2 0.282180 0.660852 0.110516 0.204234
0 0.664508 0.259758 0.007422 0.070516
0 0.628383 0.276852 0.009047 0.079266
0 0.615141 0.283102 0.018500 0.091297
1 0.649695 0.188797 0.024703 0.038750
1 0.622992 0.194602 0.033266 0.044109
0 0.324305 0.708555 0.025484 0.070859
