0 0.050539 0.335133 0.032266 0.074234
0 0.748359 0.472594 0.021594 0.126938
2 0.351867 0.683094 0.189609 0.304781
0 0.278664 0.763367 0.040422 0.104984
0 0.426156 0.681188 0.041156 0.074375
1 0.326055 0.582125 0.062922 0.102937
2 0.201836 0.373086 0.088797 0.137703
0 0.201711 0.403281 0.089609 0.077813
0 0.245195 0.381078 0.050609 0.088156
1 0.184102 0.332977 0.041422 0.054984
2 0.020867 0.283977 0.041734 0.183359
2 0.581477 0.298828 0.069828 0.200781
0 0.014219 0.342812 0.028437 0.127094
1 0.010656 0.221953 0.021313 0.059094
1 0.366211 0.226594 0.031891 0.063688
0 0.400031 0.343586 0.023375 0.135016
2 0.380516 0.291273 0.061156 0.193391
0 0.529906 0.310484 0.057500 0.094062
1 0.570641 0.226156 0.034844 0.054688
0 0.599758 0.341547 0.033953 0.139906
1 0.719742 0.324813 0.047922 0.075500
0 0.709047 0.478711 0.057000 0.159172
2 0.723359 0.412961 0.072969 0.251328
