0 0.345836 0.509305 0.043453 0.151078
2 0.385211 0.226312 0.048734 0.092375
2 0.087297 0.499031 0.104937 0.260375
2 0.304172 0.462906 0.129813 0.242531
2 0.170734 0.440414 0.110250 0.256984
2 0.237008 0.403430 0.053828 0.144703
2 0.552953 0.371688 0.044281 0.124000
2 0.434086 0.335719 0.078078 0.167312
2 0.385734 0.353047 0.041312 0.133281
1 0.391805 0.197609 0.008922 0.034531
0 0.385406 0.241023 0.047875 0.049516
0 0.453867 0.371672 0.038891 0.081656
0 0.525148 0.372797 0.019047 0.016094
0 0.523570 0.382297 0.041578 0.048531
1 0.547797 0.331836 0.034344 0.044141
1 0.424125 0.278047 0.036875 0.048906
1 0.398508 0.308289 0.015516 0.043078
0 0.228734 0.432750 0.026781 0.062312
0 0.214398 0.425789 0.022422 0.077203
0 0.127391 0.563992 0.024156 0.051734
0 0.134477 0.462438 0.031141 0.087938
0 0.263227 0.511773 0.047609 0.140516
1 0.295266 0.384227 0.050969 0.081547
1 0.234250 0.356844 0.034688 0.050312
1 0.140031 0.348125 0.049375 0.072812
1 0.066992 0.406375 0.060172 0.071938
