0 0.227500 0.596070 0.023469 0.066359
2 0.527586 0.374141 0.052922 0.116719
2 0.385609 0.231258 0.046750 0.103609
1 0.392961 0.196250 0.010484 0.033594
0 0.385266 0.244461 0.046219 0.044828
0 0.521859 0.369344 0.011250 0.011094
0 0.518734 0.384398 0.036875 0.046203
1 0.540133 0.337320 0.027203 0.042672
2 0.384430 0.355859 0.060359 0.128906
0 0.419688 0.362859 0.036719 0.025625
0 0.397727 0.379961 0.048328 0.044297
1 0.378797 0.314008 0.043938 0.045109
1 0.572742 0.350867 0.037547 0.066391
2 0.285187 0.558156 0.140063 0.268188
1 0.219156 0.366195 0.043719 0.052297
0 0.246156 0.432094 0.039750 0.056500
2 0.231922 0.399992 0.070312 0.121891
2 0.189320 0.384211 0.099922 0.150953
0 0.240797 0.499437 0.023656 0.067344
2 0.191758 0.514203 0.123234 0.277219
1 0.266500 0.465586 0.057625 0.084453
0 0.333508 0.595391 0.047016 0.100437
1 0.168539 0.347461 0.057109 0.076328
1 0.069070 0.352422 0.056391 0.062969
0 0.108859 0.454680 0.092125 0.070953
2 0.079859 0.430344 0.086875 0.223187
1 0.164773 0.412891 0.057141 0.072969
2 0.579758 0.401727 0.070891 0.169047
0 0.589680 0.424516 0.048484 0.102219
