0 0.571203 0.226312 0.035313 0.050781
1 0.563078 0.172875 0.028438 0.037656
2 0.466953 0.254867 0.035312 0.089047
2 0.445398 0.253031 0.057672 0.145469
0 0.445063 0.296187 0.032313 0.097625
0 0.466586 0.258906 0.034859 0.069219
1 0.448984 0.205750 0.049844 0.050781
0 0.411195 0.168117 0.036703 0.089609
2 0.863969 0.296664 0.068250 0.178422
2 0.719500 0.299500 0.071281 0.171719
0 0.849867 0.330875 0.062328 0.110250
1 0.874828 0.234109 0.035594 0.052969
0 0.743859 0.348086 0.021031 0.121953
1 0.727805 0.240172 0.038766 0.052031
2 0.562375 0.215023 0.053812 0.121828
