0 0.204992 0.680398 0.048266 0.081391
2 0.805789 0.302125 0.075141 0.173312
2 0.941094 0.498055 0.094313 0.139203
0 0.910945 0.516813 0.033047 0.101687
0 0.951141 0.566812 0.073656 0.113844
1 0.954172 0.458266 0.035187 0.059719
0 0.821211 0.351719 0.042391 0.121781
1 0.811609 0.242297 0.035937 0.054219
0 0.481664 0.245664 0.023703 0.108641
1 0.464773 0.147781 0.030328 0.046625
0 0.612852 0.619352 0.028766 0.056578
1 0.656430 0.521687 0.056422 0.066625
0 0.617000 0.481969 0.050188 0.060438
0 0.667992 0.474984 0.041641 0.076906
1 0.632672 0.419617 0.049719 0.054203
0 0.318391 0.697414 0.028094 0.105484
1 0.289766 0.597680 0.057750 0.077172
1 0.211656 0.560492 0.057625 0.083234
2 0.278672 0.661172 0.107031 0.204844
2 0.466156 0.203148 0.054844 0.158047
2 0.191453 0.621828 0.097406 0.207594
2 0.645109 0.584992 0.118844 0.193453
2 0.621641 0.452180 0.100813 0.120391
