1 0.163023 0.296203 0.038297 0.041406
2 0.168102 0.335625 0.057547 0.120000
2 0.079109 0.384711 0.086375 0.213297
2 0.496320 0.208797 0.033891 0.129281
2 0.275469 0.390906 0.104688 0.195688
2 0.472438 0.660984 0.113563 0.216438
2 0.576438 0.386281 0.051344 0.122062
2 0.609469 0.266789 0.071969 0.138328
2 0.660438 0.308734 0.065969 0.158312
2 0.843477 0.459102 0.111766 0.188672
0 0.794344 0.484094 0.063062 0.129000
0 0.610766 0.293914 0.024500 0.063391
0 0.515289 0.644000 0.059484 0.028938
0 0.532219 0.673367 0.096250 0.099797
0 0.852977 0.485711 0.092047 0.105422
0 0.653258 0.336992 0.030047 0.077453
0 0.683375 0.314328 0.016656 0.064719
0 0.555328 0.422609 0.069844 0.076875
0 0.555703 0.383789 0.025781 0.020328
0 0.490352 0.216469 0.043141 0.048937
0 0.099477 0.442422 0.069016 0.155281
0 0.164453 0.355852 0.051562 0.058578
0 0.302805 0.374375 0.051266 0.090156
1 0.453234 0.588914 0.068250 0.072609
1 0.864461 0.398445 0.058578 0.066516
1 0.665531 0.252750 0.045469 0.043750
1 0.492805 0.165938 0.021891 0.043125
1 0.592953 0.224812 0.037500 0.052344
1 0.582945 0.350344 0.037203 0.050156
1 0.207437 0.367141 0.038750 0.050625
1 0.263672 0.324750 0.045156 0.064062
2 0.215648 0.407445 0.055578 0.131672
1 0.062969 0.307398 0.056250 0.057922
