0 0.558414 0.311047 0.038922 0.044687
2 0.557695 0.298469 0.058797 0.098281
1 0.508453 0.199852 0.022656 0.045141
2 0.516977 0.223789 0.039953 0.092422
1 0.879117 0.401352 0.051703 0.069609
0 0.862359 0.472687 0.100375 0.062750
0 0.179344 0.362953 0.036875 0.049688
1 0.210594 0.363508 0.041875 0.052672
1 0.159852 0.300500 0.036109 0.043594
0 0.518039 0.380984 0.043297 0.042187
0 0.250500 0.442398 0.073031 0.061828
1 0.552719 0.332187 0.031406 0.043281
2 0.537828 0.370508 0.061500 0.120234
0 0.526219 0.323719 0.028281 0.046719
0 0.513984 0.264078 0.038438 0.070469
0 0.503578 0.256227 0.016125 0.059766
1 0.555453 0.273047 0.028031 0.047063
0 0.684516 0.333305 0.030094 0.086266
2 0.844578 0.469492 0.135656 0.206672
2 0.687539 0.360805 0.051141 0.139234
1 0.683062 0.308719 0.027000 0.034719
2 0.168891 0.333164 0.058344 0.109609
2 0.224555 0.405523 0.069859 0.136047
2 0.408211 0.711562 0.133297 0.183438
0 0.447984 0.743547 0.054094 0.079781
1 0.376453 0.659875 0.070094 0.079687
0 0.809070 0.470820 0.063828 0.086453
