2 0.365266 0.369047 0.107313 0.215031
2 0.223313 0.413383 0.071125 0.148766
2 0.186297 0.396438 0.094469 0.214500
2 0.075750 0.348578 0.077469 0.192625
2 0.036336 0.298547 0.045766 0.183594
1 0.040883 0.232531 0.036297 0.050813
1 0.059242 0.276664 0.043391 0.047359
1 0.164219 0.319688 0.050781 0.060500
1 0.208320 0.362812 0.040328 0.047625
0 0.083648 0.391070 0.061109 0.127797
0 0.197570 0.450250 0.077547 0.127031
1 0.358531 0.292281 0.040937 0.059438
0 0.339773 0.312164 0.056203 0.098547
0 0.032297 0.306102 0.030000 0.063078
0 0.299836 0.268250 0.039453 0.091781
0 0.528008 0.395172 0.051703 0.060969
1 0.562406 0.342297 0.035156 0.039531
0 0.614055 0.312484 0.023172 0.052344
1 0.597914 0.240523 0.030672 0.043953
2 0.598672 0.290141 0.054156 0.143156
2 0.556195 0.377266 0.047203 0.109531
0 0.545094 0.633695 0.065313 0.110266
0 0.540438 0.593180 0.025750 0.038828
1 0.496953 0.545523 0.063187 0.065453
0 0.733062 0.514695 0.065750 0.142641
1 0.759195 0.380992 0.053359 0.066516
0 0.412844 0.398133 0.013344 0.100359
0 0.323492 0.258984 0.014422 0.063594
1 0.304773 0.189953 0.032203 0.047281
0 0.252273 0.442437 0.072328 0.063437
2 0.752883 0.455680 0.084547 0.215984
2 0.511695 0.644391 0.130734 0.263219
2 0.300805 0.246859 0.041328 0.161469
