0 0.075820 0.229922 0.050266 0.058094
1 0.030359 0.199055 0.033469 0.048109
0 0.209109 0.405656 0.024187 0.050594
2 0.827430 0.617477 0.109391 0.160266
2 0.621430 0.848922 0.142703 0.302156
2 0.472008 0.679852 0.089891 0.223828
2 0.603406 0.378141 0.033469 0.107156
2 0.329039 0.407102 0.110359 0.214547
2 0.082672 0.335469 0.101531 0.195937
2 0.042016 0.233195 0.056594 0.116109
2 0.029859 0.317062 0.059719 0.180219
2 0.195000 0.372938 0.052000 0.116281
2 0.261305 0.490906 0.105391 0.251938
0 0.806883 0.642648 0.067516 0.110641
0 0.830258 0.644211 0.093516 0.087922
1 0.854609 0.576406 0.055125 0.077813
0 0.669203 0.327594 0.046250 0.066250
0 0.677977 0.324523 0.035047 0.040828
1 0.678789 0.258719 0.032766 0.046031
0 0.611711 0.400141 0.016734 0.063437
1 0.602109 0.348359 0.030625 0.047188
0 0.563609 0.838656 0.027375 0.086156
0 0.663609 0.945234 0.058063 0.109531
1 0.658594 0.748266 0.063844 0.100969
0 0.529031 0.660484 0.059063 0.027813
0 0.531930 0.717531 0.098203 0.092312
1 0.475273 0.600578 0.071672 0.066563
0 0.051172 0.382805 0.038250 0.119172
0 0.119375 0.361437 0.028438 0.079250
0 0.287289 0.512414 0.052672 0.052141
0 0.284523 0.430570 0.021453 0.089203
0 0.368508 0.447055 0.030891 0.144078
1 0.307992 0.336531 0.040859 0.073500
1 0.237398 0.402859 0.057016 0.074187
1 0.192148 0.336187 0.042359 0.042969
1 0.088367 0.262117 0.038703 0.049891
0 0.015219 0.355102 0.030437 0.103672
1 0.013727 0.257125 0.027453 0.060219
2 0.662852 0.318227 0.066328 0.164797
