0 0.182664 0.719406 0.072203 0.149219
1 0.176070 0.574773 0.062047 0.076078
0 0.325437 0.706609 0.028344 0.066312
1 0.633945 0.198578 0.038453 0.042031
1 0.676313 0.191812 0.025625 0.038125
0 0.617414 0.279547 0.024516 0.112156
0 0.666047 0.259352 0.029094 0.033891
2 0.968945 0.540953 0.062109 0.208469
2 0.673625 0.233617 0.045688 0.121203
2 0.629258 0.248336 0.048047 0.142078
2 0.284086 0.660883 0.111516 0.202984
2 0.168453 0.638508 0.078469 0.203297
0 0.243625 0.640937 0.021719 0.049188
1 0.293422 0.598906 0.064031 0.077187
