2 0.686227 0.305859 0.066453 0.186594
2 0.559828 0.267125 0.035594 0.142000
2 0.961938 0.290836 0.076125 0.178641
2 0.687125 0.254094 0.073781 0.150250
0 0.714063 0.278539 0.020187 0.079078
2 0.690867 0.177133 0.047859 0.085172
0 0.931742 0.307219 0.015984 0.077375
0 0.993359 0.326305 0.013281 0.095828
1 0.982789 0.225000 0.034422 0.048094
0 0.667570 0.355328 0.028516 0.128094
0 0.698047 0.335109 0.025781 0.052062
0 0.661203 0.280969 0.022313 0.097094
1 0.697930 0.199594 0.027109 0.040938
1 0.701531 0.150672 0.019375 0.031875
1 0.702937 0.241078 0.033062 0.056688
0 0.552609 0.303070 0.022187 0.108234
1 0.560492 0.217320 0.026266 0.041922
