2 0.535617 0.865695 0.160047 0.268609
0 0.744125 0.519977 0.060781 0.162203
0 0.399625 0.405227 0.020125 0.154234
0 0.313367 0.388687 0.036172 0.173563
0 0.196484 0.600047 0.045031 0.127719
1 0.282617 0.591867 0.063609 0.080328
0 0.320727 0.684562 0.029297 0.065250
1 0.525195 0.807469 0.104141 0.151313
0 0.455187 0.318359 0.014656 0.098937
0 0.475703 0.312758 0.029906 0.102516
1 0.183961 0.558812 0.049391 0.073313
2 0.686039 0.284758 0.080516 0.181109
2 0.474852 0.279023 0.043953 0.170703
2 0.425680 0.305602 0.073547 0.188484
0 0.395219 0.280875 0.011406 0.041625
2 0.280086 0.656359 0.112766 0.211031
2 0.181516 0.621328 0.075969 0.197781
2 0.018438 0.575383 0.036875 0.201047
2 0.352906 0.359508 0.116969 0.230359
0 0.730211 0.476234 0.022266 0.032437
2 0.768711 0.459633 0.103797 0.239859
2 0.830836 0.411883 0.065016 0.223734
2 0.818352 0.311250 0.064984 0.108125
1 0.704297 0.217242 0.035937 0.045516
1 0.470688 0.212125 0.035469 0.037344
1 0.417109 0.236609 0.034844 0.049594
1 0.345945 0.280852 0.044547 0.074859
1 0.831109 0.282969 0.038687 0.051875
0 0.716578 0.321664 0.020875 0.119172
0 0.654930 0.317414 0.018078 0.115797
0 0.839891 0.335859 0.018469 0.059219
0 0.794711 0.320414 0.019141 0.041047
1 0.819367 0.335078 0.041891 0.069531
0 0.833187 0.468023 0.058188 0.153297
1 0.783258 0.369688 0.052047 0.061250
