2 0.276641 0.653102 0.115875 0.206609
0 0.198516 0.563055 0.035156 0.075297
2 0.175016 0.633797 0.082563 0.189781
2 0.955187 0.514383 0.089625 0.148141
1 0.182633 0.577562 0.061266 0.077688
0 0.180773 0.719656 0.071891 0.146938
1 0.280133 0.590141 0.051328 0.082469
0 0.318367 0.691852 0.025984 0.110422
1 0.598891 0.325203 0.052813 0.061250
1 0.769797 0.321688 0.058437 0.055156
1 0.971133 0.468094 0.043078 0.056000
0 0.963750 0.548188 0.072500 0.080812
0 0.756102 0.409609 0.048547 0.118031
0 0.792258 0.323320 0.035953 0.068297
0 0.569508 0.446437 0.038359 0.145875
2 0.756773 0.380242 0.107922 0.173828
0 0.926398 0.521234 0.032172 0.063094
2 0.583070 0.394117 0.084078 0.198953
