1 0.861539 0.219219 0.036422 0.053906
0 0.841227 0.419656 0.059078 0.074531
1 0.248117 0.313703 0.045953 0.058281
0 0.927742 0.416844 0.026891 0.095062
2 0.942289 0.690836 0.115422 0.358641
2 0.891227 0.382719 0.103703 0.197781
0 0.858437 0.307922 0.028562 0.075531
2 0.851586 0.284258 0.055578 0.183047
1 0.966594 0.571633 0.066812 0.121922
0 0.865305 0.715367 0.096859 0.109453
0 0.274469 0.438289 0.070437 0.145016
2 0.254594 0.389781 0.068187 0.211750
1 0.882328 0.317500 0.048438 0.067813
2 0.986117 0.465781 0.027766 0.053781
0 0.986203 0.465992 0.027594 0.054328
