2 0.103469 0.464023 0.102875 0.239641
1 0.167805 0.342172 0.051578 0.076469
1 0.089156 0.380297 0.051094 0.073812
1 0.136227 0.410789 0.061016 0.071391
1 0.217375 0.366484 0.046875 0.054219
1 0.264281 0.480414 0.060937 0.092203
1 0.537633 0.338938 0.026266 0.045000
1 0.392922 0.196555 0.011750 0.034891
1 0.389344 0.312812 0.039219 0.050937
1 0.644516 0.316203 0.041406 0.055406
0 0.323742 0.625531 0.047047 0.100531
0 0.112742 0.535820 0.069266 0.152422
0 0.383430 0.386266 0.046641 0.053500
0 0.407953 0.380820 0.020812 0.056641
0 0.516563 0.366953 0.021406 0.012969
0 0.519289 0.383750 0.036578 0.045000
0 0.652492 0.379555 0.044703 0.073703
0 0.601445 0.400891 0.030391 0.092812
0 0.227352 0.486875 0.044703 0.080688
0 0.259695 0.402734 0.027109 0.019875
0 0.244328 0.433828 0.041938 0.058937
2 0.282930 0.580195 0.129516 0.290516
2 0.177750 0.502383 0.147125 0.256641
2 0.188281 0.382297 0.092812 0.158750
2 0.234305 0.400977 0.080641 0.124609
2 0.386336 0.354172 0.053609 0.133844
2 0.548852 0.376477 0.050234 0.119953
2 0.638820 0.376102 0.077234 0.176203
0 0.386586 0.239711 0.048172 0.048172
2 0.385602 0.226961 0.046203 0.096609
