2 0.596617 0.281148 0.085703 0.173328
0 0.084055 0.362023 0.039766 0.052516
2 0.088984 0.281219 0.049531 0.174312
1 0.090758 0.222945 0.017859 0.056047
2 0.647000 0.206992 0.043562 0.083516
2 0.665352 0.239469 0.042609 0.112625
2 0.367703 0.360398 0.076094 0.152203
0 0.367734 0.389609 0.075594 0.088281
0 0.679125 0.247992 0.058281 0.046203
0 0.572109 0.327641 0.043594 0.109406
2 0.956813 0.417305 0.086375 0.166953
0 0.991641 0.459414 0.016719 0.056266
0 0.918164 0.440695 0.062266 0.070172
1 0.973172 0.369461 0.050219 0.070953
1 0.674625 0.204406 0.022813 0.041094
1 0.658219 0.182867 0.021250 0.035516
1 0.606188 0.218805 0.030000 0.048953
1 0.372586 0.317961 0.042141 0.066578
