0 0.249055 0.801344 0.101922 0.078500
0 0.364727 0.397961 0.038266 0.078359
1 0.363742 0.318578 0.061266 0.068156
2 0.831766 0.633875 0.132500 0.204750
2 0.605094 0.254500 0.047219 0.114750
2 0.372344 0.361539 0.078375 0.153297
2 0.461320 0.889242 0.157016 0.221516
1 0.466102 0.835953 0.084141 0.114937
0 0.918016 0.722531 0.087875 0.143063
0 0.233750 0.784805 0.034687 0.043922
0 0.793719 0.632156 0.053500 0.105687
1 0.841609 0.565820 0.056625 0.066672
0 0.615164 0.270008 0.026766 0.046234
0 0.598922 0.278500 0.034031 0.063625
1 0.602930 0.219492 0.024484 0.043922
2 0.293078 0.756664 0.139656 0.167859
1 0.264539 0.716305 0.085859 0.086609
