0 0.902734 0.506414 0.084281 0.095734
2 0.850516 0.308625 0.105719 0.164563
2 0.600867 0.443320 0.073141 0.154078
2 0.753688 0.805547 0.186188 0.253906
0 0.719148 0.893859 0.120266 0.157281
1 0.799023 0.734805 0.094734 0.116328
0 0.806719 0.277578 0.071250 0.047344
1 0.883133 0.257547 0.039234 0.062031
0 0.872227 0.346094 0.046109 0.122500
2 0.931844 0.485266 0.123688 0.248219
1 0.598250 0.392984 0.039844 0.053594
0 0.570203 0.464922 0.085156 0.056406
0 0.548883 0.447031 0.054547 0.049375
1 0.966727 0.397383 0.055703 0.068328
