2 0.359008 0.904672 0.175578 0.190656
0 0.237195 0.410070 0.060922 0.057578
2 0.033266 0.438492 0.066531 0.209266
2 0.208172 0.379945 0.061750 0.133609
2 0.624609 0.254500 0.050062 0.112781
2 0.698836 0.371156 0.090984 0.196437
2 0.802305 0.489383 0.106734 0.196234
0 0.899953 0.508656 0.107156 0.074031
0 0.739953 0.502969 0.063125 0.127188
1 0.800016 0.426141 0.060562 0.070969
0 0.729914 0.457492 0.015297 0.083172
0 0.668008 0.423680 0.027453 0.148984
1 0.719227 0.313516 0.041297 0.078969
0 0.637961 0.276469 0.022109 0.063656
1 0.621922 0.220594 0.033281 0.045187
0 0.040773 0.462664 0.037484 0.047953
2 0.475375 0.687016 0.099219 0.269719
1 0.202148 0.334555 0.035953 0.042641
1 0.011672 0.371062 0.023344 0.073375
1 0.471156 0.587875 0.062406 0.068875
0 0.523289 0.662086 0.079016 0.043016
0 0.488531 0.747250 0.073219 0.125875
1 0.345594 0.877055 0.082250 0.135234
