0 0.594570 0.420125 0.050359 0.068500
2 0.637133 0.312422 0.064891 0.167531
1 0.640984 0.252195 0.025937 0.046266
0 0.653305 0.314438 0.031797 0.063594
0 0.619461 0.315039 0.030016 0.061547
2 0.202211 0.383492 0.060422 0.135891
2 0.324086 0.426070 0.093672 0.223141
0 0.285875 0.465953 0.016625 0.114438
0 0.356734 0.470695 0.048375 0.132609
1 0.319656 0.342625 0.044687 0.056562
2 0.137602 0.460156 0.113516 0.240281
2 0.079594 0.337891 0.090500 0.205188
2 0.038961 0.238531 0.055109 0.124406
2 0.024289 0.319289 0.048578 0.179297
0 0.091789 0.221805 0.020453 0.038109
0 0.176211 0.464687 0.034578 0.053750
0 0.232586 0.410945 0.077109 0.049703
1 0.192672 0.336328 0.039062 0.042188
1 0.107773 0.375453 0.054172 0.072125
0 0.053180 0.384836 0.037078 0.112766
0 0.024398 0.336922 0.027453 0.086375
1 0.084086 0.261672 0.042422 0.051656
1 0.029695 0.256516 0.036953 0.053125
1 0.028852 0.201820 0.033203 0.049547
2 0.476797 0.677289 0.092844 0.233359
2 0.838672 0.629336 0.138281 0.165172
0 0.843180 0.656758 0.126672 0.111797
1 0.875258 0.585469 0.049578 0.077438
0 0.809484 0.633414 0.080031 0.113078
2 0.628242 0.840656 0.157234 0.318687
0 0.683531 0.934648 0.046375 0.130703
0 0.561844 0.845297 0.024219 0.081719
1 0.646180 0.729047 0.062641 0.096344
0 0.531695 0.711711 0.096859 0.095641
0 0.528875 0.652797 0.061094 0.041844
1 0.480031 0.592656 0.052531 0.065469
2 0.582602 0.390695 0.043203 0.111672
1 0.591336 0.357812 0.025328 0.045625
