2 0.360234 0.286242 0.028781 0.060484
2 0.433367 0.325477 0.075953 0.208984
0 0.636789 0.319828 0.027297 0.066812
2 0.476070 0.676203 0.098984 0.229969
2 0.039469 0.411195 0.078938 0.145047
1 0.469547 0.593758 0.060719 0.064141
0 0.504500 0.717148 0.040719 0.092859
2 0.754453 0.481141 0.128719 0.207406
0 0.817578 0.515453 0.045688 0.092344
0 0.722320 0.474961 0.063797 0.091703
1 0.776477 0.412922 0.043703 0.071656
2 0.633734 0.302211 0.048844 0.153328
2 0.566836 0.386656 0.053703 0.114969
2 0.469062 0.238609 0.051313 0.127187
0 0.540500 0.416383 0.058750 0.056484
0 0.356625 0.319352 0.039125 0.028672
0 0.304445 0.380750 0.014672 0.055375
2 0.339547 0.356539 0.084906 0.193797
1 0.576609 0.351992 0.033469 0.045609
0 0.463305 0.354469 0.015109 0.096469
1 0.366492 0.280062 0.017109 0.047781
1 0.331109 0.256937 0.038969 0.051063
1 0.322609 0.285422 0.046781 0.050719
0 0.481609 0.231273 0.026594 0.050578
1 0.423398 0.247352 0.029766 0.051547
0 0.404156 0.368633 0.015813 0.115609
0 0.361992 0.390953 0.040328 0.108250
2 0.338766 0.282102 0.074125 0.103172
1 0.626953 0.247664 0.034250 0.043953
0 0.053719 0.402313 0.050094 0.098813
0 0.450656 0.255125 0.014375 0.060313
1 0.469633 0.192906 0.020172 0.035469
