1 0.595859 0.284320 0.041156 0.068859
2 0.204945 0.380227 0.087172 0.127016
2 0.450742 0.240523 0.053672 0.098172
2 0.592477 0.360484 0.061328 0.221969
1 0.333859 0.497266 0.071969 0.095781
2 0.334047 0.586016 0.105437 0.273281
2 0.540570 0.758992 0.168266 0.291078
1 0.453133 0.208844 0.028391 0.034875
0 0.585984 0.404031 0.073625 0.133812
0 0.385945 0.618484 0.085078 0.090219
0 0.388656 0.575437 0.076094 0.029687
1 0.564930 0.661469 0.062672 0.096281
0 0.484234 0.811602 0.055062 0.136109
0 0.603719 0.716289 0.041437 0.088484
1 0.205477 0.344000 0.035109 0.055063
0 0.242938 0.381367 0.026625 0.062266
0 0.204563 0.408305 0.085750 0.070266
0 0.451219 0.268930 0.051156 0.040359
0 0.432750 0.254172 0.017687 0.039188
