2 0.625664 0.259234 0.062734 0.106406
0 0.769359 0.613617 0.054688 0.034703
2 0.414305 0.376016 0.073266 0.191219
1 0.611961 0.228117 0.033797 0.043578
1 0.816234 0.570844 0.071875 0.071875
0 0.822359 0.647742 0.109469 0.091703
1 0.023563 0.737430 0.047125 0.095359
2 0.058648 0.844570 0.117297 0.310859
1 0.559469 0.622891 0.052375 0.080656
0 0.593789 0.637250 0.038453 0.025312
0 0.623758 0.707703 0.149047 0.056375
2 0.526844 0.674922 0.116219 0.184750
1 0.413430 0.309055 0.035359 0.057016
0 0.439211 0.415266 0.035578 0.120594
0 0.640141 0.243750 0.034750 0.067187
2 0.827859 0.618602 0.098531 0.168422
