0 0.435992 0.359063 0.036891 0.029844
2 0.248711 0.647203 0.158203 0.348094
2 0.328008 0.443656 0.094703 0.235750
2 0.144563 0.529648 0.141219 0.283516
2 0.199336 0.296430 0.082828 0.071203
2 0.490914 0.209469 0.040172 0.101688
2 0.397422 0.355898 0.050875 0.132078
2 0.795805 0.507359 0.097922 0.149875
2 0.513766 0.657023 0.140281 0.221891
1 0.125547 0.423828 0.058594 0.071281
1 0.488367 0.176508 0.023766 0.035016
0 0.503859 0.226758 0.014313 0.037953
1 0.168930 0.279875 0.021547 0.037656
0 0.196336 0.305500 0.037859 0.053344
0 0.426852 0.383164 0.061734 0.043984
1 0.403430 0.314477 0.025734 0.048953
1 0.313703 0.363984 0.047906 0.076406
1 0.808266 0.469211 0.045281 0.074047
0 0.781680 0.567789 0.046984 0.132859
0 0.821531 0.555625 0.045031 0.133813
1 0.530695 0.580820 0.062766 0.070484
0 0.555383 0.675227 0.054172 0.056266
0 0.094492 0.544867 0.040203 0.082297
0 0.207406 0.531086 0.041187 0.133141
0 0.293852 0.496078 0.026141 0.108656
1 0.247422 0.522094 0.070750 0.098031
0 0.191289 0.716000 0.044984 0.177375
