1 0.885672 0.310359 0.044375 0.058594
2 0.178023 0.629773 0.078234 0.197953
2 0.213875 0.412234 0.107750 0.186781
0 0.219664 0.598328 0.035766 0.062531
2 0.278844 0.661031 0.113469 0.225344
2 0.093063 0.326898 0.073969 0.253297
2 0.608875 0.396266 0.092250 0.220062
2 0.783742 0.587305 0.121016 0.289391
2 0.905836 0.564117 0.161797 0.278016
2 0.859094 0.346422 0.098062 0.130906
2 0.616320 0.238602 0.053234 0.129703
2 0.646664 0.277414 0.066766 0.139859
0 0.831773 0.393836 0.042766 0.110766
0 0.668820 0.325625 0.016953 0.077406
0 0.865812 0.622008 0.080719 0.166078
0 0.718664 0.632406 0.108109 0.164500
0 0.587516 0.446805 0.051687 0.153328
0 0.321906 0.700094 0.023031 0.078406
0 0.193625 0.695438 0.070625 0.099469
0 0.207031 0.438586 0.091000 0.078453
0 0.251906 0.414969 0.024469 0.079625
0 0.091680 0.388813 0.048172 0.167687
1 0.653234 0.230969 0.026250 0.046719
1 0.631625 0.197797 0.022656 0.048594
1 0.810734 0.478398 0.058031 0.071016
1 0.937359 0.467789 0.073469 0.082859
1 0.615773 0.317812 0.043297 0.062969
1 0.285938 0.591180 0.065000 0.085453
1 0.185547 0.566719 0.054969 0.071156
1 0.195602 0.345828 0.041422 0.053125
1 0.100766 0.238383 0.048594 0.076984
