2 0.669477 0.204617 0.051141 0.135453
0 0.794562 0.395766 0.020563 0.098375
2 0.803023 0.302461 0.091828 0.184766
2 0.600414 0.431156 0.077266 0.128625
1 0.419867 0.297156 0.033641 0.058500
1 0.602055 0.391859 0.045828 0.047844
0 0.567984 0.468773 0.085719 0.052766
0 0.551469 0.444492 0.052187 0.053484
0 0.437133 0.392063 0.052109 0.065250
2 0.413539 0.346164 0.068609 0.157359
0 0.386000 0.371797 0.012031 0.037344
2 0.821156 0.376586 0.095438 0.198703
0 0.832594 0.416992 0.070781 0.117359
0 0.770398 0.330539 0.026891 0.126703
1 0.847336 0.304930 0.042516 0.054828
1 0.830594 0.239578 0.036406 0.057969
1 0.671609 0.160023 0.022500 0.046203
