1 0.121391 0.393594 0.062844 0.069687
0 0.051180 0.384406 0.038547 0.120156
0 0.011789 0.291984 0.023578 0.068344
0 0.075406 0.228328 0.053594 0.053156
1 0.018656 0.204164 0.035750 0.047547
1 0.083391 0.263891 0.043031 0.054406
2 0.832758 0.611797 0.119328 0.156844
2 0.476367 0.677719 0.097609 0.230531
2 0.582086 0.385375 0.041984 0.116437
2 0.342758 0.396227 0.089828 0.217859
1 0.005867 0.286375 0.011734 0.037969
0 0.239930 0.406875 0.070078 0.056875
0 0.245578 0.405945 0.034094 0.014453
1 0.207883 0.331266 0.042047 0.039531
2 0.209336 0.373086 0.054109 0.124078
2 0.653250 0.294805 0.063563 0.129859
0 0.651023 0.314859 0.050172 0.068594
0 0.661648 0.314891 0.045484 0.058969
1 0.660609 0.253125 0.027813 0.046875
0 0.594391 0.421664 0.049594 0.073234
0 0.807844 0.639852 0.068062 0.121859
0 0.838242 0.644984 0.107891 0.090656
1 0.850773 0.566828 0.056766 0.066688
1 0.588391 0.351102 0.029125 0.048266
1 0.336922 0.319500 0.040188 0.065344
0 0.379031 0.441523 0.019344 0.095703
0 0.318617 0.455414 0.041641 0.141984
2 0.620242 0.837055 0.147703 0.325891
0 0.692039 0.923742 0.084234 0.135672
1 0.635203 0.723211 0.063750 0.099828
0 0.530578 0.659531 0.061406 0.021719
0 0.535047 0.708930 0.092406 0.093703
1 0.473625 0.596453 0.074188 0.068375
2 0.030266 0.254867 0.060531 0.149016
2 0.020852 0.341125 0.041703 0.148813
0 0.016352 0.366773 0.032703 0.051047
2 0.082891 0.336539 0.102000 0.200672
0 0.119430 0.336023 0.025672 0.053484
2 0.149805 0.477750 0.120266 0.238563
0 0.172516 0.450500 0.036906 0.034125
0 0.179453 0.492742 0.059219 0.063109
0 0.555203 0.849922 0.017281 0.077844
