1 0.684625 0.179688 0.022656 0.038281
1 0.189148 0.584187 0.059234 0.073813
1 0.282008 0.588984 0.049859 0.076406
0 0.318562 0.692109 0.025906 0.109844
1 0.612648 0.204422 0.039609 0.042844
1 0.928781 0.296305 0.045187 0.055641
0 0.843680 0.361000 0.067328 0.126125
2 0.888141 0.345812 0.126406 0.155063
0 0.595664 0.287359 0.023203 0.089125
0 0.181273 0.720242 0.068359 0.143578
2 0.175203 0.642141 0.087656 0.190719
2 0.276219 0.652805 0.112812 0.205641
2 0.602508 0.257375 0.061297 0.149938
0 0.653305 0.249805 0.023578 0.092266
2 0.668898 0.219750 0.054641 0.119375
