1 0.659141 0.181859 0.022344 0.033125
2 0.362555 0.366102 0.074328 0.152172
0 0.626922 0.196313 0.035875 0.057063
2 0.617445 0.202031 0.054891 0.122188
2 0.648164 0.243859 0.050859 0.098219
2 0.655828 0.200227 0.034594 0.069953
0 0.972148 0.611219 0.055703 0.053875
2 0.835883 0.328484 0.107891 0.172094
1 0.345594 0.175289 0.015750 0.042672
2 0.350195 0.190828 0.026016 0.074594
0 0.853938 0.375937 0.055750 0.113437
0 0.962344 0.574750 0.052594 0.114562
2 0.980219 0.558352 0.039563 0.113203
1 0.868766 0.271250 0.041219 0.057500
0 0.794430 0.352078 0.041172 0.118031
0 0.647453 0.264695 0.049781 0.055609
1 0.653758 0.215492 0.027984 0.041516
1 0.367281 0.322227 0.045781 0.064609
0 0.362359 0.401984 0.073625 0.079469
1 0.619375 0.160859 0.026250 0.038594
