0 0.195594 0.386937 0.035812 0.101469
1 0.084750 0.359023 0.049156 0.069859
0 0.151352 0.461750 0.041109 0.130781
0 0.083539 0.501289 0.025297 0.126797
0 0.262188 0.423734 0.045406 0.100656
1 0.201680 0.361578 0.036891 0.057313
1 0.414117 0.445016 0.043266 0.078125
0 0.458484 0.464547 0.078156 0.118719
0 0.384922 0.541305 0.056719 0.095828
2 0.427398 0.520867 0.140953 0.229828
1 0.470414 0.399594 0.038922 0.063125
0 0.534242 0.490867 0.066391 0.101078
2 0.476117 0.469469 0.081047 0.203250
0 0.518883 0.384875 0.062391 0.049906
1 0.572133 0.331273 0.032891 0.040672
0 0.531820 0.370906 0.013141 0.009844
2 0.552883 0.359992 0.072047 0.098641
1 0.173781 0.296719 0.033438 0.040313
2 0.116156 0.432945 0.112000 0.217359
2 0.223516 0.402836 0.091875 0.139016
2 0.171563 0.325516 0.043125 0.097406
1 0.666750 0.949914 0.096469 0.100172
2 0.666734 0.949398 0.096062 0.101203
0 0.610953 0.918500 0.042500 0.056937
1 0.562484 0.870734 0.080125 0.113750
2 0.564086 0.900523 0.135547 0.174266
0 0.579094 0.262336 0.055344 0.054828
1 0.590437 0.195070 0.028594 0.044984
2 0.590484 0.230844 0.040906 0.117062
