1 0.371680 0.317133 0.040891 0.066984
0 0.068195 0.302008 0.017359 0.118453
0 0.107383 0.362203 0.013984 0.027750
2 0.087023 0.282547 0.054984 0.171156
1 0.082977 0.224164 0.033141 0.053547
1 0.672367 0.205063 0.027672 0.041437
1 0.660023 0.182781 0.021109 0.035625
1 0.813367 0.258500 0.045453 0.051094
1 0.777625 0.309055 0.055500 0.059391
0 0.761094 0.376773 0.075750 0.072391
0 0.655203 0.290531 0.021531 0.102375
0 0.368852 0.390859 0.075297 0.093594
2 0.645891 0.206648 0.048750 0.083578
2 0.665289 0.239234 0.042141 0.109969
2 0.806359 0.323227 0.059281 0.182609
0 0.796016 0.376953 0.036594 0.127344
2 0.764547 0.346562 0.082656 0.134375
2 0.368883 0.360250 0.075547 0.155125
