1 0.898273 0.470766 0.054016 0.070938
1 0.678703 0.531047 0.063844 0.064687
0 0.626500 0.639281 0.085438 0.076750
0 0.317258 0.696547 0.026891 0.107531
2 0.738047 0.283914 0.069687 0.181266
2 0.276820 0.661031 0.108953 0.209812
2 0.190945 0.620336 0.101047 0.204953
2 0.837187 0.300109 0.082500 0.169469
1 0.211742 0.556352 0.050641 0.077922
0 0.214055 0.635508 0.054391 0.100547
1 0.754852 0.219328 0.031891 0.051562
0 0.761266 0.332039 0.023469 0.111453
0 0.825016 0.301617 0.056594 0.076141
1 0.856312 0.244242 0.034531 0.056828
0 0.743602 0.233648 0.058766 0.047172
1 0.287328 0.595031 0.050406 0.077375
2 0.663172 0.587359 0.105156 0.181406
2 0.864602 0.542141 0.138578 0.214781
0 0.911898 0.632641 0.033641 0.133844
