1 0.692789 0.247031 0.038016 0.049688
0 0.550305 0.293516 0.017797 0.112812
2 0.950242 0.562547 0.099516 0.306156
0 0.592437 0.284758 0.021750 0.095828
0 0.670234 0.320156 0.026406 0.088344
0 0.685734 0.346781 0.054469 0.099469
0 0.564445 0.455125 0.022672 0.082625
0 0.525719 0.516359 0.055406 0.139000
0 0.721445 0.253289 0.019391 0.056391
2 0.281328 0.658211 0.125469 0.234703
2 0.570891 0.255672 0.061562 0.148062
2 0.712688 0.248516 0.040219 0.144500
2 0.688023 0.292977 0.062891 0.142266
2 0.536328 0.445219 0.078281 0.143000
1 0.705594 0.200617 0.025875 0.046641
0 0.901563 0.562508 0.030406 0.134359
0 0.919578 0.618430 0.160844 0.149328
0 0.315547 0.714328 0.084875 0.083594
1 0.538852 0.403656 0.032703 0.059125
1 0.942914 0.459187 0.067391 0.097875
1 0.569547 0.203516 0.026094 0.042031
1 0.255570 0.584172 0.069016 0.081656
0 0.316844 0.672195 0.085531 0.034984
