1 0.550406 0.335492 0.027187 0.042141
1 0.551953 0.280539 0.028281 0.047984
0 0.397984 0.652609 0.034375 0.077687
2 0.470469 0.661641 0.180063 0.243281
2 0.269227 0.598500 0.145859 0.279563
1 0.419609 0.295633 0.030531 0.052484
1 0.299258 0.250375 0.031734 0.050937
1 0.231852 0.357422 0.033297 0.049219
1 0.178258 0.450320 0.069203 0.076234
2 0.537836 0.373516 0.069016 0.118281
2 0.552906 0.304664 0.069344 0.097859
0 0.554305 0.325078 0.061578 0.057031
0 0.529219 0.319688 0.021406 0.041875
2 0.299930 0.295195 0.045359 0.141266
2 0.238078 0.401406 0.073875 0.137188
2 0.426359 0.344688 0.066625 0.150438
0 0.369109 0.377242 0.020812 0.039203
0 0.196602 0.549281 0.050547 0.057031
2 0.648547 0.316328 0.056375 0.152281
2 0.190313 0.540344 0.095406 0.257312
0 0.328336 0.307937 0.023141 0.025937
0 0.453641 0.371422 0.011406 0.079906
0 0.208383 0.619281 0.025203 0.088469
0 0.224008 0.437070 0.043891 0.065234
0 0.263789 0.423078 0.022266 0.078906
0 0.314859 0.315859 0.062906 0.057969
0 0.519648 0.385641 0.032203 0.043750
1 0.652195 0.262133 0.030609 0.043797
1 0.256953 0.505797 0.069219 0.095281
0 0.321797 0.632906 0.041156 0.110812
0 0.530734 0.657219 0.060750 0.080594
1 0.474820 0.574664 0.053484 0.069422
