0 0.526812 0.369781 0.079219 0.068563
2 0.624750 0.263812 0.050375 0.115281
2 0.110156 0.527008 0.116906 0.253484
2 0.504477 0.336289 0.045016 0.138703
2 0.205148 0.335984 0.030484 0.039375
0 0.257102 0.418359 0.035953 0.019688
2 0.200102 0.401234 0.104828 0.230969
1 0.205102 0.335938 0.030484 0.039375
2 0.858453 0.601828 0.107250 0.181656
0 0.881687 0.629672 0.060562 0.125344
0 0.828922 0.594383 0.047969 0.079453
1 0.881078 0.550039 0.058063 0.078203
2 0.510883 0.673992 0.137766 0.200453
0 0.469766 0.691094 0.065469 0.086562
0 0.563055 0.681484 0.033672 0.108375
1 0.081117 0.435445 0.058828 0.072359
0 0.171836 0.586922 0.059328 0.189594
0 0.244398 0.432633 0.018734 0.105984
0 0.212680 0.455055 0.080297 0.122703
1 0.168500 0.320234 0.042063 0.068406
1 0.509086 0.295687 0.028297 0.056875
0 0.638188 0.278266 0.022844 0.057531
1 0.627727 0.225086 0.025453 0.037672
1 0.545125 0.619141 0.050906 0.090031
