0 0.693875 0.208711 0.015125 0.052797
1 0.681992 0.153188 0.022203 0.035156
2 0.680977 0.185648 0.040484 0.099328
2 0.744930 0.228953 0.061766 0.121094
0 0.722156 0.237984 0.016406 0.026094
0 0.762930 0.271484 0.025578 0.092656
2 0.602344 0.241625 0.049219 0.138063
0 0.621656 0.275602 0.011281 0.062453
1 0.598930 0.194727 0.022672 0.044047
0 0.570305 0.279711 0.022172 0.089609
2 0.859414 0.377156 0.097328 0.243125
1 0.878313 0.290641 0.042500 0.068719
0 0.818000 0.407078 0.014625 0.073437
0 0.892281 0.434766 0.030687 0.154844
1 0.754883 0.187055 0.029391 0.037172
