1 0.602039 0.390641 0.048109 0.045625
2 0.976219 0.545680 0.047563 0.187391
2 0.853477 0.307203 0.104766 0.136844
2 0.757641 0.820789 0.190531 0.309672
2 0.601305 0.430820 0.067516 0.132078
0 0.823031 0.929242 0.056687 0.091516
0 0.685133 0.827875 0.045359 0.092062
1 0.801359 0.709969 0.075313 0.089625
0 0.975922 0.523977 0.048156 0.103672
0 0.876586 0.350398 0.041922 0.100734
1 0.886437 0.266156 0.038344 0.055187
0 0.806266 0.271875 0.067813 0.052187
0 0.548539 0.448219 0.056891 0.051875
0 0.566500 0.466359 0.093812 0.060094
