0 0.109227 0.433750 0.036109 0.104156
1 0.282758 0.451344 0.061703 0.077813
1 0.040477 0.326789 0.050984 0.060203
1 0.170406 0.302187 0.041781 0.045188
1 0.249781 0.284734 0.040312 0.058750
0 0.543617 0.389203 0.077609 0.036188
2 0.834367 0.885180 0.212828 0.229641
1 0.891820 0.830969 0.096297 0.122313
0 0.753672 0.957125 0.050750 0.085750
2 0.272289 0.558258 0.146141 0.291297
2 0.354281 0.405156 0.065781 0.215625
0 0.377805 0.346703 0.018297 0.049344
2 0.054914 0.406852 0.109828 0.219953
2 0.171109 0.334906 0.058344 0.112094
0 0.207656 0.360703 0.034219 0.023594
2 0.273500 0.337945 0.087219 0.164422
0 0.565742 0.368563 0.008922 0.030313
2 0.572648 0.381188 0.047797 0.114500
2 0.468961 0.392969 0.076516 0.174969
2 0.560945 0.237156 0.051016 0.092250
0 0.567156 0.481719 0.035687 0.097500
2 0.599539 0.427609 0.101578 0.210094
0 0.282086 0.376883 0.028828 0.085891
0 0.191523 0.366258 0.068609 0.049672
0 0.214781 0.624812 0.032000 0.176594
0 0.317461 0.600688 0.056078 0.151969
0 0.349906 0.448992 0.032531 0.126703
0 0.494328 0.425336 0.024500 0.085953
0 0.530008 0.270984 0.027859 0.087781
0 0.569086 0.250969 0.035172 0.064000
1 0.564711 0.212383 0.026172 0.042359
1 0.581391 0.346969 0.030156 0.046094
1 0.609602 0.351102 0.035672 0.054641
1 0.458883 0.338031 0.035172 0.064562
1 0.346805 0.325508 0.051078 0.052266
