0 0.581063 0.642734 0.063906 0.034125
0 0.623336 0.703742 0.149641 0.059422
0 0.257195 0.932336 0.048109 0.135328
0 0.392125 0.878977 0.058594 0.161359
0 0.818172 0.634648 0.078937 0.128828
0 0.413734 0.376641 0.035875 0.069156
0 0.637195 0.293016 0.017672 0.055656
1 0.405305 0.317109 0.029078 0.049781
0 0.367266 0.380141 0.028563 0.068875
1 0.622984 0.229703 0.030938 0.043750
0 0.846578 0.630414 0.087156 0.069984
1 0.843016 0.560742 0.070312 0.072578
2 0.525633 0.669336 0.111516 0.192141
2 0.392023 0.359867 0.078766 0.137047
2 0.835836 0.612625 0.114391 0.177687
2 0.326797 0.850961 0.188188 0.298078
2 0.621680 0.263867 0.046859 0.114328
1 0.306789 0.755055 0.081109 0.105828
1 0.552625 0.612398 0.050125 0.078953
