0 0.384969 0.319148 0.046469 0.052297
2 0.313375 0.318523 0.059563 0.180391
2 0.244195 0.431617 0.081578 0.227016
2 0.646430 0.311031 0.053703 0.175437
2 0.509281 0.428555 0.076688 0.236328
2 0.467461 0.236516 0.049953 0.116531
2 0.837180 0.617148 0.116922 0.194484
2 0.498281 0.662320 0.117469 0.237859
0 0.482023 0.259055 0.020203 0.068828
1 0.307094 0.256977 0.036750 0.057297
0 0.328633 0.338391 0.088266 0.073156
0 0.354492 0.325953 0.035953 0.049531
0 0.248789 0.489539 0.072109 0.127328
1 0.230344 0.353117 0.053344 0.070641
2 0.037055 0.377984 0.074109 0.205250
0 0.046875 0.404602 0.046875 0.125297
1 0.009383 0.301539 0.018766 0.053234
0 0.455875 0.260070 0.025969 0.068578
1 0.461688 0.196641 0.020938 0.037500
1 0.526969 0.346000 0.041938 0.070062
0 0.501453 0.485680 0.031438 0.134047
1 0.504523 0.575922 0.049578 0.065781
0 0.543000 0.624633 0.035312 0.140766
0 0.548180 0.642250 0.046203 0.034438
0 0.643953 0.326109 0.032625 0.076344
0 0.667063 0.303102 0.012344 0.039109
1 0.578742 0.337961 0.036328 0.042891
0 0.539680 0.388477 0.035578 0.041297
2 0.559422 0.376813 0.074781 0.119781
1 0.861898 0.552516 0.066422 0.065781
0 0.801125 0.622273 0.045469 0.081297
0 0.827391 0.670367 0.116625 0.088641
1 0.633750 0.250742 0.028281 0.051422
1 0.367031 0.261328 0.016344 0.045000
2 0.360594 0.292102 0.033781 0.105734
