2 0.436562 0.248016 0.037000 0.101719
1 0.433008 0.219594 0.030141 0.044969
1 0.463852 0.212758 0.034547 0.049484
1 0.622867 0.257844 0.030641 0.054313
1 0.832727 0.370891 0.048891 0.088844
1 0.877711 0.297898 0.051734 0.055766
0 0.492789 0.295125 0.014609 0.089187
0 0.472617 0.300250 0.046891 0.100437
0 0.629766 0.331164 0.042875 0.062984
0 0.582359 0.339273 0.026625 0.111453
2 0.612352 0.301812 0.078766 0.142563
0 0.414484 0.277055 0.045531 0.069703
0 0.767461 0.510867 0.046516 0.172016
0 0.836297 0.505703 0.033125 0.114031
0 0.867859 0.406141 0.015313 0.037969
2 0.853773 0.358484 0.099484 0.177406
2 0.800328 0.450297 0.112125 0.249406
2 0.474602 0.269383 0.050609 0.162203
