0 0.521977 0.364414 0.044859 0.014922
1 0.171305 0.469945 0.059859 0.090422
0 0.261039 0.605813 0.034016 0.113688
0 0.141109 0.629937 0.042156 0.099875
2 0.199367 0.568727 0.158484 0.287547
1 0.082086 0.383141 0.057547 0.071750
1 0.004508 0.320937 0.009016 0.059219
0 0.031820 0.368383 0.063641 0.078953
2 0.031922 0.396828 0.063844 0.210219
0 0.147281 0.527031 0.019000 0.018625
0 0.089430 0.530734 0.068797 0.143531
1 0.166313 0.297984 0.044219 0.041094
0 0.206977 0.361937 0.033766 0.025313
0 0.190805 0.366828 0.071734 0.055406
1 0.437484 0.414789 0.040344 0.070297
0 0.452016 0.537523 0.036156 0.104953
1 0.554203 0.860594 0.078438 0.105625
0 0.623578 0.931039 0.059531 0.137922
0 0.608398 0.867281 0.028359 0.043344
0 0.548578 0.462883 0.059656 0.103297
0 0.487703 0.393875 0.078438 0.058812
1 0.560063 0.387383 0.061438 0.057578
1 0.557055 0.331602 0.032828 0.045234
1 0.445937 0.310648 0.045469 0.051516
0 0.462844 0.429289 0.028406 0.090484
2 0.438930 0.361641 0.059984 0.153156
2 0.426586 0.485125 0.086297 0.209625
0 0.391594 0.519195 0.014875 0.087609
2 0.098047 0.475500 0.093500 0.256812
2 0.171344 0.336117 0.056875 0.116516
2 0.549383 0.445078 0.083203 0.174219
2 0.557063 0.339547 0.033250 0.060906
1 0.549867 0.184492 0.027359 0.043297
0 0.556383 0.249203 0.042391 0.049375
0 0.527977 0.262477 0.023078 0.075422
2 0.553086 0.218492 0.050391 0.111766
2 0.575273 0.903906 0.157547 0.192188
