1 0.907172 0.365516 0.044063 0.057094
0 0.855453 0.384406 0.046469 0.051313
0 0.684352 0.317945 0.011109 0.098484
0 0.634555 0.330937 0.029172 0.115312
0 0.457531 0.404195 0.036125 0.133109
0 0.528727 0.296156 0.020328 0.116125
0 0.584289 0.286055 0.015016 0.115953
0 0.420297 0.316219 0.026219 0.062000
0 0.764219 0.813266 0.050844 0.046906
0 0.825781 0.905391 0.177188 0.112656
2 0.826758 0.805562 0.183891 0.314969
2 0.272383 0.655969 0.118953 0.214312
2 0.140828 0.654523 0.105344 0.181266
0 0.679945 0.597594 0.065109 0.124750
0 0.715844 0.580031 0.098344 0.035563
1 0.834516 0.722086 0.099500 0.147703
2 0.654617 0.288195 0.070141 0.166859
2 0.555516 0.255680 0.073375 0.159703
2 0.433906 0.306211 0.054406 0.173203
1 0.123883 0.605320 0.067141 0.082172
2 0.706039 0.602547 0.118641 0.222531
2 0.879539 0.391625 0.101109 0.109719
2 0.814539 0.362656 0.098141 0.195938
0 0.111836 0.572211 0.079141 0.042109
0 0.132992 0.659266 0.109109 0.095844
1 0.262078 0.588281 0.060250 0.077812
0 0.318687 0.678289 0.025656 0.067297
1 0.454055 0.277500 0.047484 0.060312
1 0.444391 0.241500 0.032969 0.042969
1 0.561945 0.202055 0.027047 0.052766
1 0.729883 0.527367 0.053484 0.072141
2 0.451500 0.348313 0.053594 0.201344
0 0.478922 0.380766 0.013594 0.040156
1 0.663984 0.232828 0.032625 0.055219
1 0.840898 0.295211 0.045172 0.060516
0 0.816992 0.418930 0.036672 0.143734
