0 0.500867 0.641437 0.052891 0.045062
0 0.314508 0.411492 0.045922 0.101172
0 0.518266 0.381234 0.038281 0.039531
1 0.554383 0.335484 0.027203 0.040313
0 0.552656 0.325445 0.064719 0.049297
0 0.530648 0.316437 0.028891 0.056906
1 0.554750 0.268703 0.029375 0.046406
0 0.648578 0.310789 0.042594 0.080328
1 0.627297 0.238602 0.028781 0.048953
2 0.641289 0.285148 0.056484 0.141172
2 0.550719 0.297766 0.068687 0.104500
2 0.533492 0.372805 0.069297 0.115641
0 0.816586 0.431156 0.075984 0.086531
0 0.913930 0.491820 0.079578 0.080734
0 0.517625 0.698695 0.081844 0.101703
2 0.866633 0.482258 0.176828 0.202672
1 0.161398 0.302875 0.032516 0.043750
0 0.180383 0.360531 0.045797 0.045938
1 0.880906 0.417219 0.046063 0.073812
1 0.336844 0.298562 0.038437 0.055937
0 0.384938 0.377297 0.022625 0.056156
2 0.023734 0.380367 0.047469 0.125328
0 0.025133 0.376352 0.044953 0.117391
2 0.174422 0.332836 0.058594 0.104016
0 0.303344 0.260562 0.009656 0.076531
2 0.321641 0.233086 0.046500 0.139703
1 0.327797 0.186641 0.033813 0.046469
0 0.363281 0.331125 0.027656 0.020156
2 0.312953 0.325367 0.078625 0.149641
1 0.335359 0.268172 0.033438 0.035250
2 0.341477 0.372133 0.100109 0.203891
2 0.458211 0.675687 0.106953 0.210281
1 0.449086 0.605727 0.061328 0.068328
