2 0.428430 0.325844 0.065828 0.212375
1 0.033109 0.272516 0.038969 0.057844
0 0.083086 0.375273 0.031953 0.110391
0 0.060703 0.401953 0.042594 0.120469
0 0.276109 0.447430 0.056312 0.121734
0 0.351187 0.325297 0.052969 0.055656
1 0.256734 0.323750 0.048094 0.061250
1 0.331125 0.256516 0.040312 0.053344
1 0.356711 0.252539 0.027109 0.044297
1 0.429203 0.249484 0.032531 0.059156
0 0.470750 0.248375 0.039219 0.054531
0 0.451531 0.245953 0.016406 0.055938
0 0.519023 0.399875 0.065203 0.053375
0 0.446375 0.345773 0.029469 0.088141
0 0.624266 0.297977 0.050125 0.061953
1 0.613984 0.233297 0.031406 0.042656
2 0.622117 0.284187 0.054891 0.143187
1 0.567937 0.342977 0.034219 0.042797
0 0.563570 0.645250 0.058766 0.032813
1 0.509437 0.604234 0.078750 0.071656
0 0.602273 0.722570 0.137703 0.078609
1 0.863414 0.577227 0.052609 0.079547
0 0.845492 0.675656 0.110172 0.084625
2 0.500133 0.679602 0.129484 0.222328
2 0.323695 0.319406 0.057078 0.178344
2 0.355742 0.277531 0.044422 0.095250
2 0.553594 0.374109 0.063687 0.104844
1 0.463344 0.195125 0.020156 0.036750
2 0.468336 0.239453 0.050516 0.126094
2 0.041055 0.405242 0.082109 0.151984
2 0.041516 0.327164 0.083031 0.166484
2 0.262195 0.401109 0.069984 0.214656
2 0.845367 0.627859 0.110609 0.180219
