2 0.748570 0.298445 0.084328 0.174109
0 0.481898 0.264789 0.045297 0.053359
1 0.483727 0.200945 0.025484 0.040953
1 0.459664 0.201875 0.033297 0.041875
0 0.430133 0.221328 0.018609 0.044219
0 0.728547 0.331477 0.044250 0.090359
1 0.773438 0.240625 0.034062 0.058281
1 0.894531 0.289758 0.043437 0.057359
1 0.907500 0.296156 0.036562 0.057031
0 0.882883 0.412367 0.041234 0.148703
0 0.813648 0.385297 0.032578 0.131656
0 0.908555 0.357945 0.013609 0.060391
2 0.907633 0.327781 0.037266 0.120281
2 0.857445 0.368070 0.118328 0.214234
2 0.546672 0.253391 0.061406 0.157281
2 0.481867 0.239258 0.045391 0.117172
2 0.448750 0.257672 0.055312 0.154031
0 0.441516 0.291695 0.028344 0.085984
0 0.525242 0.253500 0.018297 0.053125
0 0.571445 0.286414 0.011516 0.090828
1 0.551969 0.196953 0.026250 0.045000
