0 0.635078 0.320297 0.050469 0.061281
0 0.626109 0.321188 0.030938 0.058594
2 0.820969 0.605227 0.124094 0.171734
2 0.458859 0.672281 0.094906 0.227844
2 0.341578 0.451562 0.072719 0.237187
2 0.297375 0.497281 0.145187 0.300313
2 0.225359 0.486680 0.072937 0.264766
2 0.120406 0.384484 0.096813 0.223969
1 0.318391 0.200281 0.038437 0.040000
0 0.337305 0.274141 0.025172 0.061406
0 0.023367 0.365945 0.046734 0.126328
2 0.023781 0.371563 0.047563 0.138500
2 0.324539 0.242664 0.053047 0.125547
1 0.562945 0.337703 0.026578 0.034219
2 0.554984 0.359398 0.042656 0.077484
0 0.368000 0.486016 0.026625 0.134219
1 0.625523 0.263000 0.029859 0.055250
1 0.790805 0.557047 0.055422 0.073406
0 0.502953 0.728891 0.080906 0.098781
0 0.513836 0.647844 0.057984 0.052031
1 0.456789 0.593305 0.068734 0.069828
1 0.327672 0.372844 0.045500 0.080594
1 0.297547 0.384328 0.046219 0.075031
1 0.234219 0.392898 0.056000 0.076703
0 0.241477 0.545117 0.034422 0.160359
0 0.356078 0.505867 0.052812 0.091078
0 0.089797 0.451141 0.035875 0.151563
0 0.153281 0.402875 0.026937 0.127031
1 0.103352 0.307375 0.045391 0.069313
0 0.833687 0.634195 0.097844 0.071922
2 0.637117 0.317297 0.054516 0.162906
