1 0.622000 0.220828 0.028375 0.045219
0 0.637555 0.277875 0.020266 0.058875
1 0.607352 0.285805 0.035578 0.066516
0 0.582766 0.417609 0.025531 0.130812
1 0.802570 0.431336 0.059297 0.068484
0 0.524687 0.668906 0.046656 0.056906
2 0.623953 0.266344 0.047656 0.135781
1 0.472664 0.583797 0.060859 0.066062
2 0.210258 0.376766 0.065109 0.123656
1 0.636766 0.954148 0.098906 0.091703
2 0.637031 0.953906 0.098437 0.092188
0 0.757133 0.513875 0.028234 0.030719
0 0.784141 0.551547 0.092031 0.109094
0 0.491133 0.744102 0.075234 0.129609
2 0.594930 0.358930 0.060953 0.213578
2 0.477531 0.679594 0.102125 0.258625
2 0.798664 0.508898 0.075109 0.225734
1 0.203164 0.337258 0.034547 0.043922
0 0.234289 0.409609 0.057672 0.057031
