2 0.855859 0.324094 0.133156 0.142281
2 0.585500 0.217820 0.050281 0.144734
0 0.584609 0.241859 0.037031 0.062688
2 0.665906 0.587375 0.109781 0.192594
0 0.623617 0.601687 0.024328 0.072875
0 0.902867 0.516156 0.033078 0.097625
0 0.941461 0.538406 0.077734 0.076312
2 0.277445 0.675633 0.118516 0.254328
0 0.316766 0.699656 0.030094 0.119312
2 0.174555 0.639906 0.083953 0.195500
1 0.185883 0.582484 0.061234 0.079375
0 0.180125 0.720867 0.071625 0.150766
1 0.276133 0.589938 0.053172 0.081312
1 0.596758 0.170594 0.027266 0.049531
1 0.890875 0.281562 0.040000 0.057031
0 0.896687 0.290602 0.049781 0.056484
0 0.812508 0.349359 0.045641 0.124875
1 0.951523 0.455141 0.035953 0.062031
0 0.706633 0.592039 0.027609 0.061703
1 0.671758 0.524695 0.054078 0.066516
2 0.935477 0.500242 0.098828 0.152609
