0 0.806047 0.614687 0.060719 0.093250
1 0.587938 0.216062 0.021250 0.042031
2 0.450063 0.698414 0.117438 0.231922
2 0.853398 0.615969 0.131672 0.166625
2 0.592289 0.248414 0.053484 0.107891
2 0.545984 0.379328 0.050312 0.119281
2 0.686562 0.387375 0.102500 0.207750
1 0.013547 0.210859 0.027094 0.053469
0 0.061414 0.226578 0.075203 0.051844
1 0.195086 0.332070 0.040047 0.039766
2 0.026852 0.264461 0.053422 0.162578
2 0.210383 0.368891 0.069547 0.114406
0 0.235211 0.408789 0.018266 0.035609
1 0.191164 0.383070 0.053266 0.072516
0 0.212047 0.540008 0.032281 0.168703
2 0.212438 0.466383 0.096969 0.241609
0 0.587836 0.269875 0.043203 0.062906
0 0.870891 0.648516 0.094125 0.101938
1 0.866773 0.565453 0.067672 0.067656
1 0.712539 0.323656 0.046672 0.078438
0 0.654234 0.393852 0.016469 0.086641
1 0.435742 0.619898 0.069391 0.074234
0 0.494969 0.708555 0.090375 0.111328
0 0.497234 0.658687 0.060937 0.058750
0 0.549164 0.341305 0.027203 0.043078
0 0.515695 0.387320 0.040172 0.048953
0 0.518969 0.370500 0.023281 0.010937
0 0.597961 0.256672 0.040328 0.063281
