1 0.594297 0.346625 0.029687 0.043906
1 0.059562 0.277914 0.046219 0.049609
1 0.065047 0.230633 0.036094 0.044984
0 0.084461 0.390148 0.060984 0.126547
0 0.234367 0.402406 0.064641 0.123500
1 0.192430 0.375383 0.050766 0.065516
1 0.168016 0.297266 0.036406 0.040000
2 0.212133 0.451187 0.107797 0.217313
2 0.171773 0.323492 0.044109 0.094109
0 0.250961 0.438859 0.076797 0.073219
2 0.234016 0.409602 0.064156 0.132453
0 0.105352 0.362727 0.037797 0.064766
0 0.401984 0.293383 0.052094 0.090109
0 0.458875 0.398898 0.023656 0.100922
1 0.433609 0.446219 0.052031 0.073562
1 0.418539 0.278188 0.033922 0.052500
0 0.295641 0.261844 0.021906 0.077500
0 0.334594 0.255109 0.018406 0.082625
1 0.306195 0.185352 0.027797 0.046172
0 0.677797 0.473430 0.061594 0.140297
1 0.633281 0.361187 0.043406 0.070875
0 0.565328 0.416852 0.057687 0.067047
0 0.548648 0.383938 0.063609 0.036719
0 0.613344 0.309172 0.019375 0.068844
0 0.490148 0.558430 0.065891 0.103328
1 0.596039 0.238219 0.026734 0.043281
2 0.593766 0.288883 0.059219 0.143922
2 0.584289 0.381875 0.049766 0.114531
2 0.642633 0.426945 0.074328 0.202797
2 0.075547 0.350398 0.078375 0.195578
2 0.077039 0.293563 0.060141 0.170906
2 0.307844 0.227445 0.046094 0.130422
2 0.423305 0.358648 0.095203 0.213297
2 0.429523 0.540742 0.105672 0.261891
