2 0.062102 0.339586 0.076359 0.184578
1 0.585461 0.345969 0.032328 0.041719
2 0.585383 0.345656 0.032484 0.041719
1 0.015820 0.231594 0.031641 0.051719
1 0.046234 0.273062 0.043844 0.049187
0 0.018055 0.347391 0.036109 0.123125
2 0.427953 0.361758 0.086219 0.219609
2 0.523711 0.449773 0.076078 0.201859
2 0.571969 0.414891 0.079813 0.184594
2 0.621820 0.280906 0.047203 0.141906
1 0.623625 0.229867 0.034062 0.040297
0 0.616867 0.307836 0.023078 0.069734
1 0.217602 0.325844 0.044891 0.063625
0 0.224312 0.358891 0.060438 0.081438
0 0.187172 0.324383 0.024312 0.061891
0 0.070453 0.383211 0.060813 0.123891
0 0.327703 0.262406 0.023031 0.100594
1 0.338063 0.174375 0.025406 0.044281
1 0.419422 0.276938 0.033406 0.048937
0 0.458445 0.406609 0.025016 0.130094
0 0.396766 0.304750 0.025219 0.064969
0 0.366687 0.243219 0.015000 0.080125
2 0.341477 0.228641 0.050453 0.152875
1 0.517594 0.380438 0.061562 0.062969
0 0.550211 0.464797 0.067078 0.076031
0 0.596711 0.414086 0.030859 0.064609
1 0.551734 0.355063 0.038906 0.065875
2 0.216852 0.388859 0.089328 0.191656
1 0.162492 0.296398 0.036953 0.040516
2 0.163016 0.322016 0.037594 0.092594
2 0.018281 0.303664 0.036562 0.196203
